Zini,MH,logAge,Mini,int_IMF,Mass,LogL,LogTe,logg,label,McoreTP,C_O,period0,period1,period2,period3,period4,pmode,Mloss,tau1m,X,Y,Xc,Xn,Xo,Cexcess,Z,mbolmag,Gmag,G_BPmag,G_RPmag
0.0152,0.01508,8.0,0.0900000036,1.0816895926,0.09,-2.755,3.4013,4.705,0.0,0.0,0.545,0.0,0.0,0.0,0.0,0.0,-1.0,-3.31e-16,0.0,0.7092,0.2755,0.002746,0.0007408,0.006719,-1.0,0.01527,11.658,13.705,16.472,12.229
0.0152,0.01508,8.0,0.0900000036,1.0816895926,0.09,-2.755,3.4013,4.705,0.0,0.0,0.545,0.0,0.0,0.0,0.0,0.0,-1.0,-3.31e-16,0.0,0.7092,0.2755,0.002746,0.0007408,0.006719,-1.0,0.01527,11.658,13.705,16.472,12.229
0.0152,0.01508,8.0,0.0931724757,1.1114023654,0.093,-2.73,3.4048,4.708,0.0,0.0,0.545,0.0,0.0,0.0,0.0,0.0,-1.0,-3.44e-16,0.0,0.7092,0.2755,0.002746,0.0007408,0.006719,-1.0,0.01527,11.594,13.642,16.41,12.165
0.0152,0.01508,8.0,0.1000000015,1.1711064122,0.1,-2.675,3.4126,4.715,0.0,0.0,0.545,0.0,0.0,0.0,0.0,0.0,-1.0,-3.73e-16,0.0,0.7092,0.2755,0.002746,0.0007408,0.006719,-1.0,0.01527,11.457,13.504,16.274,12.028
0.0152,0.01508,8.0,0.1009421945,1.1789290074,0.101,-2.668,3.4135,4.716,0.0,0.0,0.545,0.0,0.0,0.0,0.0,0.0,-1.0,-3.77e-16,0.0,0.7092,0.2755,0.002746,0.0007408,0.006719,-1.0,0.01527,11.44,13.488,16.258,12.011
0.0152,0.01508,8.0,0.1116046831,1.2613260144,0.112,-2.593,3.4232,4.724,0.0,0.0,0.545,0.0,0.0,0.0,0.0,0.0,-1.0,-4.22e-16,0.0,0.7092,0.2755,0.002746,0.0007408,0.006719,-1.0,0.01527,11.254,13.216,15.878,11.759
0.0152,0.01508,8.0,0.1200000122,1.3193155232,0.12,-2.538,3.431,4.731,0.0,0.0,0.545,0.0,0.0,0.0,0.0,0.0,-1.0,-4.58e-16,0.0,0.7092,0.2755,0.002746,0.0007408,0.006719,-1.0,0.01527,11.116,12.964,15.483,11.533
0.0152,0.01508,8.0,0.1400000006,1.4384526719,0.14,-2.432,3.4434,4.741,0.0,0.0,0.545,0.0,0.0,0.0,0.0,0.0,-1.0,-5.36e-16,0.0,0.7092,0.2755,0.002746,0.0007408,0.006719,-1.0,0.01527,10.849,12.537,14.864,11.144
0.0152,0.01508,8.0,0.1422029436,1.45021478,0.142,-2.421,3.4447,4.742,0.0,0.0,0.545,0.0,0.0,0.0,0.0,0.0,-1.0,-5.44e-16,0.0,0.7092,0.2755,0.002746,0.0007408,0.006719,-1.0,0.01527,10.822,12.494,14.802,11.105
0.0152,0.01508,8.0,0.1599999964,1.5372931554,0.16,-2.338,3.4543,4.75,0.0,0.0,0.545,0.0,0.0,0.0,0.0,0.0,-1.0,-6.16e-16,0.0,0.7092,0.2755,0.002746,0.0007408,0.006719,-1.0,0.01527,10.616,12.167,14.325,10.809
0.0152,0.01508,8.0,0.200000003,1.6938790862,0.2,-2.186,3.4712,4.761,0.0,0.0,0.545,0.0,0.0,0.0,0.0,0.0,-1.0,-7.72e-16,0.0,0.7092,0.2755,0.002746,0.0007408,0.006719,-1.0,0.01527,10.234,11.588,13.5,10.284
0.0152,0.01508,8.0,0.2232984602,1.7674221546,0.223,-2.112,3.4788,4.766,0.0,0.0,0.545,0.0,0.0,0.0,0.0,0.0,-1.0,-8.62e-16,0.0,0.7092,0.2755,0.002746,0.0007408,0.006719,-1.0,0.01527,10.049,11.32,13.131,10.041
0.0152,0.01508,8.0,0.25,1.8403257998,0.25,-2.035,3.4867,4.77,0.0,0.0,0.545,0.0,0.0,0.0,0.0,0.0,-1.0,-9.68e-16,0.0,0.7092,0.2755,0.002746,0.0007408,0.006719,-1.0,0.01527,9.858,11.043,12.748,9.792
0.0152,0.01508,8.0,0.2923928499,1.9374235168,0.292,-1.928,3.4967,4.771,0.0,0.0,0.545,0.0,0.0,0.0,0.0,0.0,-1.0,-1.14e-15,0.0,0.7092,0.2755,0.002746,0.0007408,0.006719,-1.0,0.01527,9.59,10.68,12.27,9.461
0.0152,0.01508,8.0,0.3000000119,1.9529139769,0.3,-1.91,3.4984,4.771,0.0,0.0,0.545,0.0,0.0,0.0,0.0,0.0,-1.0,-1.18e-15,0.0,0.7092,0.2755,0.002746,0.0007408,0.006719,-1.0,0.01527,9.546,10.621,12.194,9.407
0.0152,0.01508,8.0,0.3500000238,2.0434175133,0.35,-1.796,3.5087,4.765,0.0,0.0,0.545,0.0,0.0,0.0,0.0,0.0,-1.0,-1.43e-15,0.0,0.7092,0.2755,0.002746,0.0007408,0.006719,-1.0,0.01527,9.26,10.25,11.724,9.067
0.0152,0.01508,8.0,0.4000000358,2.118502481,0.4,-1.681,3.5194,4.75,0.0,0.0,0.545,0.0,0.0,0.0,0.0,0.0,-1.0,-1.77e-15,0.0,0.7092,0.2755,0.002746,0.0007408,0.006719,-1.0,0.01527,8.972,9.879,11.259,8.727
0.0152,0.01508,8.0,0.4500000477,2.1822809714,0.45,-1.558,3.5314,4.727,0.0,0.0,0.545,0.0,0.0,0.0,0.0,0.0,-1.0,-2.26e-15,0.0,0.7092,0.2755,0.002746,0.0007408,0.006719,-1.0,0.01527,8.666,9.488,10.773,8.371
0.0152,0.01508,8.0,0.5,2.2374541529,0.5,-1.421,3.5474,4.699,0.0,0.0,0.545,0.0,0.0,0.0,0.0,0.0,-1.0,-3.02e-15,0.0,0.7092,0.2755,0.002746,0.0007408,0.006719,-1.0,0.01527,8.322,9.041,10.216,7.969
0.0152,0.01508,8.0,0.5251336098,2.2619441549,0.525,-1.332,3.5602,4.683,0.0,0.0,0.545,0.0,0.0,0.0,0.0,0.0,-1.0,-3.68e-15,0.0,0.7092,0.2755,0.002746,0.0007407,0.006718,-1.0,0.01527,8.099,8.738,9.831,7.702
0.0152,0.01508,8.0,0.5500000119,2.2836582633,0.55,-1.247,3.5722,4.666,0.0,0.0,0.545,0.0,0.0,0.0,0.0,0.0,-1.0,-4.45e-15,0.0,0.7092,0.2755,0.002745,0.0007406,0.006717,-1.0,0.01527,7.888,8.452,9.472,7.453
0.0152,0.01508,8.0,0.5576427579,2.2898863541,0.557,-1.217,3.5774,4.663,0.0,0.0,0.545,0.0,0.0,0.0,0.0,0.0,-1.0,-4.75e-15,0.0,0.7092,0.2755,0.002745,0.0007406,0.006717,-1.0,0.01527,7.813,8.346,9.337,7.362
0.0152,0.01508,8.0,0.6000000238,2.3211213258,0.6,-1.072,3.604,4.656,0.0,0.0,0.545,0.0,0.0,0.0,0.0,0.0,-1.0,-6.49e-15,0.0,0.7092,0.2755,0.002745,0.0007405,0.006716,-1.0,0.01527,7.449,7.841,8.7,6.93
0.0152,0.01508,8.0,0.6227198243,2.3358763839,0.623,-1.0,3.6205,4.666,0.0,0.0,0.545,0.0,0.0,0.0,0.0,0.0,-1.0,-7.45e-15,0.0,0.7093,0.2754,0.002745,0.0007405,0.006716,-1.0,0.01527,7.27,7.581,8.368,6.714
0.0152,0.01508,8.0,0.6450511217,2.3492204849,0.645,-0.959,3.6293,4.676,0.0,0.0,0.545,0.0,0.0,0.0,0.0,0.0,-1.0,-7.97e-15,0.0,0.7093,0.2754,0.002744,0.0007405,0.006715,-1.0,0.01527,7.167,7.435,8.183,6.593
0.0152,0.01508,8.0,0.6499999762,2.3520353107,0.65,-0.952,3.6305,4.677,0.0,0.0,0.545,0.0,0.0,0.0,0.0,0.0,-1.0,-8.06e-15,0.0,0.7093,0.2754,0.002744,0.0007404,0.006715,-1.0,0.01526,7.149,7.411,8.154,6.572
0.0152,0.01508,8.0,0.6611362696,2.3581925923,0.661,-0.937,3.6333,4.68,0.0,0.0,0.545,0.0,0.0,0.0,0.0,0.0,-1.0,-8.24e-15,0.0,0.7093,0.2754,0.002744,0.0007404,0.006715,-1.0,0.01525,7.111,7.36,8.09,6.529
0.0152,0.01508,8.0,0.7000000477,2.3779267258,0.7,-0.845,3.6489,4.676,0.0,0.0,0.545,0.0,0.0,0.0,0.0,0.0,-1.0,-9.92e-15,0.0,0.7094,0.2754,0.002744,0.0007403,0.006715,-1.0,0.01527,6.883,7.057,7.718,6.272
0.0152,0.01508,8.0,0.7470836639,2.398700482,0.747,-0.711,3.6738,4.67,0.0,0.0,0.538,0.0,0.0,0.0,0.0,0.0,-1.0,-1.31e-14,0.0,0.7094,0.2754,0.00271,0.0007393,0.006714,-1.0,0.01522,6.548,6.613,7.179,5.9
0.0152,0.01508,8.0,0.75,2.3998889087,0.75,-0.703,3.6753,4.669,0.0,0.0,0.538,0.0,0.0,0.0,0.0,0.0,-1.0,-1.33e-14,0.0,0.7094,0.2754,0.002707,0.0007392,0.006714,-1.0,0.01521,6.527,6.587,7.148,5.877
0.0152,0.01508,8.0,0.8000000119,2.4187244405,0.8,-0.575,3.6946,4.647,0.0,0.0,0.538,0.0,0.0,0.0,0.0,0.0,-1.0,-1.78e-14,0.0,0.7094,0.2753,0.002707,0.0007392,0.006714,-1.0,0.01527,6.208,6.204,6.704,5.544
0.0152,0.01508,8.0,0.846759975,2.4340447065,0.846,-0.461,3.7115,4.625,0.0,0.0,0.538,0.0,0.0,0.0,0.0,0.0,-1.0,-2.3e-14,0.0,0.7095,0.2752,0.002706,0.000739,0.006713,-1.0,0.01522,5.924,5.876,6.329,5.257
0.0152,0.01508,8.0,0.8500000238,2.435034684,0.85,-0.454,3.7127,4.624,0.0,0.0,0.538,0.0,0.0,0.0,0.0,0.0,-1.0,-2.34e-14,0.0,0.7096,0.2752,0.002706,0.000739,0.006713,-1.0,0.01521,5.904,5.854,6.305,5.238
0.0152,0.01508,8.0,0.9000000358,2.4492786175,0.899,-0.34,3.7296,4.602,0.0,0.0,0.538,0.0,0.0,0.0,0.0,0.0,-1.0,-3.03e-14,0.0,0.7096,0.2752,0.002706,0.0007389,0.006711,-1.0,0.01526,5.619,5.535,5.945,4.956
0.0152,0.01508,8.0,0.9500000477,2.4618122009,0.95,-0.231,3.7446,4.577,0.0,0.0,0.538,0.0,0.0,0.0,0.0,0.0,-1.0,-3.9e-14,0.0,0.7097,0.2751,0.002705,0.0007387,0.00671,-1.0,0.01526,5.349,5.242,5.617,4.698
0.0152,0.01508,8.0,1.0,2.4729154477,1.0,-0.123,3.7584,4.547,0.0,0.0,0.538,0.0,0.0,0.0,0.0,0.0,-1.0,-5.04e-14,0.0,0.7098,0.275,0.002705,0.0007385,0.006707,-1.0,0.01526,5.077,4.958,5.301,4.447
0.0152,0.01508,8.0,1.0300546885,2.4789962877,1.03,-0.06,3.7661,4.528,0.0,0.0,0.538,0.0,0.0,0.0,0.0,0.0,-1.0,-5.61e-14,0.0,0.7099,0.2749,0.002704,0.0007382,0.006705,-1.0,0.01524,4.921,4.797,5.123,4.304
0.0152,0.01508,8.0,1.0499999523,2.482811486,1.05,-0.023,3.7708,4.517,0.0,0.0,0.538,0.0,0.0,0.0,0.0,0.0,-1.0,-5.97e-14,0.0,0.7099,0.2748,0.002703,0.0007381,0.006705,-1.0,0.01522,4.827,4.702,5.017,4.22
0.0152,0.01508,8.0,1.1000000238,2.491680148,1.099,0.075,3.7821,4.484,0.0,0.0,0.538,0.0,0.0,0.0,0.0,0.0,-1.0,-6.98e-14,0.0,0.7102,0.2746,0.002701,0.0007376,0.006699,-1.0,0.01527,4.582,4.453,4.743,3.999
0.0152,0.01508,8.0,1.1117964983,2.4936392303,1.111,0.101,3.7852,4.476,0.0,0.0,0.538,0.0,0.0,0.0,0.0,0.0,-1.0,-7.28e-14,0.0,0.7103,0.2745,0.0027,0.0007374,0.006698,-1.0,0.01525,4.518,4.389,4.673,3.943
0.0152,0.01508,8.0,1.1499999762,2.4996678137,1.149,0.171,3.793,4.452,0.0,0.0,0.538,0.0,0.0,0.0,0.0,0.0,-1.0,-8.1e-14,0.0,0.7105,0.2743,0.002698,0.0007368,0.006693,-1.0,0.01515,4.342,4.214,4.481,3.786
0.0152,0.01508,8.0,1.2000000477,2.5068948796,1.2,0.261,3.8029,4.419,0.0,0.0,0.538,0.0,0.0,0.0,0.0,0.0,-1.0,-9.18e-14,0.0,0.7106,0.2742,0.002698,0.0007368,0.006692,-1.0,0.01522,4.117,3.99,4.237,3.587
0.0152,0.01508,8.0,1.25,2.5134610955,1.25,0.347,3.8126,4.39,0.0,0.0,0.538,0.0,0.0,0.0,0.0,0.0,-1.0,-1.02e-13,0.0,0.7106,0.2741,0.002698,0.0007368,0.006693,-1.0,0.01522,3.902,3.777,4.006,3.397
0.0152,0.01508,8.0,1.2999999523,2.5194498592,1.3,0.429,3.8217,4.362,1.0,0.0,0.538,0.0,0.0,0.0,0.0,0.0,-1.0,-1.11e-13,0.0,0.7107,0.2741,0.002698,0.0007367,0.006691,-1.0,0.01521,3.698,3.575,3.787,3.216
0.0152,0.01508,8.0,1.3500001431,2.5249313723,1.35,0.506,3.8312,4.339,0.0,0.0,0.538,0.0,0.0,0.0,0.0,0.0,-1.0,-1.17e-13,0.0,0.7107,0.2741,0.002698,0.0007367,0.006691,-1.0,0.01518,3.506,3.384,3.581,3.048
0.0152,0.01508,8.0,1.4000000954,2.5299650415,1.4,0.578,3.8408,4.321,1.0,0.0,0.538,0.0,0.0,0.0,0.0,0.0,-1.0,-1.19e-13,0.0,0.7108,0.2741,0.002697,0.0007366,0.006691,-1.0,0.01515,3.324,3.206,3.386,2.892
0.0152,0.01508,8.0,1.4500000477,2.5346015836,1.45,0.647,3.8514,4.31,1.0,0.0,0.538,0.0,0.0,0.0,0.0,0.0,-1.0,-1.16e-13,0.0,0.7108,0.274,0.002697,0.0007365,0.00669,-1.0,0.01522,3.153,3.038,3.202,2.75
0.0152,0.01508,8.0,1.5,2.5388844597,1.5,0.713,3.8636,4.308,1.0,0.0,0.537,0.0,0.0,0.0,0.0,0.0,-1.0,-1.06e-13,0.0,0.7108,0.2739,0.002697,0.0007364,0.006689,-1.0,0.01521,2.988,2.879,3.024,2.62
0.0152,0.01508,8.0,1.5499999523,2.5428511323,1.55,0.776,3.8768,4.312,1.0,0.0,0.538,0.0,0.0,0.0,0.0,0.0,-1.0,-9.01e-14,0.0,0.7109,0.2739,0.002696,0.0007363,0.006688,-1.0,0.01522,2.831,2.73,2.855,2.503
0.0152,0.01508,8.0,1.6000000238,2.5465340628,1.6,0.837,3.8901,4.318,1.0,0.0,0.538,0.0,0.0,0.0,0.0,0.0,-1.0,-6.77e-14,0.0,0.711,0.2738,0.002696,0.0007361,0.006687,-1.0,0.01521,2.678,2.587,2.693,2.393
0.0152,0.01508,8.0,1.6450811625,2.5496349134,1.644,0.889,3.9014,4.322,1.0,0.0,0.538,0.0,0.0,0.0,0.0,0.0,-1.0,-4.01e-14,0.0,0.711,0.2738,0.002695,0.0007361,0.006686,-1.0,0.0152,2.547,2.468,2.557,2.301
0.0152,0.01508,8.0,1.6500000954,2.5499614852,1.649,0.895,3.9026,4.323,1.0,0.0,0.538,0.0,0.0,0.0,0.0,0.0,-1.0,-3.79e-14,0.0,0.711,0.2738,0.002695,0.0007361,0.006686,-1.0,0.0152,2.533,2.455,2.543,2.292
0.0152,0.01508,8.0,1.7000000477,2.5531580802,1.699,0.951,3.9144,4.327,1.0,0.0,0.537,0.0,0.0,0.0,0.0,0.0,-1.0,-9.999999999999999e-31,0.0,0.7111,0.2737,0.002695,0.0007359,0.006685,-1.0,0.01519,2.393,2.331,2.402,2.198
0.0152,0.01508,8.0,1.75,2.5561455243,1.749,1.005,3.9256,4.331,1.0,0.0,0.537,0.0,0.0,0.0,0.0,0.0,-1.0,-9.999999999999999e-31,0.0,0.7111,0.2737,0.002694,0.0007359,0.006684,-1.0,0.01522,2.258,2.216,2.272,2.11
0.0152,0.01508,8.0,1.7917566299,2.5584940618,1.79,1.048,3.9344,4.332,1.0,0.0,0.537,0.0,0.0,0.0,0.0,0.0,-1.0,-9.999999999999999e-31,0.0,0.7112,0.2736,0.002694,0.0007358,0.006684,-1.0,0.01518,2.149,2.125,2.171,2.04
0.0152,0.01508,8.0,1.7999999523,2.5589429085,1.799,1.057,3.9361,4.333,1.0,0.0,0.538,0.0,0.0,0.0,0.0,0.0,-1.0,-9.999999999999999e-31,0.0,0.7112,0.2736,0.002694,0.0007357,0.006684,-1.0,0.01518,2.128,2.108,2.151,2.027
0.0152,0.01508,8.0,1.8500000238,2.5615671203,1.849,1.106,3.9459,4.334,1.0,0.0,0.537,0.0,0.0,0.0,0.0,0.0,-1.0,-9.999999999999999e-31,0.0,0.7112,0.2736,0.002694,0.0007357,0.006682,-1.0,0.01517,2.004,2.01,2.042,1.949
0.0152,0.01508,8.0,1.9000000954,2.5640331317,1.899,1.155,3.9551,4.334,1.0,0.0,0.537,0.0,0.0,0.0,0.0,0.0,-1.0,-9.999999999999999e-31,0.0,0.7112,0.2736,0.002694,0.0007356,0.006682,-1.0,0.01517,1.884,1.917,1.941,1.873
0.0152,0.01508,8.0,1.9500001669,2.5663542767,1.95,1.201,3.9637,4.334,1.0,0.0,0.538,0.0,0.0,0.0,0.0,0.0,-1.0,-9.999999999999999e-31,0.0,0.7113,0.2736,0.002694,0.0007356,0.006681,-1.0,0.01518,1.767,1.83,1.846,1.801
0.0152,0.01508,8.0,2.0,2.5685424513,2.0,1.247,3.9719,4.332,1.0,0.0,0.537,0.0,0.0,0.0,0.0,0.0,-1.0,-9.999999999999999e-31,0.0,0.7113,0.2735,0.002693,0.0007355,0.006681,-1.0,0.01519,1.654,1.748,1.757,1.73
0.0152,0.01508,8.0,2.0499999523,2.5706083333,2.05,1.291,3.9797,4.33,1.0,0.0,0.537,0.0,0.0,0.0,0.0,0.0,-1.0,-9.999999999999999e-31,0.0,0.7113,0.2735,0.002693,0.0007354,0.00668,-1.0,0.01522,1.544,1.669,1.673,1.663
0.0152,0.01508,8.0,2.0999999046,2.5725614918,2.099,1.333,3.9871,4.327,1.0,0.0,0.537,0.0,0.0,0.0,0.0,0.0,-1.0,-9.999999999999999e-31,0.0,0.7114,0.2735,0.002693,0.0007354,0.00668,-1.0,0.01516,1.436,1.594,1.593,1.597
0.0152,0.01508,8.0,2.1500000954,2.5744105556,2.149,1.375,3.9942,4.324,1.0,0.0,0.537,0.0,0.0,0.0,0.0,0.0,-1.0,-9.999999999999999e-31,0.0,0.7114,0.2735,0.002692,0.0007353,0.006679,-1.0,0.01517,1.332,1.521,1.515,1.533
0.0152,0.01508,8.0,2.1532075405,2.5745258043,2.152,1.378,3.9946,4.324,1.0,0.0,0.537,0.0,0.0,0.0,0.0,0.0,-1.0,-9.999999999999999e-31,0.0,0.7114,0.2735,0.002692,0.0007353,0.006679,-1.0,0.01517,1.326,1.516,1.51,1.528
0.0152,0.01508,8.0,2.2000000477,2.5761632879,2.199,1.416,4.0011,4.32,1.0,0.0,0.538,0.0,0.0,0.0,0.0,0.0,-1.0,-9.999999999999999e-31,0.0,0.7114,0.2734,0.002693,0.0007353,0.006679,-1.0,0.01521,1.23,1.449,1.44,1.469
0.0152,0.01508,8.0,2.25,2.5778267375,2.249,1.456,4.0076,4.316,1.0,0.0,0.538,0.0,0.0,0.0,0.0,0.0,-1.0,-9.999999999999999e-31,0.0,0.7114,0.2734,0.002692,0.0007353,0.006679,-1.0,0.01519,1.13,1.38,1.367,1.406
0.0152,0.01508,8.0,2.2999999523,2.5794072884,2.299,1.495,4.0139,4.312,1.0,0.0,0.537,0.0,0.0,0.0,0.0,0.0,-1.0,-9.999999999999999e-31,0.0,0.7114,0.2734,0.002692,0.0007352,0.006679,-1.0,0.01517,1.033,1.312,1.296,1.345
0.0152,0.01508,8.0,2.3108987808,2.5797413871,2.31,1.503,4.0153,4.311,1.0,0.0,0.537,0.0,0.0,0.0,0.0,0.0,-1.0,-9.999999999999999e-31,0.0,0.7114,0.2734,0.002692,0.0007352,0.006679,-1.0,0.01517,1.012,1.298,1.281,1.332
0.0152,0.01508,8.0,2.4000000954,2.5823423892,2.399,1.571,4.0261,4.304,1.0,0.0,0.537,0.0,0.0,0.0,0.0,0.0,-1.0,-9.999999999999999e-31,0.0,0.7114,0.2734,0.002692,0.0007352,0.006678,-1.0,0.01518,0.843,1.182,1.159,1.225
0.0152,0.01508,8.0,2.5120689869,2.5853144767,2.512,1.652,4.0388,4.293,1.0,0.0,0.538,0.0,0.0,0.0,0.0,0.0,-1.0,-9.999999999999999e-31,0.0,0.7103,0.2745,0.002701,0.0007376,0.0067,-1.0,0.01522,0.64,1.041,1.013,1.095
0.0152,0.01508,8.0,2.5999999046,2.5874412955,2.6,1.714,4.0485,4.285,1.0,0.0,0.538,0.0,0.0,0.0,0.0,0.0,-1.0,-9.999999999999999e-31,0.0,0.7092,0.2755,0.00271,0.0007399,0.00672,-1.0,0.01527,0.485,0.935,0.902,0.996
0.0152,0.01508,8.0,2.7914860249,2.5915442811,2.792,1.843,4.0677,4.264,1.0,0.0,0.538,0.0,0.0,0.0,0.0,0.0,-1.0,-9.999999999999999e-31,0.0,0.7092,0.2755,0.00271,0.0007399,0.00672,-1.0,0.01527,0.164,0.711,0.671,0.785
0.0152,0.01508,8.0,2.8000001907,2.5917117867,2.8,1.848,4.0685,4.263,1.0,0.0,0.538,0.0,0.0,0.0,0.0,0.0,-1.0,-9.999999999999999e-31,0.0,0.7092,0.2755,0.00271,0.0007399,0.00672,-1.0,0.01527,0.15,0.701,0.661,0.776
0.0152,0.01508,8.0,2.9281263351,2.5940978527,2.928,1.93,4.0803,4.248,1.0,0.0,0.538,0.0,0.0,0.0,0.0,0.0,-1.0,-9.999999999999999e-31,0.0,0.7092,0.2755,0.00271,0.0007399,0.00672,-1.0,0.01527,-0.054,0.558,0.515,0.641
0.0152,0.01508,8.0,3.0,2.5953341962,3.0,1.974,4.0867,4.239,1.0,0.0,0.538,0.0,0.0,0.0,0.0,0.0,-1.0,-9.999999999999999e-31,0.0,0.7092,0.2755,0.00271,0.0007399,0.00672,-1.0,0.01527,-0.166,0.48,0.434,0.566
0.0152,0.01508,8.0,3.0726935863,2.596517228,3.073,2.019,4.0928,4.23,1.0,0.0,0.538,0.0,0.0,0.0,0.0,0.0,-1.0,-9.999999999999999e-31,0.0,0.7092,0.2755,0.00271,0.0007399,0.00672,-1.0,0.01527,-0.277,0.402,0.354,0.491
0.0152,0.01508,8.0,3.2000000477,2.5984409005,3.199,2.095,4.1031,4.212,1.0,0.0,0.538,0.0,0.0,0.0,0.0,0.0,-1.0,-9.999999999999999e-31,0.0,0.7092,0.2755,0.00271,0.0007399,0.00672,-1.0,0.01527,-0.468,0.265,0.214,0.361
0.0152,0.01508,8.0,3.2717652321,2.5994497532,3.271,2.137,4.1085,4.202,1.0,0.0,0.538,0.0,0.0,0.0,0.0,0.0,-1.0,-9.999999999999999e-31,0.0,0.7092,0.2755,0.00271,0.0007399,0.00672,-1.0,0.01527,-0.573,0.19,0.136,0.289
0.0152,0.01508,8.0,3.3873057365,2.600971166,3.385,2.204,4.1169,4.184,1.0,0.0,0.538,0.0,0.0,0.0,0.0,0.0,-1.0,-9.999999999999999e-31,0.0,0.7092,0.2755,0.00271,0.0007399,0.00672,-1.0,0.01527,-0.74,0.069,0.013,0.173
0.0152,0.01508,8.0,3.4000000954,2.6011310876,3.398,2.211,4.1178,4.182,1.0,0.0,0.538,0.0,0.0,0.0,0.0,0.0,-1.0,-9.999999999999999e-31,0.0,0.7092,0.2755,0.00271,0.0007399,0.00672,-1.0,0.01527,-0.758,0.056,-0.001,0.16
0.0152,0.01508,8.0,3.4462907314,2.6017027896,3.444,2.237,4.1211,4.174,1.0,0.0,0.538,0.0,0.0,0.0,0.0,0.0,-1.0,-9.999999999999999e-31,0.0,0.7092,0.2755,0.00271,0.0007399,0.00672,-1.0,0.01527,-0.823,0.008,-0.049,0.114
0.0152,0.01508,8.0,3.5487751961,2.6029076967,3.546,2.294,4.1278,4.157,1.0,0.0,0.538,0.0,0.0,0.0,0.0,0.0,-1.0,-9.999999999999999e-31,0.0,0.7092,0.2755,0.00271,0.0007399,0.00672,-1.0,0.01527,-0.966,-0.097,-0.156,0.013
0.0152,0.01508,8.0,3.6000001431,2.6034804607,3.598,2.323,4.131,4.148,1.0,0.0,0.538,0.0,0.0,0.0,0.0,0.0,-1.0,-9.999999999999999e-31,0.0,0.7092,0.2755,0.00271,0.0007399,0.00672,-1.0,0.01527,-1.037,-0.15,-0.21,-0.038
0.0152,0.01508,8.0,3.7193012238,2.6047443497,3.717,2.388,4.1381,4.125,1.0,0.0,0.538,0.0,0.0,0.0,0.0,0.0,-1.0,-9.999999999999999e-31,0.0,0.7092,0.2755,0.00271,0.0007399,0.00672,-1.0,0.01527,-1.199,-0.273,-0.336,-0.157
0.0152,0.01508,8.0,3.8000001907,2.6055477311,3.798,2.431,4.1425,4.108,1.0,0.0,0.538,0.0,0.0,0.0,0.0,0.0,-1.0,-9.999999999999999e-31,0.0,0.7092,0.2755,0.00271,0.0007399,0.00672,-1.0,0.01527,-1.309,-0.358,-0.422,-0.24
0.0152,0.01508,8.0,3.847432375,2.6060018891,3.846,2.457,4.145,4.098,1.0,0.0,0.538,0.0,0.0,0.0,0.0,0.0,-1.0,-9.999999999999999e-31,0.0,0.7092,0.2755,0.00271,0.0007399,0.00672,-1.0,0.01527,-1.372,-0.407,-0.472,-0.288
0.0152,0.01508,8.0,3.9710335732,2.6071269582,3.971,2.523,4.1508,4.069,1.0,0.0,0.538,0.0,0.0,0.0,0.0,0.0,-1.0,-9.999999999999999e-31,0.0,0.7092,0.2755,0.00271,0.0007399,0.00672,-1.0,0.01527,-1.539,-0.542,-0.608,-0.419
0.0152,0.01508,8.0,4.0,2.607379084,4.001,2.539,4.152,4.061,1.0,0.0,0.538,0.0,0.0,0.0,0.0,0.0,-1.0,-9.999999999999999e-31,0.0,0.7092,0.2755,0.00271,0.0007399,0.00672,-1.0,0.01527,-1.578,-0.574,-0.641,-0.45
0.0152,0.01508,8.0,4.0832509995,2.60808086,4.083,2.583,4.1552,4.039,1.0,0.0,0.538,0.0,0.0,0.0,0.0,0.0,-1.0,-9.999999999999999e-31,0.0,0.7092,0.2755,0.00271,0.0007399,0.00672,-1.0,0.01527,-1.688,-0.666,-0.734,-0.541
0.0152,0.01508,8.0,4.1852736473,2.6088972441,4.183,2.637,4.1585,4.008,1.0,0.0,0.538,0.0,0.0,0.0,0.0,0.0,-1.0,-9.999999999999999e-31,0.0,0.7092,0.2755,0.00271,0.0007399,0.00672,-1.0,0.01527,-1.823,-0.783,-0.852,-0.655
0.0152,0.01508,8.0,4.1999998093,2.6090113217,4.198,2.645,4.1589,4.004,1.0,0.0,0.538,0.0,0.0,0.0,0.0,0.0,-1.0,-9.999999999999999e-31,0.0,0.7092,0.2755,0.00271,0.0007399,0.00672,-1.0,0.01527,-1.843,-0.8,-0.869,-0.672
0.0152,0.01508,8.0,4.2554478645,2.6094327216,4.253,2.675,4.1604,3.986,1.0,0.0,0.538,0.0,0.0,0.0,0.0,0.0,-1.0,-9.999999999999999e-31,0.0,0.7092,0.2755,0.00271,0.0007399,0.00672,-1.0,0.01527,-1.916,-0.865,-0.935,-0.737
0.0152,0.01508,8.0,4.3358483315,2.6100217964,4.333,2.718,4.1618,3.956,1.0,0.0,0.538,0.0,0.0,0.0,0.0,0.0,-1.0,-9.999999999999999e-31,0.0,0.7092,0.2755,0.00271,0.0007399,0.00672,-1.0,0.01527,-2.024,-0.965,-1.036,-0.836
0.0152,0.01508,8.0,4.4000000954,2.6104741055,4.397,2.753,4.1624,3.93,1.0,0.0,0.538,0.0,0.0,0.0,0.0,0.0,-1.0,-9.999999999999999e-31,0.0,0.7092,0.2755,0.00271,0.0007399,0.00672,-1.0,0.01527,-2.111,-1.049,-1.12,-0.92
0.0152,0.01508,8.0,4.4053754807,2.6105113179,4.403,2.755,4.1625,3.928,1.0,0.0,0.538,0.0,0.0,0.0,0.0,0.0,-1.0,-9.999999999999999e-31,0.0,0.7092,0.2755,0.00271,0.0007399,0.00672,-1.0,0.01527,-2.119,-1.056,-1.127,-0.927
0.0152,0.01508,8.0,4.5106697083,2.6112197264,4.508,2.812,4.1625,3.882,1.0,0.0,0.538,0.0,0.0,0.0,0.0,0.0,-1.0,-9.999999999999999e-31,0.0,0.7092,0.2755,0.00271,0.0007399,0.00672,-1.0,0.01527,-2.261,-1.199,-1.27,-1.07
0.0152,0.01508,8.0,4.591483593,2.611738164,4.588,2.857,4.1612,3.84,1.0,0.0,0.538,0.0,0.0,0.0,0.0,0.0,-1.0,-9.999999999999999e-31,0.0,0.7092,0.2755,0.00271,0.0007399,0.00672,-1.0,0.01527,-2.371,-1.318,-1.388,-1.189
0.0152,0.01508,8.0,4.5999999046,2.6117915791,4.597,2.861,4.1609,3.835,1.0,0.0,0.538,0.0,0.0,0.0,0.0,0.0,-1.0,-9.999999999999999e-31,0.0,0.7092,0.2755,0.00271,0.0007399,0.00672,-1.0,0.01527,-2.383,-1.331,-1.402,-1.203
0.0152,0.01508,8.0,4.6650686264,2.6121923039,4.663,2.897,4.1585,3.795,1.0,0.0,0.538,0.0,0.0,0.0,0.0,0.0,-1.0,-9.999999999999999e-31,0.0,0.7092,0.2755,0.00271,0.0007399,0.00672,-1.0,0.01527,-2.473,-1.435,-1.505,-1.308
0.0152,0.01508,8.0,4.7503552437,2.61269847,4.748,2.945,4.1539,3.737,1.0,0.0,0.538,0.0,0.0,0.0,0.0,0.0,-1.0,-9.999999999999999e-31,0.0,0.7092,0.2755,0.00271,0.0007399,0.00672,-1.0,0.01527,-2.592,-1.582,-1.65,-1.457
0.0152,0.01508,8.0,4.8000001907,2.6129836005,4.798,2.973,4.1497,3.697,1.0,0.0,0.538,0.0,0.0,0.0,0.0,0.0,-1.0,-9.999999999999999e-31,0.0,0.7092,0.2755,0.00271,0.0007399,0.00672,-1.0,0.01527,-2.663,-1.677,-1.745,-1.555
0.0152,0.01508,8.0,4.8231425285,2.6131142116,4.821,2.986,4.1477,3.678,1.0,0.0,0.538,0.0,0.0,0.0,0.0,0.0,-1.0,-9.999999999999999e-31,0.0,0.7092,0.2755,0.00271,0.0007399,0.00672,-1.0,0.01527,-2.696,-1.722,-1.789,-1.601
0.0152,0.01508,8.0,4.883462429,2.613447965,4.882,3.021,4.1406,3.619,1.0,0.0,0.538,0.0,0.0,0.0,0.0,0.0,-1.0,-9.999999999999999e-31,0.0,0.7092,0.2755,0.00271,0.0007399,0.00672,-1.0,0.01527,-2.783,-1.851,-1.915,-1.734
0.0152,0.01508,8.0,4.9397644997,2.6137510445,4.938,3.055,4.1328,3.56,1.0,0.0,0.538,0.0,0.0,0.0,0.0,0.0,-1.0,-9.999999999999999e-31,0.0,0.7092,0.2755,0.00271,0.0007399,0.00672,-1.0,0.01527,-2.867,-1.979,-2.041,-1.867
0.0152,0.01508,8.0,4.9868946075,2.6139987082,4.986,3.084,4.1245,3.502,1.0,0.0,0.538,0.0,0.0,0.0,0.0,0.0,-1.0,-9.999999999999999e-31,0.0,0.7092,0.2755,0.00271,0.0007399,0.00672,-1.0,0.01527,-2.941,-2.1,-2.16,-1.992
0.0152,0.01508,8.0,5.0,2.6140666223,4.999,3.094,4.1229,3.487,1.0,0.0,0.538,0.0,0.0,0.0,0.0,0.0,-1.0,-9.999999999999999e-31,0.0,0.7092,0.2755,0.00271,0.0007399,0.00672,-1.0,0.01527,-2.964,-2.132,-2.192,-2.026
0.0152,0.01508,8.0,5.0393710136,2.6142682076,5.039,3.122,4.118,3.442,1.0,0.0,0.538,0.0,0.0,0.0,0.0,0.0,-1.0,-9.999999999999999e-31,0.0,0.7092,0.2755,0.00271,0.0007399,0.00672,-1.0,0.01527,-3.034,-2.23,-2.288,-2.127
0.0152,0.01508,8.0,5.0412473679,2.6142777244,5.04,3.123,4.1178,3.44,1.0,0.0,0.538,0.0,0.0,0.0,0.0,0.0,-1.0,-9.999999999999999e-31,0.0,0.7092,0.2755,0.00271,0.0007399,0.00672,-1.0,0.01527,-3.038,-2.235,-2.293,-2.132
0.0152,0.01508,8.0,5.0484571457,2.6143142167,5.048,3.132,4.121,3.445,1.0,0.0,0.538,0.0,0.0,0.0,0.0,0.0,-1.0,-9.999999999999999e-31,0.0,0.7092,0.2755,0.00271,0.0007399,0.00672,-1.0,0.01527,-3.06,-2.239,-2.298,-2.134
0.0152,0.01508,8.0,5.0652961731,2.6143989821,5.065,3.156,4.1313,3.464,1.0,0.0,0.538,0.0,0.0,0.0,0.0,0.0,-1.0,-9.999999999999999e-31,0.0,0.7092,0.2755,0.00271,0.0007399,0.00672,-1.0,0.01527,-3.119,-2.24,-2.302,-2.13
0.0152,0.01508,8.0,5.0699014664,2.6144220518,5.069,3.171,4.142,3.492,1.0,0.0,0.538,0.0,0.0,0.0,0.0,0.0,-1.0,-9.999999999999999e-31,0.0,0.7092,0.2755,0.00271,0.0007399,0.00672,-1.0,0.01527,-3.157,-2.218,-2.283,-2.1
0.0152,0.01508,8.0,5.0719680786,2.6144323886,5.071,3.186,4.1526,3.52,1.0,0.0,0.538,0.0,0.0,0.0,0.0,0.0,-1.0,-9.999999999999999e-31,0.0,0.7092,0.2755,0.00271,0.0007399,0.00672,-1.0,0.01527,-3.194,-2.194,-2.263,-2.071
0.0152,0.01508,8.0,5.0730819702,2.6144379561,5.072,3.203,4.1633,3.545,1.0,0.0,0.538,0.0,0.0,0.0,0.0,0.0,-1.0,-9.999999999999999e-31,0.0,0.7092,0.2755,0.00271,0.0007399,0.00672,-1.0,0.01527,-3.238,-2.176,-2.248,-2.047
0.0152,0.01508,8.0,5.0737028122,2.614441058,5.073,3.22,4.1724,3.564,1.0,0.0,0.538,0.0,0.0,0.0,0.0,0.0,-1.0,-9.999999999999999e-31,0.0,0.7092,0.2755,0.00271,0.0007399,0.00672,-1.0,0.01527,-3.281,-2.167,-2.241,-2.032
0.0152,0.01508,8.0,5.0740494728,2.6144427896,5.073,3.23,4.1777,3.576,1.0,0.0,0.538,0.0,0.0,0.0,0.0,0.0,-1.0,-9.999999999999999e-31,0.0,0.7092,0.2755,0.00271,0.0007399,0.00672,-1.0,0.01527,-3.306,-2.161,-2.237,-2.023
0.0152,0.01508,8.0,5.0742292404,2.6144436874,5.074,3.212,4.1729,3.575,2.0,0.0,0.538,0.0,0.0,0.0,0.0,0.0,-1.0,-9.999999999999999e-31,0.0,0.7092,0.2755,0.00271,0.0007399,0.00672,-1.0,0.01527,-3.261,-2.143,-2.218,-2.008
0.0152,0.01508,8.0,5.0743889809,2.6144444852,5.074,3.19,4.1649,3.565,2.0,0.0,0.538,0.0,0.0,0.0,0.0,0.0,-1.0,-9.999999999999999e-31,0.0,0.7092,0.2755,0.00271,0.0007399,0.00672,-1.0,0.01527,-3.205,-2.134,-2.206,-2.004
0.0152,0.01508,8.0,5.0745344162,2.6144452115,5.074,3.176,4.1556,3.542,2.0,0.0,0.538,0.0,0.0,0.0,0.0,0.0,-1.0,-9.999999999999999e-31,0.0,0.7092,0.2755,0.00271,0.0007399,0.00672,-1.0,0.01527,-3.169,-2.151,-2.221,-2.026
0.0152,0.01508,8.0,5.0747127533,2.614446102,5.074,3.17,4.1439,3.5,2.0,0.0,0.538,0.0,0.0,0.0,0.0,0.0,-1.0,-9.999999999999999e-31,0.0,0.7092,0.2755,0.00271,0.0007399,0.00672,-1.0,0.01527,-3.156,-2.206,-2.272,-2.088
0.0152,0.01508,8.0,5.074901104,2.6144470424,5.074,3.178,4.1322,3.446,2.0,0.0,0.538,0.0,0.0,0.0,0.0,0.0,-1.0,-9.999999999999999e-31,0.0,0.7092,0.2755,0.00271,0.0007399,0.00672,-1.0,0.01527,-3.175,-2.291,-2.353,-2.18
0.0152,0.01508,8.0,5.0751047134,2.614448059,5.075,3.19,4.1205,3.387,2.0,0.0,0.538,0.0,0.0,0.0,0.0,0.0,-1.0,-9.999999999999999e-31,0.0,0.7092,0.2755,0.00271,0.0007399,0.00672,-1.0,0.01527,-3.206,-2.389,-2.447,-2.284
0.0152,0.01508,8.0,5.0753192902,2.6144491302,5.075,3.202,4.1087,3.328,2.0,0.0,0.538,0.0,0.0,0.0,0.0,0.0,-1.0,-9.999999999999999e-31,0.0,0.7092,0.2755,0.00271,0.0007399,0.00672,-1.0,0.01527,-3.234,-2.483,-2.538,-2.386
0.0152,0.01508,8.0,5.07554245,2.6144502441,5.075,3.21,4.0969,3.273,2.0,0.0,0.538,0.0,0.0,0.0,0.0,0.0,-1.0,-9.999999999999999e-31,0.0,0.7092,0.2755,0.00271,0.0007399,0.00672,-1.0,0.01527,-3.255,-2.569,-2.62,-2.479
0.0152,0.01508,8.0,5.0757694244,2.614451377,5.075,3.216,4.085,3.219,2.0,0.0,0.538,0.0,0.0,0.0,0.0,0.0,-1.0,-9.999999999999999e-31,0.0,0.7092,0.2755,0.00271,0.0007399,0.00672,-1.0,0.01527,-3.27,-2.647,-2.694,-2.565
0.0152,0.01508,8.0,5.0759983063,2.6144525192,5.075,3.219,4.0731,3.168,2.0,0.0,0.538,0.0,0.0,0.0,0.0,0.0,-1.0,-9.999999999999999e-31,0.0,0.7092,0.2755,0.00271,0.0007399,0.00672,-1.0,0.01527,-3.279,-2.719,-2.762,-2.644
0.0152,0.01508,8.0,5.0762267113,2.614453659,5.076,3.221,4.0611,3.119,2.0,0.0,0.538,0.0,0.0,0.0,0.0,0.0,-1.0,-9.999999999999999e-31,0.0,0.7092,0.2755,0.00271,0.0007399,0.00672,-1.0,0.01527,-3.283,-2.785,-2.825,-2.718
0.0152,0.01508,8.0,5.0764517784,2.614454782,5.076,3.222,4.0492,3.07,2.0,0.0,0.538,0.0,0.0,0.0,0.0,0.0,-1.0,-9.999999999999999e-31,0.0,0.7092,0.2755,0.00271,0.0007399,0.00672,-1.0,0.01527,-3.285,-2.847,-2.883,-2.787
0.0152,0.01508,8.0,5.076672554,2.6144558834,5.076,3.222,4.0372,3.023,2.0,0.0,0.538,0.0,0.0,0.0,0.0,0.0,-1.0,-9.999999999999999e-31,0.0,0.7092,0.2755,0.00271,0.0007399,0.00672,-1.0,0.01527,-3.284,-2.905,-2.937,-2.853
0.0152,0.01508,8.0,5.0768861771,2.6144569491,5.076,3.22,4.0252,2.976,2.0,0.0,0.538,0.0,0.0,0.0,0.0,0.0,-1.0,-9.999999999999999e-31,0.0,0.7092,0.2755,0.00271,0.0007399,0.00672,-1.0,0.01527,-3.281,-2.959,-2.986,-2.915
0.0152,0.01508,8.0,5.0770931244,2.6144579814,5.076,3.218,4.0132,2.93,2.0,0.0,0.538,0.0,0.0,0.0,0.0,0.0,-1.0,-9.999999999999999e-31,0.0,0.7092,0.2755,0.00271,0.0007399,0.00672,-1.0,0.01527,-3.275,-3.01,-3.033,-2.975
0.0152,0.01508,8.0,5.0772914886,2.6144589708,5.077,3.215,4.0012,2.885,2.0,0.0,0.538,0.0,0.0,0.0,0.0,0.0,-1.0,-9.999999999999999e-31,0.0,0.7092,0.2755,0.00271,0.0007399,0.00672,-1.0,0.01527,-3.268,-3.058,-3.076,-3.031
0.0152,0.01508,8.0,5.077480793,2.6144599149,5.077,3.212,3.9891,2.841,2.0,0.0,0.538,0.0,0.0,0.0,0.0,0.0,-1.0,-9.999999999999999e-31,0.0,0.7092,0.2755,0.00271,0.0007399,0.00672,-1.0,0.01527,-3.259,-3.102,-3.115,-3.085
0.0152,0.01508,8.0,5.0776615143,2.6144608161,5.077,3.207,3.9771,2.797,2.0,0.0,0.538,0.0,0.0,0.0,0.0,0.0,-1.0,-9.999999999999999e-31,0.0,0.7092,0.2755,0.00271,0.0007399,0.00672,-1.0,0.01527,-3.249,-3.143,-3.15,-3.137
0.0152,0.01508,8.0,5.0778341293,2.6144616768,5.077,3.203,3.9651,2.753,2.0,0.0,0.538,0.0,0.0,0.0,0.0,0.0,-1.0,-9.999999999999999e-31,0.0,0.7092,0.2755,0.00271,0.0007399,0.00672,-1.0,0.01527,-3.237,-3.181,-3.181,-3.186
0.0152,0.01508,8.0,5.0779976845,2.6144624923,5.077,3.198,3.953,2.71,2.0,0.0,0.538,0.0,0.0,0.0,0.0,0.0,-1.0,-9.999999999999999e-31,0.0,0.7092,0.2755,0.00271,0.0007399,0.00672,-1.0,0.01527,-3.224,-3.214,-3.208,-3.233
0.0152,0.01508,8.0,5.0781531334,2.6144632673,5.078,3.192,3.9409,2.667,2.0,0.0,0.538,0.0,0.0,0.0,0.0,0.0,-1.0,-9.999999999999999e-31,0.0,0.7092,0.2755,0.00271,0.0007399,0.00672,-1.0,0.01527,-3.21,-3.243,-3.229,-3.277
0.0152,0.01508,8.0,5.0783004761,2.6144640019,5.078,3.186,3.9289,2.625,2.0,0.0,0.538,0.0,0.0,0.0,0.0,0.0,-1.0,-9.999999999999999e-31,0.0,0.7092,0.2755,0.00271,0.0007399,0.00672,-1.0,0.01527,-3.195,-3.265,-3.241,-3.317
0.0152,0.01508,8.0,5.0784392357,2.6144646936,5.078,3.18,3.9168,2.583,2.0,0.0,0.538,0.0,0.0,0.0,0.0,0.0,-1.0,-9.999999999999999e-31,0.0,0.7092,0.2755,0.00271,0.0007399,0.00672,-1.0,0.01527,-3.179,-3.279,-3.244,-3.353
0.0152,0.01508,8.0,5.0785713196,2.614465352,5.078,3.173,3.9047,2.541,2.0,0.0,0.538,0.0,0.0,0.0,0.0,0.0,-1.0,-9.999999999999999e-31,0.0,0.7092,0.2755,0.00271,0.0007399,0.00672,-1.0,0.01527,-3.162,-3.287,-3.238,-3.385
0.0152,0.01508,8.0,5.0786952972,2.6144659699,5.078,3.166,3.8926,2.5,2.0,0.0,0.538,0.0,0.0,0.0,0.0,0.0,-1.0,-9.999999999999999e-31,0.0,0.7092,0.2755,0.00271,0.0007399,0.00672,-1.0,0.01527,-3.145,-3.288,-3.225,-3.414
0.0152,0.01508,8.0,5.078813076,2.6144665569,5.078,3.159,3.8805,2.459,2.0,0.0,0.538,0.0,0.0,0.0,0.0,0.0,-1.0,-9.999999999999999e-31,0.0,0.7092,0.2755,0.00271,0.0007399,0.00672,-1.0,0.01527,-3.127,-3.284,-3.203,-3.439
0.0152,0.01508,8.0,5.0789241791,2.6144671107,5.078,3.151,3.8683,2.418,2.0,0.0,0.538,0.0,0.0,0.0,0.0,0.0,-1.0,-9.999999999999999e-31,0.0,0.7092,0.2755,0.00271,0.0007399,0.00672,-1.0,0.01527,-3.108,-3.274,-3.174,-3.463
0.0152,0.01508,8.0,5.0790295601,2.6144676358,5.078,3.144,3.8562,2.377,2.0,0.0,0.538,0.0,0.0,0.0,0.0,0.0,-1.0,-9.999999999999999e-31,0.0,0.7092,0.2755,0.00271,0.0007399,0.00672,-1.0,0.01527,-3.089,-3.262,-3.139,-3.486
0.0152,0.01508,8.0,5.0791287422,2.6144681301,5.079,3.136,3.8441,2.336,2.0,0.0,0.538,0.0,0.0,0.0,0.0,0.0,-1.0,-9.999999999999999e-31,0.0,0.7092,0.2755,0.00271,0.0007399,0.00672,-1.0,0.01527,-3.07,-3.245,-3.1,-3.504
0.0152,0.01508,8.0,5.0792226791,2.6144685982,5.079,3.128,3.832,2.296,2.0,0.0,0.538,0.0,0.0,0.0,0.0,0.0,-1.0,-9.999999999999999e-31,0.0,0.7092,0.2755,0.00271,0.0007399,0.00672,-1.0,0.01527,-3.05,-3.226,-3.058,-3.52
0.0152,0.01508,8.0,5.0793118477,2.6144690425,5.079,3.12,3.8199,2.256,2.0,0.0,0.538,0.0,0.0,0.0,0.0,0.0,-1.0,-9.999999999999999e-31,0.0,0.7092,0.2755,0.00271,0.0007399,0.00672,-1.0,0.01527,-3.029,-3.204,-3.012,-3.531
0.0152,0.01508,8.0,5.079395771,2.6144694607,5.079,3.111,3.8078,2.216,2.0,0.0,0.538,0.0,0.0,0.0,0.0,0.0,-1.0,-9.999999999999999e-31,0.0,0.7092,0.2755,0.00271,0.0007399,0.00672,-1.0,0.01527,-3.008,-3.18,-2.963,-3.541
0.0152,0.01508,8.0,5.0794758797,2.6144698598,5.079,3.103,3.7957,2.175,2.0,0.0,0.538,0.0,0.0,0.0,0.0,0.0,-1.0,-9.999999999999999e-31,0.0,0.7092,0.2755,0.00271,0.0007399,0.00672,-1.0,0.01527,-2.987,-3.153,-2.909,-3.549
0.0152,0.01508,8.0,5.0795521736,2.61447024,5.079,3.094,3.7836,2.136,2.0,0.0,0.538,0.0,0.0,0.0,0.0,0.0,-1.0,-9.999999999999999e-31,0.0,0.7092,0.2755,0.00271,0.0007399,0.00672,-1.0,0.01527,-2.966,-3.124,-2.853,-3.553
0.0152,0.01508,8.0,5.0796246529,2.6144706011,5.079,3.086,3.7715,2.096,2.0,0.0,0.538,0.0,0.0,0.0,0.0,0.0,-1.0,-9.999999999999999e-31,0.0,0.7092,0.2755,0.00271,0.0007399,0.00672,-1.0,0.01527,-2.944,-3.091,-2.79,-3.555
0.0152,0.01508,8.0,5.0796933174,2.6144709432,5.079,3.077,3.7595,2.057,2.0,0.0,0.538,0.0,0.0,0.0,0.0,0.0,-1.0,-9.999999999999999e-31,0.0,0.7092,0.2755,0.00271,0.0007399,0.00672,-1.0,0.01527,-2.921,-3.055,-2.725,-3.552
0.0152,0.01508,8.0,5.0797595978,2.6144712734,5.079,3.067,3.7478,2.02,2.0,0.0,0.538,0.0,0.0,0.0,0.0,0.0,-1.0,-9.999999999999999e-31,0.0,0.7092,0.2755,0.00271,0.0007399,0.00672,-1.0,0.01527,-2.898,-3.016,-2.658,-3.543
0.0152,0.01508,8.0,5.0798249245,2.6144715988,5.079,3.058,3.7365,1.984,2.0,0.0,0.538,0.0,0.0,0.0,0.0,0.0,-1.0,-9.999999999999999e-31,0.0,0.7092,0.2755,0.00271,0.0007399,0.00672,-1.0,0.01527,-2.874,-2.974,-2.589,-3.528
0.0152,0.01508,8.0,5.0798940659,2.6144719433,5.079,3.046,3.7254,1.951,2.0,0.0,0.538,0.0,0.0,0.0,0.0,0.0,-1.0,-9.999999999999999e-31,0.0,0.7092,0.2755,0.00271,0.0007399,0.00672,-1.0,0.01527,-2.846,-2.925,-2.513,-3.506
0.0152,0.01508,8.0,5.0799703598,2.6144723233,5.079,3.033,3.7148,1.922,2.0,0.0,0.538,0.0,0.0,0.0,0.0,0.0,-1.0,-9.999999999999999e-31,0.0,0.7092,0.2755,0.00271,0.0007399,0.00672,-1.0,0.01527,-2.812,-2.869,-2.43,-3.475
0.0152,0.01508,8.0,5.0800671577,2.6144728055,5.079,3.015,3.7049,1.9,2.0,0.0,0.538,0.0,0.0,0.0,0.0,0.0,-1.0,-9.999999999999999e-31,0.0,0.7092,0.2755,0.00271,0.0007399,0.00672,-1.0,0.01527,-2.767,-2.8,-2.336,-3.428
0.0152,0.01508,8.0,5.0801796913,2.614473366,5.08,2.993,3.6961,1.887,2.0,0.0,0.538,0.0,0.0,0.0,0.0,0.0,-1.0,-9.999999999999999e-31,0.0,0.7092,0.2755,0.00271,0.0007399,0.00672,-1.0,0.01527,-2.711,-2.721,-2.235,-3.368
0.0152,0.01508,8.0,5.0803046227,2.6144739883,5.08,2.968,3.6874,1.877,2.0,0.0,0.538,0.0,0.0,0.0,0.0,0.0,-1.0,-9.999999999999999e-31,0.0,0.7092,0.2755,0.00271,0.0007399,0.00672,-1.0,0.01527,-2.651,-2.634,-2.127,-3.3
0.0152,0.01508,8.0,5.0804409981,2.6144746675,5.08,2.949,3.6787,1.862,2.0,0.0,0.538,0.0,0.0,0.0,0.0,0.0,-1.0,-9.999999999999999e-31,0.0,0.7092,0.2755,0.00271,0.0007399,0.00672,-1.0,0.01527,-2.602,-2.56,-2.032,-3.242
0.0152,0.01508,8.0,5.080537796,2.6144751496,5.08,2.942,3.6728,1.845,2.0,0.0,0.538,0.0,0.0,0.0,0.0,0.0,-1.0,-9.999999999999999e-31,0.0,0.7092,0.2755,0.00271,0.0007399,0.00672,-1.0,0.01527,-2.585,-2.522,-1.979,-3.218
0.0152,0.01508,8.0,5.0806369781,2.6144756435,5.08,2.954,3.6667,1.808,3.0,0.0,0.538,5.39,4.91,3.66,2.64,2.16,4.0,-9.999999999999999e-31,0.0,0.7092,0.2755,0.00271,0.0007399,0.00672,-1.0,0.01527,-2.616,-2.53,-1.97,-3.239
0.0152,0.01508,8.0,5.0807719231,2.6144763155,5.08,2.986,3.6583,1.743,3.0,0.0,0.538,6.19,5.53,4.09,2.95,2.42,4.0,-9.999999999999999e-31,0.0,0.7092,0.2755,0.002709,0.00074,0.00672,-1.0,0.01527,-2.695,-2.576,-1.991,-3.303
0.0152,0.01508,8.0,5.0808820724,2.614476864,5.08,3.027,3.6515,1.675,3.0,0.0,0.536,7.16,6.25,4.6,3.33,2.73,4.0,-9.999999999999999e-31,0.0,0.7092,0.2756,0.002703,0.0007415,0.00672,-1.0,0.01527,-2.798,-2.65,-2.046,-3.393
0.0152,0.01508,8.0,5.0809721947,2.6144773127,5.08,3.065,3.6465,1.617,3.0,0.0,0.531,8.1,6.94,5.08,3.68,3.02,4.0,-9.999999999999999e-31,0.0,0.7091,0.2756,0.002678,0.0007517,0.00672,-1.0,0.01528,-2.891,-2.721,-2.102,-3.475
0.0152,0.01508,8.0,5.0810623169,2.6144777614,5.08,3.1,3.6422,1.565,3.0,0.0,0.518,9.06,7.63,5.57,4.04,3.32,4.0,-9.999999999999999e-31,0.0,0.7091,0.2756,0.002613,0.0007987,0.00672,-1.0,0.01527,-2.981,-2.79,-2.159,-3.553
0.0152,0.01508,8.0,5.0811834335,2.6144783644,5.081,3.14,3.6378,1.507,3.0,0.0,0.491,10.26,8.48,6.15,4.47,3.67,4.0,-9.999999999999999e-31,0.0,0.7091,0.2756,0.002476,0.0009377,0.00672,-1.0,0.0153,-3.081,-2.868,-2.224,-3.641
0.0152,0.01508,8.0,5.0812330246,2.6144786113,5.081,3.152,3.6365,1.49,3.0,0.0,0.482,10.63,8.73,6.33,4.6,3.78,4.0,-9.999999999999999e-31,0.0,0.709,0.2756,0.002428,0.000995,0.00672,-1.0,0.01532,-3.11,-2.891,-2.242,-3.666
0.0152,0.01508,8.0,5.0813441277,2.6144791644,5.081,3.175,3.6341,1.458,3.0,0.0,0.463,11.39,9.26,6.7,4.87,4.0,4.0,-9.999999999999999e-31,0.0,0.709,0.2757,0.002331,0.001113,0.00672,-1.0,0.01531,-3.167,-2.935,-2.277,-3.717
0.0152,0.01508,8.0,5.0813732147,2.6144793092,5.081,3.179,3.6336,1.451,3.0,0.0,0.459,11.54,9.37,6.77,4.93,4.05,4.0,-9.999999999999999e-31,0.0,0.709,0.2757,0.002313,0.001136,0.00672,-1.0,0.01531,-3.177,-2.943,-2.284,-3.727
0.0152,0.01508,8.0,5.0817265511,2.6144810681,5.081,3.221,3.6291,1.392,3.0,0.0,0.427,13.11,10.44,7.51,5.47,4.5,4.0,-9.999999999999999e-31,0.0,0.7089,0.2758,0.002154,0.001331,0.00672,-1.0,0.01536,-3.282,-3.024,-2.348,-3.82
0.0152,0.01508,8.0,5.0821604729,2.6144832277,5.082,3.264,3.6247,1.331,3.0,0.0,0.404,14.92,11.65,8.33,6.09,5.0,4.0,-9.999999999999999e-31,0.0,0.7088,0.2758,0.002037,0.001478,0.006717,-1.0,0.01537,-3.39,-3.107,-2.413,-3.914
0.0152,0.01508,8.0,5.0826020241,2.6144854248,5.082,3.305,3.6207,1.274,3.0,0.0,0.393,16.87,12.92,9.2,6.73,5.53,4.0,-9.999999999999999e-31,0.0,0.7074,0.2772,0.001954,0.001663,0.006622,-1.0,0.01537,-3.493,-3.187,-2.477,-4.006
0.0152,0.01508,8.0,5.0830798149,2.6144878018,5.083,3.349,3.6167,1.214,3.0,0.0,0.39,19.17,14.39,10.2,7.47,6.14,4.0,-9.999999999999999e-31,0.0,0.7033,0.2814,0.001883,0.001907,0.006442,-1.0,0.01537,-3.603,-3.272,-2.544,-4.102
0.0152,0.01508,8.0,5.0835576057,2.6144901782,5.083,3.393,3.613,1.155,3.0,0.0,0.389,21.71,16.0,11.29,8.28,6.81,4.0,-9.999999999999999e-31,0.0,0.6972,0.2874,0.001826,0.002134,0.006263,-1.0,0.01536,-3.712,-3.357,-2.613,-4.199
0.0152,0.01508,8.0,5.0840349197,2.6144925518,5.083,3.436,3.6094,1.098,3.0,0.0,0.388,24.56,17.76,12.47,9.16,7.54,4.0,-9.999999999999999e-31,0.0,0.6907,0.294,0.001782,0.002317,0.006117,-1.0,0.01534,-3.82,-3.442,-2.681,-4.294
0.0152,0.01508,8.0,5.084485054,2.6144947897,5.084,3.474,3.6062,1.047,3.0,0.0,0.388,27.38,19.47,13.61,10.02,8.24,4.0,-9.999999999999999e-31,0.0,0.6853,0.2993,0.001752,0.002441,0.006017,-1.0,0.01534,-3.915,-3.515,-2.739,-4.378
0.0152,0.01508,8.0,5.0851597786,2.6144981434,5.085,3.506,3.6035,1.004,3.0,0.0,0.388,30.02,21.05,14.67,10.8,8.89,4.0,-9.999999999999999e-31,0.0,0.6814,0.3033,0.001733,0.002523,0.005952,-1.0,0.01533,-3.996,-3.577,-2.787,-4.448
0.0152,0.01508,8.0,5.0862307549,2.6145034645,5.086,3.525,3.602,0.979,3.0,0.0,0.388,31.61,21.99,15.29,11.27,9.28,4.0,-9.999999999999999e-31,0.0,0.6799,0.3048,0.001726,0.002552,0.005928,-1.0,0.01531,-4.042,-3.612,-2.814,-4.488
0.0152,0.01508,8.0,5.088467598,2.61451457,5.088,3.515,3.603,0.994,3.0,0.0,0.388,30.68,21.44,14.93,11.0,9.05,4.0,-9.999999999999999e-31,0.0,0.6799,0.3048,0.001726,0.002552,0.005928,-1.0,0.01531,-4.017,-3.595,-2.802,-4.467
0.0152,0.01508,8.0,5.0955715179,2.6145497649,5.095,3.477,3.6068,1.047,4.0,0.0,0.388,0.0,0.0,0.0,0.0,0.0,-1.0,-9.999999999999999e-31,0.0,0.6799,0.3048,0.001726,0.002552,0.005928,-1.0,0.01531,-3.923,-3.527,-2.753,-4.387
0.0152,0.01508,8.0,5.0999503136,2.6145714027,5.099,3.445,3.6099,1.092,4.0,0.0,0.388,0.0,0.0,0.0,0.0,0.0,-1.0,-9.999999999999999e-31,0.0,0.6799,0.3048,0.001726,0.002552,0.005928,-1.0,0.01531,-3.843,-3.469,-2.711,-4.32
0.0152,0.01508,8.0,5.1035022736,2.6145889233,5.103,3.412,3.613,1.138,4.0,0.0,0.388,0.0,0.0,0.0,0.0,0.0,-1.0,-9.999999999999999e-31,0.0,0.6799,0.3048,0.001726,0.002552,0.005928,-1.0,0.01531,-3.76,-3.406,-2.662,-4.248
0.0152,0.01508,8.0,5.1068854332,2.6146055851,5.106,3.377,3.6164,1.187,4.0,0.0,0.388,0.0,0.0,0.0,0.0,0.0,-1.0,-9.999999999999999e-31,0.0,0.6799,0.3048,0.001726,0.002552,0.005928,-1.0,0.01531,-3.672,-3.339,-2.609,-4.171
0.0152,0.01508,8.0,5.1102309227,2.6146220366,5.11,3.34,3.6199,1.238,4.0,0.0,0.388,0.0,0.0,0.0,0.0,0.0,-1.0,-9.999999999999999e-31,0.0,0.6799,0.3048,0.001726,0.002552,0.005928,-1.0,0.01531,-3.581,-3.27,-2.555,-4.091
0.0152,0.01508,8.0,5.1135482788,2.6146383252,5.113,3.304,3.6233,1.288,4.0,0.0,0.388,0.0,0.0,0.0,0.0,0.0,-1.0,-9.999999999999999e-31,0.0,0.6799,0.3048,0.001726,0.002552,0.005928,-1.0,0.01531,-3.491,-3.2,-2.5,-4.012
0.0152,0.01508,8.0,5.1174879074,2.6146576377,5.117,3.265,3.6273,1.344,4.0,0.0,0.388,0.0,0.0,0.0,0.0,0.0,-1.0,-9.999999999999999e-31,0.0,0.6799,0.3047,0.001726,0.002551,0.005928,-1.0,0.01531,-3.392,-3.123,-2.439,-3.924
0.0152,0.01508,8.0,5.1230683327,2.6146849352,5.123,3.217,3.6324,1.412,4.0,0.0,0.388,0.0,0.0,0.0,0.0,0.0,-1.0,-9.999999999999999e-31,0.0,0.68,0.3047,0.001726,0.002551,0.005928,-1.0,0.01531,-3.273,-3.032,-2.368,-3.819
0.0152,0.01508,8.0,5.1290960312,2.6147143438,5.129,3.178,3.6371,1.47,4.0,0.0,0.388,0.0,0.0,0.0,0.0,0.0,-1.0,-9.999999999999999e-31,0.0,0.68,0.3047,0.001726,0.002551,0.005928,-1.0,0.01531,-3.176,-2.96,-2.314,-3.735
0.0152,0.01508,8.0,5.1397080421,2.6147659262,5.139,3.138,3.644,1.539,4.0,0.0,0.388,0.0,0.0,0.0,0.0,0.0,-1.0,-9.999999999999999e-31,0.0,0.68,0.3047,0.001726,0.002551,0.005928,-1.0,0.01531,-3.075,-2.893,-2.269,-3.652
0.0152,0.01508,8.0,5.1485953331,2.614808937,5.148,3.125,3.6492,1.573,4.0,0.0,0.388,0.0,0.0,0.0,0.0,0.0,-1.0,-9.999999999999999e-31,0.0,0.68,0.3047,0.001726,0.002551,0.005928,-1.0,0.01531,-3.044,-2.887,-2.278,-3.633
0.0152,0.01508,8.0,5.1561179161,2.61484521,5.156,3.144,3.6553,1.579,4.0,0.0,0.388,0.0,0.0,0.0,0.0,0.0,-1.0,-9.999999999999999e-31,0.0,0.68,0.3046,0.001727,0.00255,0.005928,-1.0,0.01531,-3.09,-2.961,-2.37,-3.693
0.0152,0.01508,8.0,5.1619205475,2.6148731065,5.162,3.168,3.6616,1.581,5.0,0.0,0.388,0.0,0.0,0.0,0.0,0.0,-1.0,-9.999999999999999e-31,0.0,0.6801,0.3046,0.001727,0.00255,0.005928,-1.0,0.01531,-3.151,-3.049,-2.477,-3.767
0.0152,0.01508,8.0,5.165128231,2.6148884968,5.165,3.196,3.6684,1.581,5.0,0.0,0.388,0.0,0.0,0.0,0.0,0.0,-1.0,-9.999999999999999e-31,0.0,0.6801,0.3046,0.001727,0.00255,0.005928,-1.0,0.01531,-3.219,-3.144,-2.587,-3.85
0.0152,0.01508,8.0,5.1669368744,2.6148971648,5.167,3.217,3.6747,1.585,5.0,0.0,0.388,0.0,0.0,0.0,0.0,0.0,-1.0,-9.999999999999999e-31,0.0,0.6801,0.3046,0.001727,0.00255,0.005928,-1.0,0.01531,-3.271,-3.218,-2.674,-3.913
