Zini,MH,logAge,Mini,int_IMF,Mass,LogL,LogTe,logg,label,McoreTP,C_O,period0,period1,period2,period3,period4,pmode,Mloss,tau1m,X,Y,Xc,Xn,Xo,Cexcess,Z,mbolmag,Gmag,G_BPmag,G_RPmag
0.0152,0.01508,7.3,0.0900000036,1.0816895926,0.09,-2.268,3.4016,4.218,0.0,0.0,0.545,0.0,0.0,0.0,0.0,0.0,-1.0,-1.78e-15,0.0,0.7092,0.2755,0.002746,0.0007408,0.006719,-1.0,0.01527,10.439,12.47,15.095,11.011
0.0152,0.01508,7.3,0.0900000036,1.0816895926,0.09,-2.268,3.4016,4.218,0.0,0.0,0.545,0.0,0.0,0.0,0.0,0.0,-1.0,-1.78e-15,0.0,0.7092,0.2755,0.002746,0.0007408,0.006719,-1.0,0.01527,10.439,12.47,15.095,11.011
0.0152,0.01508,7.3,0.0984929577,1.1583928148,0.098,-2.21,3.4079,4.225,0.0,0.0,0.545,0.0,0.0,0.0,0.0,0.0,-1.0,-1.93e-15,0.0,0.7092,0.2755,0.002746,0.0007408,0.006719,-1.0,0.01527,10.295,12.327,14.953,10.867
0.0152,0.01508,7.3,0.1000000015,1.1711064122,0.1,-2.2,3.4089,4.225,0.0,0.0,0.545,0.0,0.0,0.0,0.0,0.0,-1.0,-1.96e-15,0.0,0.7092,0.2755,0.002746,0.0007408,0.006719,-1.0,0.01527,10.269,12.301,14.928,10.841
0.0152,0.01508,7.3,0.1176880226,1.3038844696,0.118,-2.094,3.4202,4.235,0.0,0.0,0.545,0.0,0.0,0.0,0.0,0.0,-1.0,-2.28e-15,0.0,0.7092,0.2755,0.002746,0.0007408,0.006719,-1.0,0.01527,10.005,11.998,14.581,10.546
0.0152,0.01508,7.3,0.1200000122,1.3193155232,0.12,-2.081,3.4215,4.236,0.0,0.0,0.545,0.0,0.0,0.0,0.0,0.0,-1.0,-2.32e-15,0.0,0.7092,0.2755,0.002746,0.0007408,0.006719,-1.0,0.01527,9.972,11.945,14.505,10.498
0.0152,0.01508,7.3,0.1400000006,1.4384526719,0.14,-1.979,3.4325,4.245,0.0,0.0,0.545,0.0,0.0,0.0,0.0,0.0,-1.0,-2.69e-15,0.0,0.7092,0.2755,0.002746,0.0007408,0.006719,-1.0,0.01527,9.717,11.536,13.916,10.124
0.0152,0.01508,7.3,0.1465429068,1.4727085989,0.146,-1.949,3.436,4.249,0.0,0.0,0.545,0.0,0.0,0.0,0.0,0.0,-1.0,-2.8e-15,0.0,0.7092,0.2755,0.002746,0.0007408,0.006719,-1.0,0.01527,9.643,11.418,13.75,10.016
0.0152,0.01508,7.3,0.1753384024,1.6028025989,0.175,-1.832,3.4491,4.262,0.0,0.0,0.545,0.0,0.0,0.0,0.0,0.0,-1.0,-3.31e-15,0.0,0.7092,0.2755,0.002746,0.0007408,0.006719,-1.0,0.01527,9.349,10.96,13.11,9.597
0.0152,0.01508,7.3,0.1891481131,1.6557090079,0.189,-1.782,3.4544,4.267,0.0,0.0,0.545,0.0,0.0,0.0,0.0,0.0,-1.0,-3.53e-15,0.0,0.7092,0.2755,0.002746,0.0007408,0.006719,-1.0,0.01527,9.226,10.772,12.847,9.425
0.0152,0.01508,7.3,0.1968074739,1.6829346398,0.197,-1.757,3.4573,4.271,0.0,0.0,0.545,0.0,0.0,0.0,0.0,0.0,-1.0,-3.65e-15,0.0,0.7092,0.2755,0.002746,0.0007408,0.006719,-1.0,0.01527,9.163,10.675,12.709,9.337
0.0152,0.01508,7.3,0.2066104412,1.7158351304,0.207,-1.725,3.4607,4.273,0.0,0.0,0.545,0.0,0.0,0.0,0.0,0.0,-1.0,-3.85e-15,0.0,0.7092,0.2755,0.002746,0.0007408,0.006719,-1.0,0.01527,9.083,10.555,12.543,9.228
0.0152,0.01508,7.3,0.2247654051,1.7717162622,0.225,-1.671,3.4665,4.278,0.0,0.0,0.545,0.0,0.0,0.0,0.0,0.0,-1.0,-4.16e-15,0.0,0.7092,0.2755,0.002746,0.0007408,0.006719,-1.0,0.01527,8.947,10.357,12.277,9.047
0.0152,0.01508,7.3,0.2445654571,1.8263332466,0.245,-1.616,3.4723,4.284,0.0,0.0,0.545,0.0,0.0,0.0,0.0,0.0,-1.0,-4.49e-15,0.0,0.7092,0.2755,0.002746,0.0007408,0.006719,-1.0,0.01527,8.81,10.16,12.01,8.867
0.0152,0.01508,7.3,0.2636878192,1.8738823767,0.264,-1.568,3.4776,4.29,0.0,0.0,0.545,0.0,0.0,0.0,0.0,0.0,-1.0,-4.8e-15,0.0,0.7092,0.2755,0.002746,0.0007408,0.006719,-1.0,0.01527,8.69,9.987,11.777,8.709
0.0152,0.01508,7.3,0.2921779156,1.936978254,0.292,-1.502,3.4849,4.297,0.0,0.0,0.545,0.0,0.0,0.0,0.0,0.0,-1.0,-5.27e-15,0.0,0.7092,0.2755,0.002746,0.0007408,0.006719,-1.0,0.01527,8.524,9.747,11.451,8.493
0.0152,0.01508,7.3,0.3000000119,1.9529139769,0.3,-1.485,3.4868,4.299,0.0,0.0,0.545,0.0,0.0,0.0,0.0,0.0,-1.0,-5.39e-15,0.0,0.7092,0.2755,0.002746,0.0007408,0.006719,-1.0,0.01527,8.482,9.685,11.366,8.437
0.0152,0.01508,7.3,0.3143351674,1.980761848,0.314,-1.456,3.4899,4.303,0.0,0.0,0.545,0.0,0.0,0.0,0.0,0.0,-1.0,-5.6e-15,0.0,0.7092,0.2755,0.002746,0.0007408,0.006719,-1.0,0.01527,8.41,9.582,11.226,8.344
0.0152,0.01508,7.3,0.3500000238,2.0434175133,0.35,-1.388,3.4973,4.311,0.0,0.0,0.545,0.0,0.0,0.0,0.0,0.0,-1.0,-6.15e-15,0.0,0.7092,0.2755,0.002746,0.0007408,0.006719,-1.0,0.01527,8.24,9.351,10.93,8.133
0.0152,0.01508,7.3,0.3959210217,2.1128449282,0.396,-1.312,3.5056,4.322,0.0,0.0,0.545,0.0,0.0,0.0,0.0,0.0,-1.0,-6.81e-15,0.0,0.7092,0.2755,0.002746,0.0007408,0.006719,-1.0,0.01527,8.049,9.096,10.604,7.9
0.0152,0.01508,7.3,0.4000000358,2.118502481,0.4,-1.305,3.5063,4.323,0.0,0.0,0.545,0.0,0.0,0.0,0.0,0.0,-1.0,-6.87e-15,0.0,0.7092,0.2755,0.002746,0.0007408,0.006719,-1.0,0.01527,8.033,9.075,10.577,7.881
0.0152,0.01508,7.3,0.4101470411,2.1322567506,0.41,-1.29,3.5082,4.325,0.0,0.0,0.545,0.0,0.0,0.0,0.0,0.0,-1.0,-7.01e-15,0.0,0.7092,0.2755,0.002746,0.0007408,0.006719,-1.0,0.01527,7.994,9.021,10.509,7.832
0.0152,0.01508,7.3,0.4500000477,2.1822809714,0.45,-1.23,3.5151,4.333,0.0,0.0,0.545,0.0,0.0,0.0,0.0,0.0,-1.0,-7.6e-15,0.0,0.7092,0.2755,0.002746,0.0007408,0.006719,-1.0,0.01527,7.846,8.822,10.254,7.652
0.0152,0.01508,7.3,0.4575102925,2.1910643294,0.457,-1.22,3.5164,4.336,0.0,0.0,0.545,0.0,0.0,0.0,0.0,0.0,-1.0,-7.7e-15,0.0,0.7092,0.2755,0.002746,0.0007408,0.006719,-1.0,0.01527,7.82,8.787,10.208,7.62
0.0152,0.01508,7.3,0.5,2.2374541529,0.5,-1.163,3.5234,4.345,0.0,0.0,0.545,0.0,0.0,0.0,0.0,0.0,-1.0,-8.31e-15,0.0,0.7092,0.2755,0.002746,0.0007408,0.006719,-1.0,0.01527,7.676,8.593,9.959,7.445
0.0152,0.01508,7.3,0.5239073634,2.2608118731,0.524,-1.131,3.5276,4.35,0.0,0.0,0.545,0.0,0.0,0.0,0.0,0.0,-1.0,-8.69e-15,0.0,0.7092,0.2755,0.002746,0.0007408,0.006719,-1.0,0.01527,7.597,8.484,9.818,7.348
0.0152,0.01508,7.3,0.5500000119,2.2836582633,0.55,-1.096,3.5317,4.353,0.0,0.0,0.545,0.0,0.0,0.0,0.0,0.0,-1.0,-9.17e-15,0.0,0.7092,0.2755,0.002746,0.0007408,0.006719,-1.0,0.01527,7.509,8.368,9.673,7.243
0.0152,0.01508,7.3,0.5723344088,2.3013230862,0.572,-1.068,3.5356,4.358,0.0,0.0,0.545,0.0,0.0,0.0,0.0,0.0,-1.0,-9.51e-15,0.0,0.7092,0.2755,0.002746,0.0007408,0.006719,-1.0,0.01527,7.441,8.274,9.551,7.16
0.0152,0.01508,7.3,0.6000000238,2.3211213258,0.6,-1.033,3.5401,4.361,0.0,0.0,0.545,0.0,0.0,0.0,0.0,0.0,-1.0,-1e-14,0.0,0.7092,0.2755,0.002746,0.0007408,0.006719,-1.0,0.01527,7.351,8.155,9.4,7.053
0.0152,0.01508,7.3,0.6021888852,2.3225986694,0.602,-1.03,3.5406,4.362,0.0,0.0,0.545,0.0,0.0,0.0,0.0,0.0,-1.0,-1.01e-14,0.0,0.7092,0.2755,0.002746,0.0007408,0.006719,-1.0,0.01527,7.345,8.145,9.387,7.045
0.0152,0.01508,7.3,0.6427745819,2.3479088759,0.643,-0.976,3.5487,4.368,0.0,0.0,0.545,0.0,0.0,0.0,0.0,0.0,-1.0,-1.1e-14,0.0,0.7092,0.2755,0.002746,0.0007408,0.006719,-1.0,0.01527,7.209,7.956,9.143,6.88
0.0152,0.01508,7.3,0.6499999762,2.3520353107,0.65,-0.967,3.55,4.37,0.0,0.0,0.545,0.0,0.0,0.0,0.0,0.0,-1.0,-1.11e-14,0.0,0.7092,0.2755,0.002746,0.0007408,0.006719,-1.0,0.01527,7.187,7.926,9.103,6.853
0.0152,0.01508,7.3,0.6992410421,2.3775654067,0.699,-0.887,3.5628,4.373,0.0,0.0,0.545,0.0,0.0,0.0,0.0,0.0,-1.0,-1.28e-14,0.0,0.7092,0.2755,0.002746,0.0007408,0.006719,-1.0,0.01527,6.987,7.642,8.734,6.608
0.0152,0.01508,7.3,0.7000000477,2.3779267258,0.7,-0.885,3.563,4.373,0.0,0.0,0.545,0.0,0.0,0.0,0.0,0.0,-1.0,-1.29e-14,0.0,0.7092,0.2755,0.002746,0.0007408,0.006719,-1.0,0.01527,6.984,7.637,8.728,6.604
0.0152,0.01508,7.3,0.75,2.3998889087,0.75,-0.709,3.6253,4.476,0.0,0.0,0.538,0.0,0.0,0.0,0.0,0.0,-1.0,-1.66e-14,0.0,0.7092,0.2755,0.00271,0.0007399,0.00672,-1.0,0.01527,6.543,6.839,7.602,5.988
0.0152,0.01508,7.3,0.7889140248,2.4147846883,0.789,-0.656,3.6319,4.47,0.0,0.0,0.538,0.0,0.0,0.0,0.0,0.0,-1.0,-1.84e-14,0.0,0.7092,0.2755,0.00271,0.0007399,0.00672,-1.0,0.01527,6.409,6.67,7.402,5.839
0.0152,0.01508,7.3,0.8000000119,2.4187244405,0.8,-0.638,3.6339,4.467,0.0,0.0,0.538,0.0,0.0,0.0,0.0,0.0,-1.0,-1.9e-14,0.0,0.7092,0.2755,0.00271,0.0007399,0.00672,-1.0,0.01527,6.365,6.616,7.337,5.792
0.0152,0.01508,7.3,0.8220511079,2.4261989379,0.822,-0.604,3.6386,4.463,0.0,0.0,0.538,0.0,0.0,0.0,0.0,0.0,-1.0,-2.03e-14,0.0,0.7092,0.2755,0.00271,0.0007399,0.00672,-1.0,0.01527,6.28,6.507,7.205,5.697
0.0152,0.01508,7.3,0.8500000238,2.435034684,0.85,-0.55,3.6463,4.454,0.0,0.0,0.538,0.0,0.0,0.0,0.0,0.0,-1.0,-2.29e-14,0.0,0.7092,0.2755,0.00271,0.0007399,0.00672,-1.0,0.01527,6.144,6.332,6.997,5.545
0.0152,0.01508,7.3,0.8632637858,2.4389984007,0.863,-0.523,3.6502,4.45,0.0,0.0,0.538,0.0,0.0,0.0,0.0,0.0,-1.0,-2.42e-14,0.0,0.7092,0.2755,0.002709,0.0007399,0.00672,-1.0,0.01527,6.079,6.247,6.894,5.472
0.0152,0.01508,7.3,0.9000000358,2.4492786175,0.899,-0.446,3.6625,4.44,0.0,0.0,0.538,0.0,0.0,0.0,0.0,0.0,-1.0,-2.86e-14,0.0,0.7092,0.2755,0.002709,0.0007399,0.00672,-1.0,0.01527,5.884,5.995,6.595,5.256
0.0152,0.01508,7.3,0.9421224594,2.4599388538,0.942,-0.345,3.6794,4.426,0.0,0.0,0.538,0.0,0.0,0.0,0.0,0.0,-1.0,-3.58e-14,0.0,0.7092,0.2755,0.002709,0.0007399,0.00672,-1.0,0.01527,5.632,5.676,6.216,4.982
0.0152,0.01508,7.3,0.9500000477,2.4618122009,0.95,-0.324,3.6828,4.423,0.0,0.0,0.538,0.0,0.0,0.0,0.0,0.0,-1.0,-3.74e-14,0.0,0.7092,0.2755,0.002709,0.0007398,0.00672,-1.0,0.01527,5.581,5.614,6.144,4.929
0.0152,0.01508,7.3,0.9647304416,2.4652209731,0.964,-0.287,3.6892,4.418,0.0,0.0,0.538,0.0,0.0,0.0,0.0,0.0,-1.0,-4.07e-14,0.0,0.7092,0.2755,0.002709,0.0007398,0.00672,-1.0,0.01527,5.487,5.5,6.01,4.831
0.0152,0.01508,7.3,0.9953383803,2.4719343766,0.995,-0.204,3.7033,4.405,0.0,0.0,0.538,0.0,0.0,0.0,0.0,0.0,-1.0,-4.92e-14,0.0,0.7092,0.2755,0.002709,0.0007398,0.00672,-1.0,0.01527,5.281,5.254,5.724,4.619
0.0152,0.01508,7.3,1.0,2.4729154477,1.0,-0.191,3.7055,4.403,0.0,0.0,0.538,0.0,0.0,0.0,0.0,0.0,-1.0,-5.07e-14,0.0,0.7092,0.2755,0.002709,0.0007398,0.00672,-1.0,0.01527,5.248,5.216,5.681,4.586
0.0152,0.01508,7.3,1.0093457699,2.4748509778,1.009,-0.165,3.7098,4.399,0.0,0.0,0.538,0.0,0.0,0.0,0.0,0.0,-1.0,-5.31e-14,0.0,0.7092,0.2755,0.002709,0.0007398,0.00672,-1.0,0.01527,5.183,5.14,5.594,4.521
0.0152,0.01508,7.3,1.0332006216,2.479609312,1.033,-0.096,3.7212,4.385,0.0,0.0,0.538,0.0,0.0,0.0,0.0,0.0,-1.0,-6.03e-14,0.0,0.7092,0.2755,0.002709,0.0007398,0.00672,-1.0,0.01527,5.01,4.943,5.368,4.349
0.0152,0.01508,7.3,1.0499999523,2.482811486,1.05,-0.045,3.7294,4.374,0.0,0.0,0.538,0.0,0.0,0.0,0.0,0.0,-1.0,-6.65e-14,0.0,0.7092,0.2755,0.002709,0.0007398,0.00672,-1.0,0.01527,4.883,4.8,5.208,4.224
0.0152,0.01508,7.3,1.0523122549,2.4832430452,1.052,-0.038,3.7305,4.372,0.0,0.0,0.538,0.0,0.0,0.0,0.0,0.0,-1.0,-6.74e-14,0.0,0.7092,0.2755,0.002709,0.0007398,0.00672,-1.0,0.01527,4.865,4.781,5.185,4.207
0.0152,0.01508,7.3,1.0725790262,2.4869341708,1.072,0.026,3.7404,4.355,0.0,0.0,0.538,0.0,0.0,0.0,0.0,0.0,-1.0,-7.64e-14,0.0,0.7092,0.2755,0.002709,0.0007398,0.00672,-1.0,0.01527,4.704,4.604,4.985,4.053
0.0152,0.01508,7.3,1.0922929049,2.4903738843,1.092,0.091,3.7501,4.337,0.0,0.0,0.538,0.0,0.0,0.0,0.0,0.0,-1.0,-8.69e-14,0.0,0.7092,0.2755,0.002709,0.0007398,0.00672,-1.0,0.01527,4.542,4.432,4.791,3.903
0.0152,0.01508,7.3,1.1000000238,2.491680148,1.099,0.117,3.7539,4.33,0.0,0.0,0.538,0.0,0.0,0.0,0.0,0.0,-1.0,-9.15e-14,0.0,0.7092,0.2755,0.002709,0.0007398,0.00672,-1.0,0.01527,4.478,4.364,4.714,3.844
0.0152,0.01508,7.3,1.104421854,2.4924201368,1.104,0.132,3.7561,4.325,0.0,0.0,0.538,0.0,0.0,0.0,0.0,0.0,-1.0,-9.43e-14,0.0,0.7092,0.2755,0.002709,0.0007398,0.00672,-1.0,0.01527,4.44,4.324,4.67,3.809
0.0152,0.01508,7.3,1.1268001795,2.4960629185,1.126,0.208,3.767,4.301,0.0,0.0,0.538,0.0,0.0,0.0,0.0,0.0,-1.0,-1.1e-13,0.0,0.7092,0.2755,0.002709,0.0007398,0.006719,-1.0,0.01527,4.249,4.126,4.447,3.637
0.0152,0.01508,7.3,1.1499999762,2.4996678137,1.149,0.283,3.778,4.28,0.0,0.0,0.538,0.0,0.0,0.0,0.0,0.0,-1.0,-1.27e-13,0.0,0.7092,0.2755,0.002709,0.0007398,0.006719,-1.0,0.01527,4.063,3.935,4.231,3.473
0.0152,0.01508,7.3,1.1523059607,2.5000170189,1.152,0.29,3.7791,4.278,0.0,0.0,0.538,0.0,0.0,0.0,0.0,0.0,-1.0,-1.29e-13,0.0,0.7092,0.2755,0.002709,0.0007398,0.006719,-1.0,0.01527,4.045,3.916,4.21,3.457
0.0152,0.01508,7.3,1.1683661938,2.5024051885,1.168,0.334,3.7862,4.268,0.0,0.0,0.538,0.0,0.0,0.0,0.0,0.0,-1.0,-1.39e-13,0.0,0.7092,0.2755,0.002709,0.0007398,0.006719,-1.0,0.01527,3.935,3.806,4.085,3.364
0.0152,0.01508,7.3,1.192071557,2.5057953304,1.191,0.365,3.794,4.277,0.0,0.0,0.538,0.0,0.0,0.0,0.0,0.0,-1.0,-1.41e-13,0.0,0.7092,0.2755,0.002709,0.0007398,0.006719,-1.0,0.01527,3.857,3.727,3.991,3.304
0.0152,0.01508,7.3,1.2000000477,2.5068948796,1.2,0.372,3.7963,4.282,0.0,0.0,0.538,0.0,0.0,0.0,0.0,0.0,-1.0,-1.4e-13,0.0,0.7092,0.2755,0.002709,0.0007398,0.006719,-1.0,0.01527,3.841,3.711,3.97,3.293
0.0152,0.01508,7.3,1.2235531807,2.5100648733,1.223,0.39,3.8036,4.301,0.0,0.0,0.538,0.0,0.0,0.0,0.0,0.0,-1.0,-1.35e-13,0.0,0.7092,0.2755,0.002709,0.0007397,0.006719,-1.0,0.01527,3.794,3.666,3.911,3.265
0.0152,0.01508,7.3,1.2484863997,2.5132711832,1.248,0.383,3.8075,4.334,0.0,0.0,0.538,0.0,0.0,0.0,0.0,0.0,-1.0,-1.2e-13,0.0,0.7092,0.2755,0.002709,0.0007397,0.006719,-1.0,0.01527,3.814,3.687,3.924,3.295
0.0152,0.01508,7.3,1.25,2.5134610955,1.25,0.382,3.8076,4.335,0.0,0.0,0.538,0.0,0.0,0.0,0.0,0.0,-1.0,-1.2e-13,0.0,0.7092,0.2755,0.002709,0.0007397,0.006719,-1.0,0.01527,3.815,3.688,3.926,3.297
0.0152,0.01508,7.3,1.2671929598,2.5155817359,1.267,0.374,3.8087,4.354,0.0,0.0,0.538,0.0,0.0,0.0,0.0,0.0,-1.0,-1.1e-13,0.0,0.7092,0.2755,0.002709,0.0007397,0.006718,-1.0,0.01526,3.836,3.709,3.945,3.32
0.0152,0.01508,7.3,1.2976135015,2.5191760612,1.298,0.382,3.8106,4.364,0.0,0.0,0.538,0.0,0.0,0.0,0.0,0.0,-1.0,-1.01e-13,0.0,0.7093,0.2755,0.002709,0.0007397,0.006718,-1.0,0.01524,3.816,3.691,3.922,3.306
0.0152,0.01508,7.3,1.2999999523,2.5194498592,1.3,0.383,3.8108,4.364,0.0,0.0,0.538,0.0,0.0,0.0,0.0,0.0,-1.0,-1.01e-13,0.0,0.7093,0.2755,0.002709,0.0007397,0.006718,-1.0,0.01525,3.812,3.687,3.918,3.303
0.0152,0.01508,7.3,1.3179383278,2.5214714861,1.318,0.392,3.8119,4.366,0.0,0.0,0.538,0.0,0.0,0.0,0.0,0.0,-1.0,-9.71e-14,0.0,0.7093,0.2754,0.002709,0.0007396,0.006718,-1.0,0.01527,3.791,3.666,3.895,3.285
0.0152,0.01508,7.3,1.3500001431,2.5249313723,1.35,0.446,3.8173,4.343,0.0,0.0,0.538,0.0,0.0,0.0,0.0,0.0,-1.0,-1.02e-13,0.0,0.7093,0.2754,0.002709,0.0007396,0.006718,-1.0,0.01527,3.654,3.53,3.75,3.161
0.0152,0.01508,7.3,1.3707516193,2.5270717734,1.371,0.482,3.821,4.329,0.0,0.0,0.538,0.0,0.0,0.0,0.0,0.0,-1.0,-1.04e-13,0.0,0.7093,0.2754,0.002709,0.0007396,0.006718,-1.0,0.01526,3.564,3.44,3.654,3.08
0.0152,0.01508,7.3,1.4000000954,2.5299650415,1.4,0.534,3.8266,4.309,0.0,0.0,0.538,0.0,0.0,0.0,0.0,0.0,-1.0,-1.09e-13,0.0,0.7093,0.2754,0.002708,0.0007396,0.006718,-1.0,0.01527,3.435,3.312,3.515,2.965
0.0152,0.01508,7.3,1.4500000477,2.5346015836,1.45,0.621,3.8386,4.285,0.0,0.0,0.538,0.0,0.0,0.0,0.0,0.0,-1.0,-1.12e-13,0.0,0.7093,0.2754,0.002708,0.0007396,0.006717,-1.0,0.01527,3.217,3.097,3.28,2.778
0.0152,0.01508,7.3,1.4623377323,2.5356897272,1.463,0.644,3.8426,4.281,0.0,0.0,0.538,0.0,0.0,0.0,0.0,0.0,-1.0,-1.12e-13,0.0,0.7093,0.2754,0.002708,0.0007396,0.006717,-1.0,0.01527,3.16,3.041,3.218,2.732
0.0152,0.01508,7.3,1.5,2.5388844597,1.5,0.705,3.8542,4.278,0.0,0.0,0.538,0.0,0.0,0.0,0.0,0.0,-1.0,-1.08e-13,0.0,0.7093,0.2754,0.002708,0.0007395,0.006717,-1.0,0.01526,3.008,2.894,3.052,2.612
0.0152,0.01508,7.3,1.5423018932,2.5422596592,1.542,0.767,3.8702,4.292,0.0,0.0,0.538,0.0,0.0,0.0,0.0,0.0,-1.0,-9.47e-14,0.0,0.7093,0.2754,0.002708,0.0007395,0.006717,-1.0,0.01527,2.853,2.747,2.882,2.504
0.0152,0.01508,7.3,1.5499999523,2.5428511323,1.55,0.776,3.8727,4.295,0.0,0.0,0.538,0.0,0.0,0.0,0.0,0.0,-1.0,-9.22e-14,0.0,0.7093,0.2754,0.002708,0.0007395,0.006717,-1.0,0.01527,2.829,2.725,2.856,2.488
0.0152,0.01508,7.3,1.6000000238,2.5465340628,1.6,0.832,3.8895,4.319,0.0,0.0,0.538,0.0,0.0,0.0,0.0,0.0,-1.0,-6.72e-14,0.0,0.7094,0.2754,0.002708,0.0007395,0.006716,-1.0,0.01527,2.689,2.598,2.704,2.402
0.0152,0.01508,7.3,1.6236007214,2.5481821043,1.623,0.856,3.8961,4.329,0.0,0.0,0.538,0.0,0.0,0.0,0.0,0.0,-1.0,-5.02e-14,0.0,0.7094,0.2753,0.002708,0.0007394,0.006716,-1.0,0.01527,2.63,2.546,2.643,2.366
0.0152,0.01508,7.3,1.6500000954,2.5499614852,1.649,0.886,3.9027,4.332,0.0,0.0,0.538,0.0,0.0,0.0,0.0,0.0,-1.0,-3.69e-14,0.0,0.7094,0.2753,0.002708,0.0007394,0.006716,-1.0,0.01527,2.556,2.479,2.567,2.316
0.0152,0.01508,7.3,1.7000000477,2.5531580802,1.699,0.941,3.9147,4.338,0.0,0.0,0.538,0.0,0.0,0.0,0.0,0.0,-1.0,-9.999999999999999e-31,0.0,0.7094,0.2753,0.002708,0.0007394,0.006716,-1.0,0.01527,2.417,2.356,2.427,2.223
0.0152,0.01508,7.3,1.75,2.5561455243,1.749,0.995,3.9261,4.342,0.0,0.0,0.538,0.0,0.0,0.0,0.0,0.0,-1.0,-9.999999999999999e-31,0.0,0.7094,0.2753,0.002708,0.0007394,0.006715,-1.0,0.01527,2.283,2.242,2.297,2.137
0.0152,0.01508,7.3,1.7999999523,2.5589429085,1.799,1.047,3.9369,4.346,0.0,0.0,0.538,0.0,0.0,0.0,0.0,0.0,-1.0,-9.999999999999999e-31,0.0,0.7094,0.2753,0.002707,0.0007393,0.006715,-1.0,0.01526,2.154,2.136,2.178,2.056
0.0152,0.01508,7.3,1.8500000238,2.5615671203,1.849,1.095,3.9469,4.35,0.0,0.0,0.538,0.0,0.0,0.0,0.0,0.0,-1.0,-9.999999999999999e-31,0.0,0.7094,0.2753,0.002707,0.0007393,0.006715,-1.0,0.01526,2.032,2.041,2.073,1.982
0.0152,0.01508,7.3,1.9000000954,2.5640331317,1.899,1.143,3.9566,4.352,0.0,0.0,0.538,0.0,0.0,0.0,0.0,0.0,-1.0,-9.999999999999999e-31,0.0,0.7094,0.2753,0.002707,0.0007393,0.006715,-1.0,0.01526,1.914,1.952,1.975,1.911
0.0152,0.01508,7.3,1.9500001669,2.5663542767,1.95,1.189,3.9659,4.354,0.0,0.0,0.538,0.0,0.0,0.0,0.0,0.0,-1.0,-9.999999999999999e-31,0.0,0.7095,0.2753,0.002707,0.0007393,0.006714,-1.0,0.01526,1.797,1.869,1.883,1.842
0.0152,0.01508,7.3,2.0,2.5685424513,2.0,1.234,3.9748,4.356,0.0,0.0,0.538,0.0,0.0,0.0,0.0,0.0,-1.0,-9.999999999999999e-31,0.0,0.7095,0.2752,0.002707,0.0007392,0.006714,-1.0,0.01527,1.686,1.791,1.799,1.778
0.0152,0.01508,7.3,2.0499999523,2.5706083333,2.05,1.277,3.9832,4.357,0.0,0.0,0.538,0.0,0.0,0.0,0.0,0.0,-1.0,-9.999999999999999e-31,0.0,0.7095,0.2752,0.002707,0.0007392,0.006714,-1.0,0.01526,1.578,1.719,1.72,1.716
0.0152,0.01508,7.3,2.0999999046,2.5725614918,2.099,1.319,3.9912,4.358,0.0,0.0,0.538,0.0,0.0,0.0,0.0,0.0,-1.0,-9.999999999999999e-31,0.0,0.7095,0.2752,0.002707,0.0007392,0.006714,-1.0,0.01525,1.472,1.648,1.644,1.656
0.0152,0.01508,7.3,2.1500000954,2.5744105556,2.149,1.36,3.9991,4.359,0.0,0.0,0.538,0.0,0.0,0.0,0.0,0.0,-1.0,-9.999999999999999e-31,0.0,0.7095,0.2752,0.002707,0.0007391,0.006714,-1.0,0.01526,1.37,1.581,1.573,1.598
0.0152,0.01508,7.3,2.2000000477,2.5761632879,2.199,1.4,4.0066,4.358,0.0,0.0,0.538,0.0,0.0,0.0,0.0,0.0,-1.0,-9.999999999999999e-31,0.0,0.7095,0.2752,0.002707,0.0007391,0.006713,-1.0,0.01527,1.269,1.515,1.503,1.54
0.0152,0.01508,7.3,2.25,2.5778267375,2.249,1.439,4.0141,4.359,1.0,0.0,0.538,0.0,0.0,0.0,0.0,0.0,-1.0,-9.999999999999999e-31,0.0,0.7095,0.2752,0.002707,0.0007391,0.006713,-1.0,0.01527,1.172,1.453,1.437,1.485
0.0152,0.01508,7.3,2.2999999523,2.5794072884,2.299,1.477,4.0211,4.359,1.0,0.0,0.538,0.0,0.0,0.0,0.0,0.0,-1.0,-9.999999999999999e-31,0.0,0.7095,0.2752,0.002707,0.0007391,0.006713,-1.0,0.01527,1.078,1.392,1.372,1.431
0.0152,0.01508,7.3,2.4000000954,2.5823423892,2.399,1.55,4.0343,4.357,0.0,0.0,0.538,0.0,0.0,0.0,0.0,0.0,-1.0,-9.999999999999999e-31,0.0,0.7095,0.2752,0.002707,0.0007391,0.006713,-1.0,0.01525,0.895,1.275,1.249,1.325
0.0152,0.01508,7.3,2.5999999046,2.5874412955,2.6,1.685,4.0586,4.354,0.0,0.0,0.538,0.0,0.0,0.0,0.0,0.0,-1.0,-9.999999999999999e-31,0.0,0.7092,0.2755,0.00271,0.0007399,0.00672,-1.0,0.01527,0.556,1.058,1.022,1.126
0.0152,0.01508,7.3,2.8000001907,2.5917117867,2.8,1.811,4.0802,4.347,1.0,0.0,0.538,0.0,0.0,0.0,0.0,0.0,-1.0,-9.999999999999999e-31,0.0,0.7092,0.2755,0.00271,0.0007399,0.00672,-1.0,0.01527,0.243,0.856,0.813,0.938
0.0152,0.01508,7.3,3.0,2.5953341962,3.0,1.927,4.0998,4.34,1.0,0.0,0.538,0.0,0.0,0.0,0.0,0.0,-1.0,-9.999999999999999e-31,0.0,0.7092,0.2755,0.00271,0.0007399,0.00672,-1.0,0.01527,-0.047,0.671,0.621,0.764
0.0152,0.01508,7.3,3.2000000477,2.5984409005,3.199,2.035,4.1177,4.331,1.0,0.0,0.538,0.0,0.0,0.0,0.0,0.0,-1.0,-9.999999999999999e-31,0.0,0.7092,0.2755,0.00271,0.0007399,0.00672,-1.0,0.01527,-0.317,0.498,0.443,0.602
0.0152,0.01508,7.3,3.4000000954,2.6011310876,3.398,2.136,4.1344,4.323,1.0,0.0,0.538,0.0,0.0,0.0,0.0,0.0,-1.0,-9.999999999999999e-31,0.0,0.7092,0.2755,0.00271,0.0007399,0.00672,-1.0,0.01527,-0.571,0.337,0.277,0.451
0.0152,0.01508,7.3,3.6000001431,2.6034804607,3.598,2.232,4.1497,4.313,1.0,0.0,0.538,0.0,0.0,0.0,0.0,0.0,-1.0,-9.999999999999999e-31,0.0,0.7092,0.2755,0.00271,0.0007399,0.00672,-1.0,0.01527,-0.81,0.185,0.119,0.307
0.0152,0.01508,7.3,3.8000001907,2.6055477311,3.798,2.322,4.164,4.304,1.0,0.0,0.538,0.0,0.0,0.0,0.0,0.0,-1.0,-9.999999999999999e-31,0.0,0.7092,0.2755,0.00271,0.0007399,0.00672,-1.0,0.01527,-1.034,0.042,-0.028,0.172
0.0152,0.01508,7.3,4.0,2.607379084,4.001,2.407,4.1773,4.294,1.0,0.0,0.538,0.0,0.0,0.0,0.0,0.0,-1.0,-9.999999999999999e-31,0.0,0.7092,0.2755,0.00271,0.0007399,0.00672,-1.0,0.01527,-1.247,-0.094,-0.168,0.044
0.0152,0.01508,7.3,4.1999998093,2.6090113217,4.198,2.488,4.19,4.285,1.0,0.0,0.538,0.0,0.0,0.0,0.0,0.0,-1.0,-9.999999999999999e-31,0.0,0.7092,0.2755,0.00271,0.0007399,0.00672,-1.0,0.01527,-1.451,-0.223,-0.301,-0.079
0.0152,0.01508,7.3,4.4000000954,2.6104741055,4.397,2.566,4.2019,4.275,1.0,0.0,0.538,0.0,0.0,0.0,0.0,0.0,-1.0,-9.999999999999999e-31,0.0,0.7092,0.2755,0.00271,0.0007399,0.00672,-1.0,0.01527,-1.645,-0.347,-0.428,-0.196
0.0152,0.01508,7.3,4.5999999046,2.6117915791,4.597,2.64,4.2132,4.265,1.0,0.0,0.538,0.0,0.0,0.0,0.0,0.0,-1.0,-9.999999999999999e-31,0.0,0.7092,0.2755,0.00271,0.0007399,0.00672,-1.0,0.01527,-1.83,-0.466,-0.551,-0.309
0.0152,0.01508,7.3,4.612783432,2.6118713329,4.61,2.645,4.2139,4.265,1.0,0.0,0.538,0.0,0.0,0.0,0.0,0.0,-1.0,-9.999999999999999e-31,0.0,0.7092,0.2755,0.00271,0.0007399,0.00672,-1.0,0.01527,-1.842,-0.474,-0.558,-0.316
0.0152,0.01508,7.3,4.8000001907,2.6129836005,4.798,2.711,4.2239,4.256,1.0,0.0,0.538,0.0,0.0,0.0,0.0,0.0,-1.0,-9.999999999999999e-31,0.0,0.7092,0.2755,0.00271,0.0007399,0.00672,-1.0,0.01527,-2.008,-0.581,-0.669,-0.417
0.0152,0.01508,7.3,5.0,2.6140666223,4.999,2.779,4.234,4.245,1.0,0.0,0.538,0.0,0.0,0.0,0.0,0.0,-1.0,-9.999999999999999e-31,0.0,0.7092,0.2755,0.00271,0.0007399,0.00672,-1.0,0.01527,-2.178,-0.692,-0.783,-0.523
0.0152,0.01508,7.3,5.1999998093,2.6150544,5.2,2.845,4.2436,4.235,1.0,0.0,0.538,0.0,0.0,0.0,0.0,0.0,-1.0,-9.999999999999999e-31,0.0,0.7092,0.2755,0.00271,0.0007399,0.00672,-1.0,0.01527,-2.343,-0.801,-0.894,-0.626
0.0152,0.01508,7.3,5.2983632088,2.6155088654,5.299,2.877,4.2482,4.23,1.0,0.0,0.538,0.0,0.0,0.0,0.0,0.0,-1.0,-9.999999999999999e-31,0.0,0.7092,0.2755,0.00271,0.0007399,0.00672,-1.0,0.01527,-2.422,-0.853,-0.948,-0.675
0.0152,0.01508,7.3,5.3999996185,2.6159585084,5.401,2.909,4.2528,4.225,1.0,0.0,0.538,0.0,0.0,0.0,0.0,0.0,-1.0,-9.999999999999999e-31,0.0,0.7092,0.2755,0.00271,0.0007399,0.00672,-1.0,0.01527,-2.502,-0.906,-1.002,-0.726
0.0152,0.01508,7.3,5.5974068642,2.616778428,5.598,2.97,4.2614,4.214,1.0,0.0,0.538,0.0,0.0,0.0,0.0,0.0,-1.0,-9.999999999999999e-31,0.0,0.7092,0.2755,0.00271,0.0007399,0.00672,-1.0,0.01527,-2.654,-1.007,-1.106,-0.822
0.0152,0.01508,7.3,5.5999994278,2.6167887546,5.601,2.97,4.2616,4.214,1.0,0.0,0.538,0.0,0.0,0.0,0.0,0.0,-1.0,-9.999999999999999e-31,0.0,0.7092,0.2755,0.00271,0.0007399,0.00672,-1.0,0.01527,-2.656,-1.009,-1.108,-0.824
0.0152,0.01508,7.3,5.7758030891,2.6174642139,5.777,3.023,4.2689,4.204,1.0,0.0,0.538,0.0,0.0,0.0,0.0,0.0,-1.0,-9.999999999999999e-31,0.0,0.7092,0.2755,0.00271,0.0007399,0.00672,-1.0,0.01527,-2.787,-1.097,-1.198,-0.908
0.0152,0.01508,7.3,5.8000001907,2.6175535027,5.801,3.03,4.2699,4.203,1.0,0.0,0.538,0.0,0.0,0.0,0.0,0.0,-1.0,-9.999999999999999e-31,0.0,0.7092,0.2755,0.00271,0.0007399,0.00672,-1.0,0.01527,-2.805,-1.11,-1.211,-0.92
0.0152,0.01508,7.3,5.9493708611,2.6180862475,5.95,3.073,4.2758,4.195,1.0,0.0,0.538,0.0,0.0,0.0,0.0,0.0,-1.0,-9.999999999999999e-31,0.0,0.7092,0.2755,0.00271,0.0007399,0.00672,-1.0,0.01527,-2.913,-1.183,-1.286,-0.99
0.0152,0.01508,7.3,6.0,2.6182599138,6.0,3.088,4.2778,4.192,1.0,0.0,0.538,0.0,0.0,0.0,0.0,0.0,-1.0,-9.999999999999999e-31,0.0,0.7092,0.2755,0.00271,0.0007399,0.00672,-1.0,0.01527,-2.95,-1.208,-1.312,-1.014
0.0152,0.01508,7.3,6.1999998093,2.6189141709,6.2,3.144,4.2853,4.179,1.0,0.0,0.538,0.0,0.0,0.0,0.0,0.0,-1.0,-9.999999999999999e-31,0.0,0.7092,0.2755,0.00271,0.0007399,0.00672,-1.0,0.01527,-3.091,-1.307,-1.413,-1.109
0.0152,0.01508,7.3,6.4000000954,2.6195216279,6.399,3.2,4.2924,4.166,1.0,0.0,0.538,0.0,0.0,0.0,0.0,0.0,-1.0,-9.999999999999999e-31,0.0,0.7092,0.2755,0.00271,0.0007399,0.00672,-1.0,0.01527,-3.229,-1.404,-1.512,-1.201
0.0152,0.01508,7.3,6.4893293381,2.6197790756,6.488,3.224,4.2955,4.16,1.0,0.0,0.538,0.0,0.0,0.0,0.0,0.0,-1.0,-9.999999999999999e-31,0.0,0.7092,0.2755,0.00271,0.0007399,0.00672,-1.0,0.01527,-3.289,-1.447,-1.555,-1.242
0.0152,0.01508,7.3,6.7939329147,2.6205987131,6.79,3.304,4.3055,4.14,1.0,0.0,0.538,0.0,0.0,0.0,0.0,0.0,-1.0,-9.999999999999999e-31,0.0,0.7092,0.2755,0.00271,0.0007399,0.00672,-1.0,0.01527,-3.49,-1.591,-1.703,-1.381
0.0152,0.01508,7.3,7.0,2.621106928,6.996,3.358,4.3119,4.125,1.0,0.0,0.538,0.0,0.0,0.0,0.0,0.0,-1.0,-9.999999999999999e-31,0.0,0.7092,0.2755,0.00271,0.0007399,0.00672,-1.0,0.01527,-3.624,-1.689,-1.802,-1.475
0.0152,0.01508,7.3,7.1156206131,2.6213772995,7.112,3.386,4.3153,4.117,1.0,0.0,0.538,0.0,0.0,0.0,0.0,0.0,-1.0,-9.999999999999999e-31,0.0,0.7092,0.2755,0.00271,0.0007399,0.00672,-1.0,0.01527,-3.696,-1.742,-1.856,-1.526
0.0152,0.01508,7.3,7.4174895287,2.6220377336,7.415,3.461,4.3236,4.094,1.0,0.0,0.538,0.0,0.0,0.0,0.0,0.0,-1.0,-9.999999999999999e-31,0.0,0.7092,0.2755,0.00271,0.0007399,0.00672,-1.0,0.01527,-3.881,-1.881,-1.998,-1.661
0.0152,0.01508,7.3,7.6941857338,2.6225910419,7.694,3.528,4.3306,4.071,1.0,0.0,0.538,0.0,0.0,0.0,0.0,0.0,-1.0,-9.999999999999999e-31,0.0,0.7092,0.2755,0.00271,0.0007399,0.00672,-1.0,0.01527,-4.049,-2.01,-2.129,-1.786
0.0152,0.01508,7.3,7.9174528122,2.6230052364,7.918,3.582,4.3357,4.05,1.0,0.0,0.538,0.0,0.0,0.0,0.0,0.0,-1.0,-9.999999999999999e-31,0.0,0.7092,0.2755,0.00271,0.0007399,0.00672,-1.0,0.01527,-4.184,-2.118,-2.238,-1.891
0.0152,0.01508,7.3,8.0,2.6231516585,8.001,3.602,4.3374,4.041,1.0,0.0,0.538,0.0,0.0,0.0,0.0,0.0,-1.0,-9.999999999999999e-31,0.0,0.7092,0.2755,0.00271,0.0007399,0.00672,-1.0,0.01527,-4.234,-2.158,-2.278,-1.93
0.0152,0.01508,7.3,8.0450315475,2.6232300802,8.046,3.612,4.3384,4.037,1.0,0.0,0.538,0.0,0.0,0.0,0.0,0.0,-1.0,-9.999999999999999e-31,0.0,0.7092,0.2755,0.00271,0.0007399,0.00672,-1.0,0.01527,-4.26,-2.179,-2.3,-1.951
0.0152,0.01508,7.3,8.2836933136,2.6236293889,8.283,3.667,4.3429,4.013,1.0,0.0,0.538,0.0,0.0,0.0,0.0,0.0,-1.0,-9.999999999999999e-31,0.0,0.7092,0.2755,0.00271,0.0007399,0.00672,-1.0,0.01527,-4.398,-2.293,-2.415,-2.062
0.0152,0.01508,7.3,8.5316123962,2.6240170991,8.529,3.724,4.3471,3.985,1.0,0.0,0.538,0.0,0.0,0.0,0.0,0.0,-1.0,-9.999999999999999e-31,0.0,0.7092,0.2755,0.00271,0.0007399,0.00672,-1.0,0.01527,-4.54,-2.413,-2.536,-2.18
0.0152,0.01508,7.3,8.7364883423,2.6243184723,8.732,3.771,4.35,3.96,1.0,0.0,0.538,0.0,0.0,0.0,0.0,0.0,-1.0,-9.999999999999999e-31,0.0,0.7092,0.2755,0.00271,0.0007399,0.00672,-1.0,0.01527,-4.658,-2.516,-2.64,-2.282
0.0152,0.01508,7.3,8.9272689819,2.624584855,8.921,3.815,4.352,3.933,1.0,0.0,0.538,0.0,0.0,0.0,0.0,0.0,-1.0,-9.999999999999999e-31,0.0,0.7092,0.2755,0.00271,0.0007399,0.00672,-1.0,0.01527,-4.768,-2.617,-2.741,-2.381
0.0152,0.01508,7.3,9.0,2.6246829947,8.995,3.832,4.3527,3.923,1.0,0.0,0.538,0.0,0.0,0.0,0.0,0.0,-1.0,-9.999999999999999e-31,0.0,0.7092,0.2755,0.00271,0.0007399,0.00672,-1.0,0.01527,-4.81,-2.656,-2.78,-2.42
0.0152,0.01508,7.3,9.0565929413,2.6247581058,9.051,3.845,4.3532,3.915,1.0,0.0,0.538,0.0,0.0,0.0,0.0,0.0,-1.0,-9.999999999999999e-31,0.0,0.7092,0.2755,0.00271,0.0007399,0.00672,-1.0,0.01527,-4.842,-2.685,-2.81,-2.449
0.0152,0.01508,7.3,9.318898201,2.6250925842,9.314,3.904,4.3546,3.874,1.0,0.0,0.538,0.0,0.0,0.0,0.0,0.0,-1.0,-9.999999999999999e-31,0.0,0.7092,0.2755,0.00271,0.0007399,0.00672,-1.0,0.01527,-4.989,-2.827,-2.952,-2.591
0.0152,0.01508,7.3,9.5578937531,2.6253790296,9.554,3.957,4.3548,3.832,1.0,0.0,0.538,0.0,0.0,0.0,0.0,0.0,-1.0,-9.999999999999999e-31,0.0,0.7092,0.2755,0.00271,0.0007399,0.00672,-1.0,0.01527,-5.123,-2.962,-3.088,-2.726
0.0152,0.01508,7.3,9.7586841583,2.6256072538,9.756,4.003,4.3538,3.791,1.0,0.0,0.538,0.0,0.0,0.0,0.0,0.0,-1.0,-9.999999999999999e-31,0.0,0.7092,0.2755,0.00271,0.0007399,0.00672,-1.0,0.01527,-5.238,-3.085,-3.21,-2.85
0.0152,0.01508,7.3,9.9433584213,2.6258078291,9.941,4.046,4.3516,3.748,1.0,0.0,0.538,0.0,0.0,0.0,0.0,0.0,-1.0,-9.999999999999999e-31,0.0,0.7092,0.2755,0.00271,0.0007399,0.00672,-1.0,0.01527,-5.344,-3.206,-3.331,-2.972
0.0152,0.01508,7.3,10.0,2.6258676431,9.998,4.059,4.3507,3.734,1.0,0.0,0.538,0.0,0.0,0.0,0.0,0.0,-1.0,-9.999999999999999e-31,0.0,0.7092,0.2755,0.00271,0.0007399,0.00672,-1.0,0.01527,-5.377,-3.245,-3.369,-3.01
0.0152,0.01508,7.3,10.1137647629,2.625985455,10.112,4.084,4.349,3.706,1.0,0.0,0.538,0.0,0.0,0.0,0.0,0.0,-1.0,-9.999999999999999e-31,0.0,0.7092,0.2755,0.00271,0.0007399,0.00672,-1.0,0.01527,-5.441,-3.319,-3.443,-3.086
0.0152,0.01508,7.3,10.3210496902,2.6261924551,10.32,4.131,4.344,3.648,1.0,0.0,0.538,0.0,0.0,0.0,0.0,0.0,-1.0,-9.999999999999999e-31,0.0,0.7092,0.2755,0.00271,0.0007399,0.00672,-1.0,0.01527,-5.558,-3.467,-3.59,-3.236
0.0152,0.01508,7.3,10.5142917633,2.6263770018,10.514,4.177,4.337,3.583,1.0,0.0,0.538,0.0,0.0,0.0,0.0,0.0,-1.0,-9.999999999999999e-31,0.0,0.7092,0.2755,0.00271,0.0007399,0.00672,-1.0,0.01527,-5.671,-3.621,-3.742,-3.394
0.0152,0.01508,7.3,10.6800765991,2.6265292212,10.681,4.216,4.3295,3.521,1.0,0.0,0.538,0.0,0.0,0.0,0.0,0.0,-1.0,-9.999999999999999e-31,0.0,0.7092,0.2755,0.00271,0.0007399,0.00672,-1.0,0.01527,-5.769,-3.763,-3.882,-3.539
0.0152,0.01508,7.3,10.826625824,2.6266593244,10.828,4.252,4.3211,3.457,1.0,0.0,0.538,0.0,0.0,0.0,0.0,0.0,-1.0,-9.999999999999999e-31,0.0,0.7092,0.2755,0.00271,0.0007399,0.00672,-1.0,0.01527,-5.859,-3.901,-4.019,-3.682
0.0152,0.01508,7.3,10.9587230682,2.6267731747,10.96,4.286,4.3133,3.397,1.0,0.0,0.538,0.0,0.0,0.0,0.0,0.0,-1.0,-9.999999999999999e-31,0.0,0.7092,0.2755,0.00271,0.0007399,0.00672,-1.0,0.01527,-5.944,-4.033,-4.148,-3.819
0.0152,0.01508,7.3,11.0,2.6268081058,11.001,4.297,4.3113,3.38,1.0,0.0,0.538,0.0,0.0,0.0,0.0,0.0,-1.0,-9.999999999999999e-31,0.0,0.7092,0.2755,0.00271,0.0007399,0.00672,-1.0,0.01527,-5.972,-4.072,-4.187,-3.859
0.0152,0.01508,7.3,11.058347702,2.626856972,11.06,4.312,4.3086,3.356,1.0,0.0,0.538,0.0,0.0,0.0,0.0,0.0,-1.0,-9.999999999999999e-31,0.0,0.7092,0.2755,0.00271,0.0007399,0.00672,-1.0,0.01527,-6.01,-4.126,-4.241,-3.915
0.0152,0.01508,7.3,11.0661916733,2.6268634962,11.067,4.314,4.3083,3.353,1.0,0.0,0.538,0.0,0.0,0.0,0.0,0.0,-1.0,-9.999999999999999e-31,0.0,0.7092,0.2755,0.00271,0.0007399,0.00672,-1.0,0.01527,-6.015,-4.133,-4.248,-3.922
0.0152,0.01508,7.3,11.1371545792,2.6269220389,11.138,4.341,4.3218,3.382,1.0,0.0,0.538,0.0,0.0,0.0,0.0,0.0,-1.0,-9.999999999999999e-31,0.0,0.7092,0.2755,0.00271,0.0007399,0.00672,-1.0,0.01527,-6.084,-4.127,-4.245,-3.909
0.0152,0.01508,7.3,11.1503362656,2.6269328192,11.151,4.351,4.3304,3.408,1.0,0.0,0.538,0.0,0.0,0.0,0.0,0.0,-1.0,-9.999999999999999e-31,0.0,0.7092,0.2755,0.00271,0.0007399,0.00672,-1.0,0.01527,-6.108,-4.104,-4.224,-3.881
0.0152,0.01508,7.3,11.1563816071,2.6269377534,11.158,4.362,4.3406,3.438,1.0,0.0,0.538,0.0,0.0,0.0,0.0,0.0,-1.0,-9.999999999999999e-31,0.0,0.7092,0.2755,0.00271,0.0007399,0.00672,-1.0,0.01527,-6.136,-4.075,-4.198,-3.847
0.0152,0.01508,7.3,11.1599159241,2.6269406353,11.161,4.379,4.3521,3.468,1.0,0.0,0.538,0.0,0.0,0.0,0.0,0.0,-1.0,-9.999999999999999e-31,0.0,0.7092,0.2755,0.00271,0.0007399,0.00672,-1.0,0.01527,-6.176,-4.053,-4.178,-3.819
0.0152,0.01508,7.3,11.1614561081,2.6269418905,11.163,4.392,4.3603,3.487,1.0,0.0,0.538,0.0,0.0,0.0,0.0,0.0,-1.0,-9.999999999999999e-31,0.0,0.7092,0.2755,0.00271,0.0007399,0.00672,-1.0,0.01527,-6.211,-4.042,-4.169,-3.804
0.0152,0.01508,7.3,11.1621446609,2.6269424515,11.163,4.399,4.3643,3.496,1.0,0.0,0.538,0.0,0.0,0.0,0.0,0.0,-1.0,-9.999999999999999e-31,0.0,0.7092,0.2755,0.00271,0.0007399,0.00672,-1.0,0.01527,-6.227,-4.037,-4.165,-3.797
0.0152,0.01508,7.3,11.1629657745,2.6269431204,11.164,4.38,4.3577,3.489,2.0,0.0,0.538,0.0,0.0,0.0,0.0,0.0,-1.0,-9.999999999999999e-31,0.0,0.7092,0.2755,0.00271,0.0007399,0.00672,-1.0,0.01527,-6.18,-4.025,-4.151,-3.788
0.0152,0.01508,7.3,11.1637439728,2.6269437543,11.165,4.359,4.3447,3.458,2.0,0.0,0.538,0.0,0.0,0.0,0.0,0.0,-1.0,-9.999999999999999e-31,0.0,0.7092,0.2755,0.00271,0.0007399,0.00672,-1.0,0.01527,-6.127,-4.043,-4.167,-3.813
0.0152,0.01508,7.3,11.1643333435,2.6269442343,11.166,4.351,4.331,3.411,2.0,0.0,0.538,0.0,0.0,0.0,0.0,0.0,-1.0,-9.999999999999999e-31,0.0,0.7092,0.2755,0.00271,0.0007399,0.00672,-1.0,0.01527,-6.107,-4.099,-4.22,-3.876
0.0152,0.01508,7.3,11.164812088,2.6269446241,11.166,4.351,4.3181,3.359,2.0,0.0,0.538,0.0,0.0,0.0,0.0,0.0,-1.0,-9.999999999999999e-31,0.0,0.7092,0.2755,0.00271,0.0007399,0.00672,-1.0,0.01527,-6.107,-4.172,-4.289,-3.956
0.0152,0.01508,7.3,11.1653461456,2.626945059,11.167,4.355,4.3024,3.293,2.0,0.0,0.538,0.0,0.0,0.0,0.0,0.0,-1.0,-9.999999999999999e-31,0.0,0.7092,0.2755,0.00271,0.0007399,0.00672,-1.0,0.01527,-6.117,-4.271,-4.384,-4.063
0.0152,0.01508,7.3,11.1658363342,2.626945458,11.167,4.36,4.2871,3.226,2.0,0.0,0.538,0.0,0.0,0.0,0.0,0.0,-1.0,-9.999999999999999e-31,0.0,0.7092,0.2755,0.00271,0.0007399,0.00672,-1.0,0.01527,-6.131,-4.372,-4.48,-4.172
0.0152,0.01508,7.3,11.1662063599,2.6269457593,11.167,4.365,4.2749,3.173,2.0,0.0,0.538,0.0,0.0,0.0,0.0,0.0,-1.0,-9.999999999999999e-31,0.0,0.7092,0.2755,0.00271,0.0007399,0.00672,-1.0,0.01527,-6.142,-4.451,-4.557,-4.259
0.0152,0.01508,7.3,11.1665592194,2.6269460465,11.168,4.368,4.2628,3.121,2.0,0.0,0.538,0.0,0.0,0.0,0.0,0.0,-1.0,-9.999999999999999e-31,0.0,0.7092,0.2755,0.00271,0.0007399,0.00672,-1.0,0.01527,-6.151,-4.529,-4.631,-4.344
0.0152,0.01508,7.3,11.1668958664,2.6269463205,11.168,4.371,4.2508,3.07,2.0,0.0,0.538,0.0,0.0,0.0,0.0,0.0,-1.0,-9.999999999999999e-31,0.0,0.7092,0.2755,0.00271,0.0007399,0.00672,-1.0,0.01527,-6.158,-4.606,-4.704,-4.427
0.0152,0.01508,7.3,11.167298317,2.6269466481,11.168,4.374,4.2357,3.007,2.0,0.0,0.538,0.0,0.0,0.0,0.0,0.0,-1.0,-9.999999999999999e-31,0.0,0.7092,0.2755,0.00271,0.0007399,0.00672,-1.0,0.01527,-6.166,-4.699,-4.793,-4.53
0.0152,0.01508,7.3,11.167678833,2.6269469577,11.169,4.376,4.2207,2.944,2.0,0.0,0.538,0.0,0.0,0.0,0.0,0.0,-1.0,-9.999999999999999e-31,0.0,0.7092,0.2755,0.00271,0.0007399,0.00672,-1.0,0.01527,-6.171,-4.79,-4.879,-4.63
0.0152,0.01508,7.3,11.16796875,2.6269471937,11.169,4.377,4.2087,2.895,2.0,0.0,0.538,0.0,0.0,0.0,0.0,0.0,-1.0,-9.999999999999999e-31,0.0,0.7092,0.2755,0.00271,0.0007399,0.00672,-1.0,0.01527,-6.173,-4.861,-4.946,-4.709
0.0152,0.01508,7.3,11.1682453156,2.6269474187,11.169,4.378,4.1967,2.847,2.0,0.0,0.538,0.0,0.0,0.0,0.0,0.0,-1.0,-9.999999999999999e-31,0.0,0.7092,0.2755,0.00271,0.0007399,0.00672,-1.0,0.01527,-6.174,-4.93,-5.012,-4.786
0.0152,0.01508,7.3,11.1685113907,2.6269476352,11.17,4.378,4.1846,2.799,2.0,0.0,0.538,0.0,0.0,0.0,0.0,0.0,-1.0,-9.999999999999999e-31,0.0,0.7092,0.2755,0.00271,0.0007399,0.00672,-1.0,0.01527,-6.174,-4.999,-5.077,-4.862
0.0152,0.01508,7.3,11.1687641144,2.6269478408,11.17,4.377,4.1726,2.751,2.0,0.0,0.538,0.0,0.0,0.0,0.0,0.0,-1.0,-9.999999999999999e-31,0.0,0.7092,0.2755,0.00271,0.0007399,0.00672,-1.0,0.01527,-6.173,-5.066,-5.14,-4.937
0.0152,0.01508,7.3,11.1690063477,2.6269480379,11.17,4.376,4.1606,2.704,2.0,0.0,0.538,0.0,0.0,0.0,0.0,0.0,-1.0,-9.999999999999999e-31,0.0,0.7092,0.2755,0.00271,0.0007399,0.00672,-1.0,0.01527,-6.17,-5.131,-5.201,-5.01
0.0152,0.01508,7.3,11.1692371368,2.6269482257,11.171,4.375,4.1486,2.658,2.0,0.0,0.538,0.0,0.0,0.0,0.0,0.0,-1.0,-9.999999999999999e-31,0.0,0.7092,0.2755,0.00271,0.0007399,0.00672,-1.0,0.01527,-6.167,-5.196,-5.262,-5.083
0.0152,0.01508,7.3,11.1694564819,2.6269484041,11.171,4.373,4.1367,2.611,2.0,0.0,0.538,0.0,0.0,0.0,0.0,0.0,-1.0,-9.999999999999999e-31,0.0,0.7092,0.2755,0.00271,0.0007399,0.00672,-1.0,0.01527,-6.164,-5.259,-5.321,-5.154
0.0152,0.01508,7.3,11.1696662903,2.6269485748,11.171,4.372,4.1246,2.565,2.0,0.0,0.538,0.0,0.0,0.0,0.0,0.0,-1.0,-9.999999999999999e-31,0.0,0.7092,0.2755,0.00271,0.0007399,0.00672,-1.0,0.01527,-6.159,-5.321,-5.38,-5.224
0.0152,0.01508,7.3,11.1698656082,2.6269487369,11.171,4.37,4.1127,2.519,2.0,0.0,0.538,0.0,0.0,0.0,0.0,0.0,-1.0,-9.999999999999999e-31,0.0,0.7092,0.2755,0.00271,0.0007399,0.00672,-1.0,0.01527,-6.154,-5.382,-5.437,-5.293
0.0152,0.01508,7.3,11.1700563431,2.6269488921,11.171,4.368,4.1007,2.473,2.0,0.0,0.538,0.0,0.0,0.0,0.0,0.0,-1.0,-9.999999999999999e-31,0.0,0.7092,0.2755,0.00271,0.0007399,0.00672,-1.0,0.01527,-6.149,-5.442,-5.493,-5.36
0.0152,0.01508,7.3,11.1702365875,2.6269490387,11.171,4.365,4.0888,2.428,2.0,0.0,0.538,0.0,0.0,0.0,0.0,0.0,-1.0,-9.999999999999999e-31,0.0,0.7092,0.2755,0.00271,0.0007399,0.00672,-1.0,0.01527,-6.143,-5.501,-5.547,-5.426
0.0152,0.01508,7.3,11.1704511642,2.6269492132,11.172,4.362,4.0739,2.372,2.0,0.0,0.538,0.0,0.0,0.0,0.0,0.0,-1.0,-9.999999999999999e-31,0.0,0.7092,0.2755,0.00271,0.0007399,0.00672,-1.0,0.01527,-6.135,-5.569,-5.61,-5.506
0.0152,0.01508,7.3,11.1706523895,2.6269493769,11.172,4.358,4.0589,2.315,2.0,0.0,0.538,0.0,0.0,0.0,0.0,0.0,-1.0,-9.999999999999999e-31,0.0,0.7092,0.2755,0.00271,0.0007399,0.00672,-1.0,0.01527,-6.126,-5.635,-5.669,-5.584
0.0152,0.01508,7.3,11.1708049774,2.626949501,11.172,4.355,4.0471,2.271,2.0,0.0,0.538,0.0,0.0,0.0,0.0,0.0,-1.0,-9.999999999999999e-31,0.0,0.7092,0.2755,0.00271,0.0007399,0.00672,-1.0,0.01527,-6.119,-5.686,-5.716,-5.644
0.0152,0.01508,7.3,11.1709508896,2.6269496196,11.172,4.352,4.0351,2.226,2.0,0.0,0.538,0.0,0.0,0.0,0.0,0.0,-1.0,-9.999999999999999e-31,0.0,0.7092,0.2755,0.00271,0.0007399,0.00672,-1.0,0.01527,-6.111,-5.737,-5.762,-5.703
0.0152,0.01508,7.3,11.1710891724,2.6269497321,11.172,4.349,4.0233,2.182,2.0,0.0,0.538,0.0,0.0,0.0,0.0,0.0,-1.0,-9.999999999999999e-31,0.0,0.7092,0.2755,0.00271,0.0007399,0.00672,-1.0,0.01527,-6.103,-5.785,-5.806,-5.759
0.0152,0.01508,7.3,11.1712522507,2.6269498647,11.172,4.345,4.0085,2.127,2.0,0.0,0.538,0.0,0.0,0.0,0.0,0.0,-1.0,-9.999999999999999e-31,0.0,0.7092,0.2755,0.00271,0.0007399,0.00672,-1.0,0.01527,-6.092,-5.843,-5.858,-5.828
0.0152,0.01508,7.3,11.1713762283,2.6269499655,11.173,4.341,3.9966,2.083,2.0,0.0,0.538,0.0,0.0,0.0,0.0,0.0,-1.0,-9.999999999999999e-31,0.0,0.7092,0.2755,0.00271,0.0007399,0.00672,-1.0,0.01527,-6.084,-5.887,-5.897,-5.881
0.0152,0.01508,7.3,11.1714954376,2.6269500625,11.173,4.338,3.9848,2.039,2.0,0.0,0.538,0.0,0.0,0.0,0.0,0.0,-1.0,-9.999999999999999e-31,0.0,0.7092,0.2755,0.00271,0.0007399,0.00672,-1.0,0.01527,-6.075,-5.93,-5.936,-5.932
0.0152,0.01508,7.3,11.1716070175,2.6269501532,11.173,4.334,3.973,1.996,2.0,0.0,0.538,0.0,0.0,0.0,0.0,0.0,-1.0,-9.999999999999999e-31,0.0,0.7092,0.2755,0.00271,0.0007399,0.00672,-1.0,0.01527,-6.065,-5.971,-5.972,-5.981
0.0152,0.01508,7.3,11.1717405319,2.6269502618,11.173,4.329,3.9583,1.942,2.0,0.0,0.538,0.0,0.0,0.0,0.0,0.0,-1.0,-9.999999999999999e-31,0.0,0.7092,0.2755,0.00271,0.0007399,0.00672,-1.0,0.01527,-6.054,-6.018,-6.013,-6.039
0.0152,0.01508,7.3,11.1718435287,2.6269503455,11.173,4.326,3.9466,1.899,2.0,0.0,0.538,0.0,0.0,0.0,0.0,0.0,-1.0,-9.999999999999999e-31,0.0,0.7092,0.2755,0.00271,0.0007399,0.00672,-1.0,0.01527,-6.044,-6.051,-6.039,-6.084
0.0152,0.01508,7.3,11.1719398499,2.6269504238,11.173,4.321,3.9349,1.856,2.0,0.0,0.538,0.0,0.0,0.0,0.0,0.0,-1.0,-9.999999999999999e-31,0.0,0.7092,0.2755,0.00271,0.0007399,0.00672,-1.0,0.01527,-6.034,-6.082,-6.064,-6.127
0.0152,0.01508,7.3,11.1720342636,2.6269505006,11.173,4.317,3.9232,1.814,2.0,0.0,0.538,0.0,0.0,0.0,0.0,0.0,-1.0,-9.999999999999999e-31,0.0,0.7092,0.2755,0.00271,0.0007399,0.00672,-1.0,0.01527,-6.023,-6.108,-6.083,-6.167
0.0152,0.01508,7.3,11.1721258163,2.626950575,11.173,4.313,3.9113,1.77,2.0,0.0,0.538,0.0,0.0,0.0,0.0,0.0,-1.0,-9.999999999999999e-31,0.0,0.7092,0.2755,0.00271,0.0007399,0.00672,-1.0,0.01527,-6.012,-6.129,-6.094,-6.204
0.0152,0.01508,7.3,11.1722126007,2.6269506456,11.173,4.308,3.8994,1.727,2.0,0.0,0.538,0.0,0.0,0.0,0.0,0.0,-1.0,-9.999999999999999e-31,0.0,0.7092,0.2755,0.00271,0.0007399,0.00672,-1.0,0.01527,-6.001,-6.143,-6.097,-6.239
0.0152,0.01508,7.3,11.1722955704,2.626950713,11.173,4.304,3.8876,1.685,2.0,0.0,0.538,0.0,0.0,0.0,0.0,0.0,-1.0,-9.999999999999999e-31,0.0,0.7092,0.2755,0.00271,0.0007399,0.00672,-1.0,0.01527,-5.989,-6.15,-6.09,-6.271
0.0152,0.01508,7.3,11.172375679,2.6269507782,11.174,4.299,3.8756,1.642,2.0,0.0,0.538,0.0,0.0,0.0,0.0,0.0,-1.0,-9.999999999999999e-31,0.0,0.7092,0.2755,0.00271,0.0007399,0.00672,-1.0,0.01527,-5.977,-6.151,-6.075,-6.3
0.0152,0.01508,7.3,11.1724500656,2.6269508386,11.174,4.294,3.8638,1.6,2.0,0.0,0.538,0.0,0.0,0.0,0.0,0.0,-1.0,-9.999999999999999e-31,0.0,0.7092,0.2755,0.00271,0.0007399,0.00672,-1.0,0.01527,-5.964,-6.148,-6.055,-6.327
0.0152,0.01508,7.3,11.172539711,2.6269509115,11.174,4.287,3.8492,1.548,2.0,0.0,0.538,0.0,0.0,0.0,0.0,0.0,-1.0,-9.999999999999999e-31,0.0,0.7092,0.2755,0.00271,0.0007399,0.00672,-1.0,0.01527,-5.948,-6.138,-6.019,-6.359
0.0152,0.01508,7.3,11.1726083755,2.6269509673,11.174,4.282,3.8373,1.506,2.0,0.0,0.538,0.0,0.0,0.0,0.0,0.0,-1.0,-9.999999999999999e-31,0.0,0.7092,0.2755,0.00271,0.0007399,0.00672,-1.0,0.01527,-5.934,-6.127,-5.984,-6.384
0.0152,0.01508,7.3,11.1726722717,2.6269510193,11.174,4.276,3.8256,1.465,2.0,0.0,0.538,0.0,0.0,0.0,0.0,0.0,-1.0,-9.999999999999999e-31,0.0,0.7092,0.2755,0.00271,0.0007399,0.00672,-1.0,0.01527,-5.92,-6.112,-5.945,-6.406
0.0152,0.01508,7.3,11.1727495193,2.6269510821,11.174,4.268,3.8108,1.413,2.0,0.0,0.538,0.0,0.0,0.0,0.0,0.0,-1.0,-9.999999999999999e-31,0.0,0.7092,0.2755,0.00271,0.0007399,0.00672,-1.0,0.01527,-5.901,-6.091,-5.891,-6.429
0.0152,0.01508,7.3,11.1728067398,2.6269511286,11.174,4.262,3.7993,1.373,2.0,0.0,0.538,0.0,0.0,0.0,0.0,0.0,-1.0,-9.999999999999999e-31,0.0,0.7092,0.2755,0.00271,0.0007399,0.00672,-1.0,0.01527,-5.886,-6.07,-5.842,-6.445
0.0152,0.01508,7.3,11.1728630066,2.6269511743,11.174,4.256,3.7877,1.333,2.0,0.0,0.538,0.0,0.0,0.0,0.0,0.0,-1.0,-9.999999999999999e-31,0.0,0.7092,0.2755,0.00271,0.0007399,0.00672,-1.0,0.01527,-5.869,-6.047,-5.79,-6.458
0.0152,0.01508,7.3,11.1729154587,2.626951217,11.174,4.249,3.7762,1.294,2.0,0.0,0.538,0.0,0.0,0.0,0.0,0.0,-1.0,-9.999999999999999e-31,0.0,0.7092,0.2755,0.00271,0.0007399,0.00672,-1.0,0.01527,-5.852,-6.02,-5.73,-6.471
0.0152,0.01508,7.3,11.1729679108,2.6269512596,11.174,4.241,3.7646,1.255,2.0,0.0,0.538,0.0,0.0,0.0,0.0,0.0,-1.0,-9.999999999999999e-31,0.0,0.7092,0.2755,0.00271,0.0007399,0.00672,-1.0,0.01527,-5.834,-5.988,-5.664,-6.477
0.0152,0.01508,7.3,11.1730165482,2.6269512992,11.174,4.234,3.7529,1.216,2.0,0.0,0.538,0.0,0.0,0.0,0.0,0.0,-1.0,-9.999999999999999e-31,0.0,0.7092,0.2755,0.00271,0.0007399,0.00672,-1.0,0.01527,-5.814,-5.954,-5.598,-6.475
0.0152,0.01508,7.3,11.1730632782,2.6269513372,11.174,4.225,3.7415,1.179,2.0,0.0,0.538,0.0,0.0,0.0,0.0,0.0,-1.0,-9.999999999999999e-31,0.0,0.7092,0.2755,0.00271,0.0007399,0.00672,-1.0,0.01527,-5.793,-5.915,-5.524,-6.473
0.0152,0.01508,7.3,11.1731090546,2.6269513744,11.174,4.217,3.7299,1.141,2.0,0.0,0.538,0.0,0.0,0.0,0.0,0.0,-1.0,-9.999999999999999e-31,0.0,0.7092,0.2755,0.00271,0.0007399,0.00672,-1.0,0.01527,-5.771,-5.872,-5.45,-6.459
0.0152,0.01508,7.3,11.1731510162,2.6269514085,11.174,4.207,3.7187,1.106,2.0,0.0,0.538,0.0,0.0,0.0,0.0,0.0,-1.0,-9.999999999999999e-31,0.0,0.7092,0.2755,0.00271,0.0007399,0.00672,-1.0,0.01527,-5.748,-5.823,-5.371,-6.439
0.0152,0.01508,7.3,11.1731929779,2.6269514426,11.174,4.197,3.7073,1.07,2.0,0.0,0.538,0.0,0.0,0.0,0.0,0.0,-1.0,-9.999999999999999e-31,0.0,0.7092,0.2755,0.00271,0.0007399,0.00672,-1.0,0.01527,-5.723,-5.769,-5.286,-6.412
0.0152,0.01508,7.3,11.1732330322,2.6269514751,11.174,4.186,3.6961,1.036,2.0,0.0,0.538,0.0,0.0,0.0,0.0,0.0,-1.0,-9.999999999999999e-31,0.0,0.7092,0.2755,0.00271,0.0007399,0.00672,-1.0,0.01527,-5.696,-5.711,-5.197,-6.378
0.0152,0.01508,7.3,11.1732740402,2.6269515085,11.175,4.174,3.6847,1.003,2.0,0.0,0.538,0.0,0.0,0.0,0.0,0.0,-1.0,-9.999999999999999e-31,0.0,0.7092,0.2755,0.00271,0.0007399,0.00672,-1.0,0.01527,-5.666,-5.646,-5.103,-6.337
0.0152,0.01508,7.3,11.1733160019,2.6269515426,11.174,4.161,3.674,0.973,2.0,0.0,0.538,0.0,0.0,0.0,0.0,0.0,-1.0,-9.999999999999999e-31,0.0,0.7092,0.2755,0.00271,0.0007399,0.00672,-1.0,0.01527,-5.632,-5.579,-5.016,-6.287
0.0152,0.01508,7.3,11.1733608246,2.626951579,11.175,4.144,3.6637,0.949,2.0,0.0,0.538,0.0,0.0,0.0,0.0,0.0,-1.0,-9.999999999999999e-31,0.0,0.7092,0.2755,0.00271,0.0007399,0.00672,-1.0,0.01527,-5.591,-5.501,-4.917,-6.226
0.0152,0.01508,7.3,11.173415184,2.6269516232,11.175,4.122,3.6533,0.929,2.0,0.0,0.538,0.0,0.0,0.0,0.0,0.0,-1.0,-9.999999999999999e-31,0.0,0.7092,0.2755,0.00271,0.0007399,0.00672,-1.0,0.01527,-5.535,-5.401,-4.79,-6.147
0.0152,0.01508,7.3,11.1734676361,2.6269516658,11.175,4.101,3.6459,0.921,2.0,0.0,0.538,0.0,0.0,0.0,0.0,0.0,-1.0,-9.999999999999999e-31,0.0,0.7092,0.2755,0.00271,0.0007399,0.00672,-1.0,0.01527,-5.482,-5.313,-4.678,-6.076
0.0152,0.01508,7.3,11.1735715866,2.6269517503,11.175,4.075,3.6377,0.914,2.0,0.0,0.538,0.0,0.0,0.0,0.0,0.0,-1.0,-9.999999999999999e-31,0.0,0.7092,0.2755,0.00271,0.0007399,0.00672,-1.0,0.01527,-5.418,-5.207,-4.546,-5.989
0.0152,0.01508,7.3,11.1737289429,2.6269518782,11.175,4.042,3.6275,0.906,2.0,0.0,0.538,0.0,0.0,0.0,0.0,0.0,-1.0,-9.999999999999999e-31,0.0,0.7092,0.2755,0.00271,0.0007399,0.00672,-1.0,0.01527,-5.335,-5.068,-4.372,-5.876
0.0152,0.01508,7.3,11.1737737656,2.6269519147,11.175,4.039,3.6244,0.896,2.0,0.0,0.538,0.0,0.0,0.0,0.0,0.0,-1.0,-9.999999999999999e-31,0.0,0.7092,0.2755,0.00271,0.0007399,0.00672,-1.0,0.01527,-5.329,-5.043,-4.335,-5.859
0.0152,0.01508,7.3,11.1738605499,2.6269519852,11.175,4.061,3.6171,0.846,3.0,0.0,0.537,51.09,34.26,23.77,17.13,14.2,4.0,-9.999999999999999e-31,0.0,0.7092,0.2755,0.002705,0.0007411,0.00672,-1.0,0.01527,-5.382,-5.052,-4.314,-5.888
0.0152,0.01508,7.3,11.1739263535,2.6269520387,11.175,4.096,3.6106,0.785,3.0,0.0,0.53,58.98,38.26,26.42,19.07,15.81,4.0,-9.999999999999999e-31,0.0,0.7092,0.2755,0.002674,0.000757,0.00672,-1.0,0.01527,-5.469,-5.098,-4.331,-5.953
0.0152,0.01508,7.3,11.1739730835,2.6269520767,11.175,4.138,3.6049,0.72,3.0,0.0,0.504,68.72,43.04,29.56,21.37,17.73,4.0,-9.999999999999999e-31,0.0,0.7092,0.2755,0.002543,0.0008646,0.00672,-1.0,0.01529,-5.576,-5.165,-4.37,-6.038
0.0152,0.01508,7.3,11.1740083694,2.6269521053,11.175,4.18,3.6001,0.659,3.0,0.0,0.467,79.28,48.04,32.83,23.78,19.73,4.0,-9.999999999999999e-31,0.0,0.7091,0.2756,0.002357,0.001076,0.006718,-1.0,0.01536,-5.679,-5.234,-4.414,-6.122
0.0152,0.01508,7.3,11.174038887,2.6269521301,11.175,4.221,3.5956,0.6,3.0,0.0,0.44,91.05,53.44,36.35,26.37,21.88,4.0,-9.999999999999999e-31,0.0,0.7088,0.2758,0.002214,0.00126,0.006708,-1.0,0.01537,-5.782,-5.302,-4.455,-6.206
0.0152,0.01508,7.3,11.1740465164,2.6269521363,11.175,4.232,3.5945,0.585,3.0,0.0,0.434,94.37,54.93,37.32,27.08,22.47,4.0,-9.999999999999999e-31,0.0,0.7087,0.2759,0.002184,0.0013,0.006704,-1.0,0.01537,-5.809,-5.32,-4.466,-6.227
0.0152,0.01508,7.3,11.1740684509,2.6269521542,11.175,4.26,3.5916,0.544,3.0,0.0,0.425,103.74,59.08,40.01,29.07,24.12,4.0,-9.999999999999999e-31,0.0,0.7076,0.277,0.00212,0.001424,0.006652,-1.0,0.01537,-5.88,-5.368,-4.496,-6.285
0.0152,0.01508,7.3,11.1740913391,2.6269521728,11.175,4.29,3.5886,0.503,3.0,0.0,0.418,114.42,63.71,42.99,31.27,25.96,4.0,-9.999999999999999e-31,0.0,0.7061,0.2786,0.002062,0.001564,0.006575,-1.0,0.01537,-5.955,-5.417,-4.526,-6.346
0.0152,0.01508,7.3,11.1740970612,2.6269521774,11.175,4.299,3.5877,0.49,3.0,0.0,0.416,117.79,65.15,43.92,31.95,26.53,4.0,-9.999999999999999e-31,0.0,0.7056,0.279,0.002048,0.0016,0.006553,-1.0,0.01537,-5.977,-5.431,-4.533,-6.363
0.0152,0.01508,7.3,11.1741266251,2.6269522014,11.175,4.334,3.5843,0.442,3.0,0.0,0.411,132.01,71.12,47.76,34.79,28.89,4.0,-9.999999999999999e-31,0.0,0.704,0.2807,0.001997,0.00173,0.006476,-1.0,0.01537,-6.064,-5.485,-4.561,-6.432
0.0152,0.01508,7.3,11.1741638184,2.6269522317,11.175,4.373,3.5803,0.386,3.0,0.0,0.406,150.43,78.64,52.56,38.35,31.85,4.0,-9.999999999999999e-31,0.0,0.7025,0.2821,0.001953,0.001846,0.006407,-1.0,0.01535,-6.163,-5.548,-4.593,-6.511
0.0152,0.01508,7.3,11.1742010117,2.6269522619,11.175,4.404,3.5772,0.343,3.0,0.0,0.403,166.71,85.11,56.69,41.41,34.4,4.0,-9.999999999999999e-31,0.0,0.7016,0.283,0.001926,0.001915,0.006366,-1.0,0.01533,-6.241,-5.591,-4.605,-6.57
0.0152,0.01508,7.3,11.1742563248,2.6269523069,11.175,4.44,3.5736,0.293,3.0,0.0,0.4,187.33,93.1,61.76,45.17,37.53,4.0,-9.999999999999999e-31,0.0,0.7009,0.2838,0.0019,0.001981,0.006327,-1.0,0.0153,-6.329,-5.638,-4.616,-6.635
0.0152,0.01508,7.3,11.1743440628,2.6269523782,11.176,4.471,3.5703,0.248,3.0,0.0,0.398,208.06,100.93,66.71,48.85,40.6,4.0,-9.999999999999999e-31,0.0,0.7002,0.2845,0.00188,0.002032,0.006297,-1.0,0.01535,-6.408,-5.68,-4.624,-6.693
0.0152,0.01508,7.3,11.1745977402,2.6269525843,11.176,4.505,3.5667,0.2,3.0,0.0,0.396,233.24,110.2,72.55,53.2,44.22,4.0,-9.999999999999999e-31,0.0,0.6992,0.2854,0.001856,0.002097,0.006256,-1.0,0.01537,-6.494,-5.718,-4.613,-6.751
0.0152,0.01508,7.3,11.1760816574,2.62695379,11.177,4.559,3.5611,0.124,3.0,0.0,0.394,278.72,126.39,82.7,60.76,50.52,3.0,-9.999999999999999e-31,0.0,0.6916,0.2931,0.001791,0.002353,0.006056,-1.0,0.01532,-6.627,-5.776,-4.594,-6.842
0.0152,0.01508,7.3,11.1803312302,2.6269572408,11.182,4.598,3.5572,0.07,3.0,0.0,0.394,310.46,139.4,90.81,66.82,55.57,3.0,-9.999999999999999e-31,0.0,0.6838,0.3009,0.001745,0.002544,0.005904,-1.0,0.01532,-6.724,-5.814,-4.567,-6.904
