Zini,MH,logAge,Mini,int_IMF,Mass,LogL,LogTe,logg,label,McoreTP,C_O,period0,period1,period2,period3,period4,pmode,Mloss,tau1m,X,Y,Xc,Xn,Xo,Cexcess,Z,mbolmag,Gmag,G_BPmag,G_RPmag
0.0152,0.01508,8.9,0.0900000036,1.0816895926,0.09,-3.361,3.3677,5.176,0.0,0.0,0.545,0.0,0.0,0.0,0.0,0.0,-1.0,-4.75e-17,0.0,0.7091,0.2756,0.002746,0.0007408,0.006719,-1.0,0.01527,13.173,15.225,18.136,13.735
0.0152,0.01508,8.9,0.0900000036,1.0816895926,0.09,-3.361,3.3677,5.176,0.0,0.0,0.545,0.0,0.0,0.0,0.0,0.0,-1.0,-4.75e-17,0.0,0.7091,0.2756,0.002746,0.0007408,0.006719,-1.0,0.01527,13.173,15.225,18.136,13.735
0.0152,0.01508,8.9,0.0947865844,1.1260196,0.095,-3.291,3.3783,5.171,0.0,0.0,0.545,0.0,0.0,0.0,0.0,0.0,-1.0,-5.47e-17,0.0,0.7091,0.2756,0.002746,0.0007408,0.006719,-1.0,0.01527,12.998,15.05,17.959,13.56
0.0152,0.01508,8.9,0.1000000015,1.1711064122,0.1,-3.214,3.3899,5.163,0.0,0.0,0.545,0.0,0.0,0.0,0.0,0.0,-1.0,-6.43e-17,0.0,0.7091,0.2756,0.002746,0.0007408,0.006719,-1.0,0.01527,12.804,14.856,17.762,13.367
0.0152,0.01508,8.9,0.1200000122,1.3193155232,0.12,-2.964,3.4233,5.127,0.0,0.0,0.545,0.0,0.0,0.0,0.0,0.0,-1.0,-1.08e-16,0.0,0.709,0.2757,0.002746,0.0007408,0.006719,-1.0,0.01527,12.181,14.147,16.921,12.678
0.0152,0.01508,8.9,0.1400000006,1.4384526719,0.14,-2.792,3.443,5.1,0.0,0.0,0.545,0.0,0.0,0.0,0.0,0.0,-1.0,-1.54e-16,0.0,0.709,0.2757,0.002746,0.0007408,0.006719,-1.0,0.01527,11.751,13.449,15.864,12.043
0.0152,0.01508,8.9,0.1416317672,1.4471879732,0.142,-2.781,3.4441,5.099,0.0,0.0,0.545,0.0,0.0,0.0,0.0,0.0,-1.0,-1.57e-16,0.0,0.709,0.2757,0.002746,0.0007408,0.006719,-1.0,0.01527,11.723,13.406,15.802,12.004
0.0152,0.01508,8.9,0.1599999964,1.5372931554,0.16,-2.653,3.4565,5.073,0.0,0.0,0.545,0.0,0.0,0.0,0.0,0.0,-1.0,-2.03e-16,0.0,0.7089,0.2758,0.002746,0.0007408,0.006719,-1.0,0.01527,11.402,12.928,15.111,11.568
0.0152,0.01508,8.9,0.1712035835,1.5858980566,0.171,-2.588,3.4621,5.06,0.0,0.0,0.545,0.0,0.0,0.0,0.0,0.0,-1.0,-2.32e-16,0.0,0.7089,0.2758,0.002746,0.0007408,0.006719,-1.0,0.01527,11.24,12.696,14.784,11.356
0.0152,0.01508,8.9,0.200000003,1.6938790862,0.2,-2.438,3.4752,5.03,0.0,0.0,0.545,0.0,0.0,0.0,0.0,0.0,-1.0,-3.14e-16,0.0,0.7088,0.2759,0.002746,0.0007408,0.006719,-1.0,0.01527,10.865,12.173,14.064,10.877
0.0152,0.01508,8.9,0.25,1.8403257998,0.25,-2.236,3.4916,4.991,0.0,0.0,0.545,0.0,0.0,0.0,0.0,0.0,-1.0,-4.67e-16,0.0,0.7088,0.2759,0.002746,0.0007408,0.006719,-1.0,0.01527,10.361,11.491,13.149,10.254
0.0152,0.01508,8.9,0.306522429,1.9657944371,0.306,-2.059,3.5038,4.951,0.0,0.0,0.545,0.0,0.0,0.0,0.0,0.0,-1.0,-6.64e-16,0.0,0.7088,0.2759,0.002746,0.0007408,0.006719,-1.0,0.01527,9.918,10.94,12.465,9.741
0.0152,0.01508,8.9,0.3109858036,1.9744051239,0.311,-2.044,3.5047,4.945,0.0,0.0,0.545,0.0,0.0,0.0,0.0,0.0,-1.0,-6.87e-16,0.0,0.7089,0.2758,0.002746,0.0007408,0.006719,-1.0,0.01527,9.881,10.895,12.411,9.699
0.0152,0.01508,8.9,0.3300771415,2.0095010117,0.33,-1.987,3.5087,4.93,0.0,0.0,0.545,0.0,0.0,0.0,0.0,0.0,-1.0,-7.74e-16,0.0,0.709,0.2757,0.002746,0.0007408,0.006719,-1.0,0.01527,9.737,10.718,12.194,9.535
0.0152,0.01508,8.9,0.3500000238,2.0434175133,0.35,-1.931,3.5128,4.917,0.0,0.0,0.545,0.0,0.0,0.0,0.0,0.0,-1.0,-8.68e-16,0.0,0.7092,0.2756,0.002746,0.0007408,0.006719,-1.0,0.01527,9.599,10.546,11.983,9.376
0.0152,0.01508,8.9,0.4000000358,2.118502481,0.4,-1.782,3.5237,4.869,0.0,0.0,0.545,0.0,0.0,0.0,0.0,0.0,-1.0,-1.21e-15,0.0,0.7092,0.2755,0.002746,0.0007408,0.006719,-1.0,0.01527,9.225,10.091,11.432,8.953
0.0152,0.01508,8.9,0.4500000477,2.1822809714,0.45,-1.631,3.5357,4.817,0.0,0.0,0.545,0.0,0.0,0.0,0.0,0.0,-1.0,-1.71e-15,0.0,0.7092,0.2755,0.002746,0.0007408,0.006719,-1.0,0.01527,8.848,9.634,10.885,8.531
0.0152,0.01508,8.9,0.5,2.2374541529,0.5,-1.476,3.5501,4.766,0.0,0.0,0.545,0.0,0.0,0.0,0.0,0.0,-1.0,-2.46e-15,0.0,0.7092,0.2755,0.002746,0.0007408,0.006719,-1.0,0.01527,8.46,9.155,10.31,8.092
0.0152,0.01508,8.9,0.5323922038,2.2685238815,0.532,-1.37,3.5627,4.737,0.0,0.0,0.545,0.0,0.0,0.0,0.0,0.0,-1.0,-3.15e-15,0.0,0.7102,0.2746,0.002737,0.0007384,0.006697,-1.0,0.01522,8.195,8.813,9.888,7.786
0.0152,0.01508,8.9,0.5500000119,2.2836582633,0.55,-1.315,3.5691,4.722,0.0,0.0,0.545,0.0,0.0,0.0,0.0,0.0,-1.0,-3.57e-15,0.0,0.711,0.2738,0.002729,0.0007364,0.006679,-1.0,0.01519,8.059,8.637,9.673,7.629
0.0152,0.01508,8.9,0.6000000238,2.3211213258,0.6,-1.154,3.592,4.69,0.0,0.0,0.545,0.0,0.0,0.0,0.0,0.0,-1.0,-5.14e-15,0.0,0.7113,0.2735,0.002727,0.0007357,0.006673,-1.0,0.01515,7.656,8.104,9.018,7.162
0.0152,0.01508,8.9,0.6499999762,2.3520353107,0.65,-0.995,3.6178,4.669,0.0,0.0,0.545,0.0,0.0,0.0,0.0,0.0,-1.0,-7.3e-15,0.0,0.7116,0.2732,0.002724,0.0007351,0.006667,-1.0,0.01519,7.257,7.581,8.379,6.706
0.0152,0.01508,8.9,0.6719954014,2.3639711873,0.672,-0.926,3.6299,4.662,0.0,0.0,0.545,0.0,0.0,0.0,0.0,0.0,-1.0,-8.48e-15,0.0,0.7117,0.2731,0.002723,0.0007347,0.006664,-1.0,0.0152,7.084,7.35,8.096,6.51
0.0152,0.01508,8.9,0.7000000477,2.3779267258,0.7,-0.841,3.6453,4.657,0.0,0.0,0.545,0.0,0.0,0.0,0.0,0.0,-1.0,-1.02e-14,0.0,0.7118,0.273,0.002722,0.0007345,0.006662,-1.0,0.01519,6.872,7.064,7.74,6.269
0.0152,0.01508,8.9,0.7192174792,2.3867836346,0.719,-0.783,3.6566,4.657,0.0,0.0,0.542,0.0,0.0,0.0,0.0,0.0,-1.0,-1.15e-14,0.0,0.7121,0.2728,0.002706,0.0007336,0.006658,-1.0,0.01515,6.728,6.865,7.494,6.104
0.0152,0.01508,8.9,0.75,2.3998889087,0.75,-0.694,3.674,4.655,1.0,0.0,0.538,0.0,0.0,0.0,0.0,0.0,-1.0,-1.38e-14,0.0,0.7121,0.2728,0.002684,0.000733,0.006658,-1.0,0.01515,6.506,6.571,7.135,5.858
0.0152,0.01508,8.9,0.8000000119,2.4187244405,0.8,-0.563,3.6942,4.633,1.0,0.0,0.537,0.0,0.0,0.0,0.0,0.0,-1.0,-1.85e-14,0.0,0.7125,0.2724,0.002681,0.0007321,0.00665,-1.0,0.01513,6.178,6.176,6.677,5.515
0.0152,0.01508,8.9,0.8500000238,2.435034684,0.85,-0.438,3.713,4.609,1.0,0.0,0.537,0.0,0.0,0.0,0.0,0.0,-1.0,-2.46e-14,0.0,0.713,0.272,0.002677,0.0007311,0.006641,-1.0,0.01505,5.865,5.814,6.264,5.199
0.0152,0.01508,8.9,0.8503482342,2.4351405614,0.85,-0.437,3.7131,4.609,1.0,0.0,0.537,0.0,0.0,0.0,0.0,0.0,-1.0,-2.46e-14,0.0,0.713,0.2719,0.002677,0.000731,0.006641,-1.0,0.01505,5.863,5.811,6.261,5.196
0.0152,0.01508,8.9,0.9000000358,2.4492786175,0.899,-0.32,3.7305,4.586,1.0,0.0,0.537,0.0,0.0,0.0,0.0,0.0,-1.0,-3.22e-14,0.0,0.7135,0.2714,0.002672,0.0007298,0.00663,-1.0,0.01509,5.569,5.484,5.892,4.907
0.0152,0.01508,8.9,0.9500000477,2.4618122009,0.95,-0.206,3.7462,4.558,1.0,0.0,0.537,0.0,0.0,0.0,0.0,0.0,-1.0,-4.21e-14,0.0,0.7143,0.2707,0.002666,0.0007282,0.006615,-1.0,0.01508,5.285,5.177,5.548,4.637
0.0152,0.01508,8.9,0.9653410316,2.4653596901,0.965,-0.172,3.7506,4.549,1.0,0.0,0.537,0.0,0.0,0.0,0.0,0.0,-1.0,-4.57e-14,0.0,0.7146,0.2704,0.002664,0.0007275,0.006609,-1.0,0.01506,5.199,5.087,5.447,4.558
0.0152,0.01508,8.9,1.0,2.4729154477,1.0,-0.097,3.7603,4.528,1.0,0.0,0.537,0.0,0.0,0.0,0.0,0.0,-1.0,-5.47e-14,0.0,0.7153,0.2697,0.002658,0.0007259,0.006595,-1.0,0.01501,5.011,4.891,5.23,4.384
0.0152,0.01508,8.9,1.0499999523,2.482811486,1.049,0.009,3.7729,4.494,1.0,0.0,0.537,0.0,0.0,0.0,0.0,0.0,-1.0,-6.57e-14,0.0,0.7168,0.2683,0.002646,0.0007226,0.006565,-1.0,0.01489,4.748,4.622,4.932,4.146
0.0152,0.01508,8.9,1.1000000238,2.491680148,1.099,0.11,3.7844,4.458,1.0,0.0,0.537,0.0,0.0,0.0,0.0,0.0,-1.0,-7.8e-14,0.0,0.7192,0.266,0.002626,0.0007174,0.006518,-1.0,0.01481,4.494,4.366,4.651,3.917
0.0152,0.01508,8.9,1.1126549244,2.4937799286,1.112,0.135,3.7871,4.449,1.0,0.0,0.537,0.0,0.0,0.0,0.0,0.0,-1.0,-8.12e-14,0.0,0.72,0.2653,0.00262,0.0007158,0.006503,-1.0,0.01478,4.432,4.303,4.582,3.861
0.0152,0.01508,8.9,1.1499999762,2.4996678137,1.149,0.208,3.7948,4.422,1.0,0.0,0.537,0.0,0.0,0.0,0.0,0.0,-1.0,-9.13e-14,0.0,0.7223,0.263,0.002601,0.0007107,0.006458,-1.0,0.0147,4.25,4.122,4.385,3.699
0.0152,0.01508,8.9,1.2000000477,2.5068948796,1.199,0.302,3.8047,4.385,1.0,0.0,0.537,0.0,0.0,0.0,0.0,0.0,-1.0,-1.05e-13,0.0,0.7225,0.2628,0.002606,0.0007123,0.006474,-1.0,0.01473,4.014,3.887,4.131,3.488
0.0152,0.01508,8.9,1.25,2.5134610955,1.25,0.392,3.814,4.351,1.0,0.0,0.537,0.0,0.0,0.0,0.0,0.0,-1.0,-1.19e-13,0.0,0.7227,0.2626,0.002606,0.0007124,0.006475,-1.0,0.0147,3.79,3.665,3.891,3.289
0.0152,0.01508,8.9,1.2610216141,2.5148281898,1.261,0.411,3.816,4.343,1.0,0.0,0.537,0.0,0.0,0.0,0.0,0.0,-1.0,-1.21e-13,0.0,0.7228,0.2625,0.002606,0.0007123,0.006474,-1.0,0.0147,3.743,3.618,3.84,3.247
0.0152,0.01508,8.9,1.2999999523,2.5194498592,1.3,0.477,3.8228,4.318,1.0,0.0,0.537,0.0,0.0,0.0,0.0,0.0,-1.0,-1.31e-13,0.0,0.7229,0.2623,0.002604,0.0007118,0.00647,-1.0,0.01473,3.577,3.454,3.664,3.098
0.0152,0.01508,8.9,1.3500001431,2.5249313723,1.35,0.558,3.8318,4.29,1.0,0.0,0.537,0.0,0.0,0.0,0.0,0.0,-1.0,-1.4e-13,0.0,0.7226,0.2627,0.002607,0.0007126,0.006477,-1.0,0.01471,3.375,3.253,3.447,2.918
0.0152,0.01508,8.9,1.3635900021,2.5263415559,1.364,0.579,3.8343,4.283,1.0,0.0,0.537,0.0,0.0,0.0,0.0,0.0,-1.0,-1.41e-13,0.0,0.7226,0.2627,0.002607,0.0007125,0.006477,-1.0,0.01471,3.322,3.201,3.391,2.872
0.0152,0.01508,8.9,1.4000000954,2.5299650415,1.4,0.635,3.8409,4.265,1.0,0.0,0.537,0.0,0.0,0.0,0.0,0.0,-1.0,-1.45e-13,0.0,0.7226,0.2627,0.002607,0.0007124,0.006475,-1.0,0.01471,3.183,3.063,3.242,2.75
0.0152,0.01508,8.9,1.4207504988,2.5319348147,1.421,0.666,3.8452,4.258,1.0,0.0,0.537,0.0,0.0,0.0,0.0,0.0,-1.0,-1.44e-13,0.0,0.7227,0.2626,0.002606,0.0007121,0.006473,-1.0,0.0147,3.106,2.987,3.16,2.684
0.0152,0.01508,8.9,1.4500000477,2.5346015836,1.45,0.709,3.851,4.247,1.0,0.0,0.537,0.0,0.0,0.0,0.0,0.0,-1.0,-1.43e-13,0.0,0.7229,0.2624,0.002604,0.0007118,0.00647,-1.0,0.0147,2.999,2.882,3.045,2.593
0.0152,0.01508,8.9,1.4582269192,2.5353295188,1.458,0.72,3.8529,4.245,1.0,0.0,0.537,0.0,0.0,0.0,0.0,0.0,-1.0,-1.42e-13,0.0,0.7229,0.2624,0.002604,0.0007117,0.006469,-1.0,0.0147,2.969,2.853,3.013,2.569
0.0152,0.01508,8.9,1.5,2.5388844597,1.5,0.78,3.862,4.234,1.0,0.0,0.537,0.0,0.0,0.0,0.0,0.0,-1.0,-1.35e-13,0.0,0.7232,0.2621,0.002602,0.0007111,0.006464,-1.0,0.01469,2.82,2.708,2.853,2.446
0.0152,0.01508,8.9,1.5014988184,2.53900779,1.502,0.782,3.8624,4.234,1.0,0.0,0.537,0.0,0.0,0.0,0.0,0.0,-1.0,-1.34e-13,0.0,0.7232,0.2621,0.002602,0.0007111,0.006464,-1.0,0.01469,2.815,2.703,2.848,2.442
0.0152,0.01508,8.9,1.5487747192,2.5427574451,1.549,0.847,3.8725,4.223,1.0,0.0,0.537,0.0,0.0,0.0,0.0,0.0,-1.0,-1.18e-13,0.0,0.7234,0.2619,0.0026,0.0007106,0.006459,-1.0,0.01471,2.653,2.546,2.676,2.31
0.0152,0.01508,8.9,1.5499999523,2.5428511323,1.55,0.849,3.8727,4.223,1.0,0.0,0.537,0.0,0.0,0.0,0.0,0.0,-1.0,-1.18e-13,0.0,0.7234,0.2619,0.0026,0.0007106,0.006459,-1.0,0.01471,2.648,2.542,2.671,2.307
0.0152,0.01508,8.9,1.5602121353,2.5436254269,1.56,0.862,3.8748,4.22,1.0,0.0,0.537,0.0,0.0,0.0,0.0,0.0,-1.0,-1.12e-13,0.0,0.7235,0.2618,0.0026,0.0007105,0.006458,-1.0,0.01471,2.614,2.509,2.636,2.279
0.0152,0.01508,8.9,1.6000000238,2.5465340628,1.6,0.914,3.8823,4.209,1.0,0.0,0.537,0.0,0.0,0.0,0.0,0.0,-1.0,-9.15e-14,0.0,0.7237,0.2616,0.002599,0.0007102,0.006456,-1.0,0.0147,2.484,2.383,2.498,2.173
0.0152,0.01508,8.9,1.6239417791,2.548205517,1.623,0.945,3.8864,4.201,1.0,0.0,0.537,0.0,0.0,0.0,0.0,0.0,-1.0,-7.03e-14,0.0,0.7237,0.2616,0.002598,0.0007101,0.006454,-1.0,0.01468,2.408,2.31,2.419,2.11
0.0152,0.01508,8.9,1.6500000954,2.5499614852,1.649,0.978,3.8905,4.192,1.0,0.0,0.537,0.0,0.0,0.0,0.0,0.0,-1.0,-5.31e-14,0.0,0.7238,0.2616,0.002598,0.00071,0.006454,-1.0,0.01465,2.326,2.231,2.333,2.041
0.0152,0.01508,8.9,1.6912953854,2.5526171848,1.69,1.029,3.8965,4.175,1.0,0.0,0.537,0.0,0.0,0.0,0.0,0.0,-1.0,-7.5599999999999995e-28,0.0,0.7238,0.2615,0.002597,0.0007098,0.006452,-1.0,0.01467,2.198,2.109,2.202,1.935
0.0152,0.01508,8.9,1.7000000477,2.5531580802,1.699,1.039,3.8977,4.172,1.0,0.0,0.537,0.0,0.0,0.0,0.0,0.0,-1.0,-9.999999999999999e-31,0.0,0.7238,0.2615,0.002597,0.0007098,0.006452,-1.0,0.01467,2.172,2.083,2.175,1.913
0.0152,0.01508,8.9,1.727498889,2.5548257138,1.726,1.073,3.9013,4.16,1.0,0.0,0.537,0.0,0.0,0.0,0.0,0.0,-1.0,-9.999999999999999e-31,0.0,0.7239,0.2615,0.002597,0.0007098,0.006452,-1.0,0.01463,2.088,2.003,2.089,1.843
0.0152,0.01508,8.9,1.75,2.5561455243,1.749,1.1,3.904,4.149,1.0,0.0,0.537,0.0,0.0,0.0,0.0,0.0,-1.0,-9.999999999999999e-31,0.0,0.7239,0.2615,0.002597,0.0007098,0.006452,-1.0,0.01463,2.02,1.938,2.02,1.785
0.0152,0.01508,8.9,1.7682902813,2.5571899346,1.767,1.122,3.9061,4.14,1.0,0.0,0.537,0.0,0.0,0.0,0.0,0.0,-1.0,-9.999999999999999e-31,0.0,0.7239,0.2615,0.002597,0.0007098,0.006452,-1.0,0.01466,1.965,1.885,1.964,1.738
0.0152,0.01508,8.9,1.7999999523,2.5589429085,1.799,1.16,3.9094,4.122,1.0,0.0,0.537,0.0,0.0,0.0,0.0,0.0,-1.0,-9.999999999999999e-31,0.0,0.7238,0.2615,0.002597,0.00071,0.006451,-1.0,0.01468,1.869,1.793,1.866,1.655
0.0152,0.01508,8.9,1.8020095825,2.5590516166,1.801,1.163,3.9096,4.121,1.0,0.0,0.537,0.0,0.0,0.0,0.0,0.0,-1.0,-9.999999999999999e-31,0.0,0.7238,0.2615,0.002597,0.00071,0.006451,-1.0,0.01468,1.863,1.787,1.86,1.649
0.0152,0.01508,8.9,1.8359308243,2.5608453191,1.835,1.203,3.9127,4.101,1.0,0.0,0.537,0.0,0.0,0.0,0.0,0.0,-1.0,-9.999999999999999e-31,0.0,0.7238,0.2615,0.002597,0.0007101,0.006452,-1.0,0.01468,1.761,1.689,1.757,1.561
0.0152,0.01508,8.9,1.8500000238,2.5615671203,1.849,1.22,3.9138,4.092,1.0,0.0,0.537,0.0,0.0,0.0,0.0,0.0,-1.0,-9.999999999999999e-31,0.0,0.7238,0.2615,0.002597,0.0007102,0.006452,-1.0,0.01468,1.719,1.649,1.715,1.523
0.0152,0.01508,8.9,1.8826272488,2.5631933699,1.882,1.259,3.9163,4.07,1.0,0.0,0.537,0.0,0.0,0.0,0.0,0.0,-1.0,-9.999999999999999e-31,0.0,0.7237,0.2616,0.002598,0.0007105,0.006453,-1.0,0.01469,1.622,1.555,1.617,1.436
0.0152,0.01508,8.9,1.9000000954,2.5640331317,1.899,1.28,3.9173,4.058,1.0,0.0,0.537,0.0,0.0,0.0,0.0,0.0,-1.0,-9.999999999999999e-31,0.0,0.7237,0.2616,0.002598,0.0007106,0.006454,-1.0,0.0147,1.571,1.504,1.565,1.389
0.0152,0.01508,8.9,1.9278157949,2.565341501,1.927,1.313,3.9188,4.038,1.0,0.0,0.537,0.0,0.0,0.0,0.0,0.0,-1.0,-9.999999999999999e-31,0.0,0.7236,0.2617,0.002599,0.0007106,0.006455,-1.0,0.01466,1.489,1.424,1.482,1.314
0.0152,0.01508,8.9,1.9500001669,2.5663542767,1.95,1.339,3.9195,4.019,1.0,0.0,0.537,0.0,0.0,0.0,0.0,0.0,-1.0,-9.999999999999999e-31,0.0,0.7236,0.2618,0.002599,0.0007106,0.006457,-1.0,0.01467,1.423,1.359,1.416,1.251
0.0152,0.01508,8.9,1.9707729816,2.5672788782,1.971,1.363,3.9198,4.001,1.0,0.0,0.537,0.0,0.0,0.0,0.0,0.0,-1.0,-9.999999999999999e-31,0.0,0.7235,0.2618,0.0026,0.0007108,0.006457,-1.0,0.01468,1.362,1.298,1.354,1.192
0.0152,0.01508,8.9,2.0,2.5685424513,2.0,1.397,3.9196,3.972,1.0,0.0,0.537,0.0,0.0,0.0,0.0,0.0,-1.0,-9.999999999999999e-31,0.0,0.7234,0.2619,0.002601,0.0007109,0.006459,-1.0,0.01471,1.276,1.211,1.267,1.105
0.0152,0.01508,8.9,2.0112085342,2.569015841,2.011,1.411,3.9196,3.961,1.0,0.0,0.537,0.0,0.0,0.0,0.0,0.0,-1.0,-9.999999999999999e-31,0.0,0.7234,0.2619,0.002601,0.000711,0.006459,-1.0,0.01472,1.243,1.178,1.233,1.072
0.0152,0.01508,8.9,2.0457103252,2.5704356455,2.045,1.451,3.9185,3.924,1.0,0.0,0.537,0.0,0.0,0.0,0.0,0.0,-1.0,-9.999999999999999e-31,0.0,0.7232,0.2621,0.002602,0.0007113,0.006462,-1.0,0.01469,1.143,1.074,1.13,0.967
0.0152,0.01508,8.9,2.0499999523,2.5706083333,2.05,1.456,3.9183,3.919,1.0,0.0,0.537,0.0,0.0,0.0,0.0,0.0,-1.0,-9.999999999999999e-31,0.0,0.7232,0.2621,0.002602,0.0007113,0.006463,-1.0,0.0147,1.13,1.061,1.118,0.954
0.0152,0.01508,8.9,2.0562250614,2.5708574648,2.056,1.463,3.918,3.912,1.0,0.0,0.537,0.0,0.0,0.0,0.0,0.0,-1.0,-9.999999999999999e-31,0.0,0.7232,0.2621,0.002602,0.0007114,0.006463,-1.0,0.0147,1.112,1.042,1.099,0.935
0.0152,0.01508,8.9,2.0899944305,2.5721792408,2.089,1.502,3.915,3.868,1.0,0.0,0.537,0.0,0.0,0.0,0.0,0.0,-1.0,-9.999999999999999e-31,0.0,0.7231,0.2622,0.002603,0.0007115,0.006467,-1.0,0.01469,1.014,0.938,0.998,0.825
0.0152,0.01508,8.9,2.0999999046,2.5725614918,2.099,1.514,3.9138,3.853,1.0,0.0,0.537,0.0,0.0,0.0,0.0,0.0,-1.0,-9.999999999999999e-31,0.0,0.723,0.2623,0.002604,0.0007116,0.006468,-1.0,0.0147,0.985,0.907,0.968,0.791
0.0152,0.01508,8.9,2.1092114449,2.5729097264,2.108,1.525,3.9127,3.84,1.0,0.0,0.537,0.0,0.0,0.0,0.0,0.0,-1.0,-9.999999999999999e-31,0.0,0.723,0.2623,0.002604,0.0007117,0.006469,-1.0,0.01471,0.959,0.878,0.941,0.759
0.0152,0.01508,8.9,2.1415679455,2.5741056802,2.14,1.561,3.9073,3.788,1.0,0.0,0.537,0.0,0.0,0.0,0.0,0.0,-1.0,-9.999999999999999e-31,0.0,0.7228,0.2625,0.002605,0.000712,0.006472,-1.0,0.01472,0.867,0.776,0.845,0.646
0.0152,0.01508,8.9,2.1500000954,2.5744105556,2.149,1.571,3.9055,3.774,1.0,0.0,0.537,0.0,0.0,0.0,0.0,0.0,-1.0,-9.999999999999999e-31,0.0,0.7227,0.2625,0.002606,0.0007122,0.006473,-1.0,0.01473,0.843,0.75,0.821,0.616
0.0152,0.01508,8.9,2.1695563793,2.5751071601,2.168,1.592,3.9011,3.738,1.0,0.0,0.537,0.0,0.0,0.0,0.0,0.0,-1.0,-9.999999999999999e-31,0.0,0.7226,0.2626,0.002607,0.0007124,0.006475,-1.0,0.01473,0.789,0.689,0.765,0.544
0.0152,0.01508,8.9,2.192135334,2.5758936821,2.191,1.617,3.8939,3.689,1.0,0.0,0.537,0.0,0.0,0.0,0.0,0.0,-1.0,-9.999999999999999e-31,0.0,0.7225,0.2628,0.002607,0.0007127,0.006478,-1.0,0.01473,0.727,0.617,0.704,0.455
0.0152,0.01508,8.9,2.2000000477,2.5761632879,2.199,1.625,3.8912,3.671,1.0,0.0,0.537,0.0,0.0,0.0,0.0,0.0,-1.0,-9.999999999999999e-31,0.0,0.7224,0.2629,0.002608,0.0007128,0.006479,-1.0,0.01473,0.706,0.593,0.683,0.424
0.0152,0.01508,8.9,2.2046160698,2.5763204974,2.203,1.63,3.8895,3.661,1.0,0.0,0.537,0.0,0.0,0.0,0.0,0.0,-1.0,-9.999999999999999e-31,0.0,0.7224,0.2629,0.002608,0.0007129,0.006479,-1.0,0.01473,0.694,0.578,0.671,0.405
0.0152,0.01508,8.9,2.225063324,2.5770078651,2.224,1.652,3.8814,3.611,1.0,0.0,0.537,0.0,0.0,0.0,0.0,0.0,-1.0,-9.999999999999999e-31,0.0,0.7223,0.263,0.002609,0.0007131,0.006481,-1.0,0.01474,0.64,0.517,0.622,0.323
0.0152,0.01508,8.9,2.2432842255,2.5776082638,2.242,1.671,3.873,3.562,1.0,0.0,0.537,0.0,0.0,0.0,0.0,0.0,-1.0,-9.999999999999999e-31,0.0,0.7221,0.2631,0.00261,0.0007134,0.006484,-1.0,0.01477,0.593,0.462,0.579,0.248
0.0152,0.01508,8.9,2.25,2.5778267375,2.249,1.678,3.8697,3.542,1.0,0.0,0.537,0.0,0.0,0.0,0.0,0.0,-1.0,-9.999999999999999e-31,0.0,0.7221,0.2631,0.002611,0.0007135,0.006485,-1.0,0.01479,0.574,0.441,0.564,0.218
0.0152,0.01508,8.9,2.2565402985,2.578038066,2.255,1.685,3.8664,3.523,1.0,0.0,0.537,0.0,0.0,0.0,0.0,0.0,-1.0,-9.999999999999999e-31,0.0,0.722,0.2632,0.002611,0.0007135,0.006486,-1.0,0.0148,0.557,0.421,0.549,0.19
0.0152,0.01508,8.9,2.2758715153,2.5786545338,2.274,1.711,3.8585,3.47,1.0,0.0,0.537,0.0,0.0,0.0,0.0,0.0,-1.0,-9.999999999999999e-31,0.0,0.7219,0.2633,0.002612,0.0007139,0.006488,-1.0,0.01479,0.493,0.353,0.493,0.102
0.0152,0.01508,8.9,2.279614687,2.5787725139,2.278,1.717,3.8577,3.462,1.0,0.0,0.537,0.0,0.0,0.0,0.0,0.0,-1.0,-9.999999999999999e-31,0.0,0.7219,0.2633,0.002612,0.0007139,0.006489,-1.0,0.01475,0.478,0.337,0.478,0.085
0.0152,0.01508,8.9,2.2871160507,2.5790076114,2.286,1.743,3.8661,3.47,1.0,0.0,0.537,0.0,0.0,0.0,0.0,0.0,-1.0,-9.999999999999999e-31,0.0,0.7218,0.2634,0.002613,0.000714,0.00649,-1.0,0.01477,0.411,0.274,0.401,0.044
0.0152,0.01508,8.9,2.2903473377,2.5791083364,2.289,1.764,3.876,3.489,1.0,0.0,0.537,0.0,0.0,0.0,0.0,0.0,-1.0,-9.999999999999999e-31,0.0,0.7218,0.2634,0.002613,0.0007141,0.00649,-1.0,0.0148,0.359,0.228,0.339,0.023
0.0152,0.01508,8.9,2.2916474342,2.5791487706,2.29,1.783,3.8862,3.511,1.0,0.0,0.537,0.0,0.0,0.0,0.0,0.0,-1.0,-9.999999999999999e-31,0.0,0.7218,0.2634,0.002613,0.0007141,0.006491,-1.0,0.01481,0.312,0.188,0.283,0.011
0.0152,0.01508,8.9,2.292320013,2.5791696677,2.291,1.803,3.8964,3.533,1.0,0.0,0.537,0.0,0.0,0.0,0.0,0.0,-1.0,-9.999999999999999e-31,0.0,0.7218,0.2634,0.002613,0.0007141,0.006491,-1.0,0.01481,0.263,0.15,0.23,0.001
0.0152,0.01508,8.9,2.2927091122,2.5791817507,2.291,1.825,3.9069,3.553,1.0,0.0,0.537,0.0,0.0,0.0,0.0,0.0,-1.0,-9.999999999999999e-31,0.0,0.7218,0.2634,0.002613,0.0007141,0.006491,-1.0,0.01481,0.207,0.109,0.173,-0.013
0.0152,0.01508,8.9,2.2929427624,2.5791890041,2.291,1.847,3.9163,3.568,1.0,0.0,0.537,0.0,0.0,0.0,0.0,0.0,-1.0,-9.999999999999999e-31,0.0,0.7218,0.2634,0.002613,0.0007141,0.006491,-1.0,0.01481,0.152,0.069,0.121,-0.031
0.0152,0.01508,8.9,2.2930910587,2.5791936069,2.292,1.866,3.9237,3.579,1.0,0.0,0.537,0.0,0.0,0.0,0.0,0.0,-1.0,-9.999999999999999e-31,0.0,0.7218,0.2634,0.002613,0.0007141,0.006491,-1.0,0.01481,0.106,0.038,0.081,-0.045
0.0152,0.01508,8.9,2.2931678295,2.5791959894,2.292,1.873,3.9271,3.586,1.0,0.0,0.537,0.0,0.0,0.0,0.0,0.0,-1.0,-9.999999999999999e-31,0.0,0.7218,0.2634,0.002613,0.0007141,0.006491,-1.0,0.01481,0.088,0.027,0.066,-0.049
0.0152,0.01508,8.9,2.2932579517,2.5791987861,2.292,1.84,3.9199,3.59,2.0,0.0,0.537,0.0,0.0,0.0,0.0,0.0,-1.0,-9.999999999999999e-31,0.0,0.7218,0.2634,0.002613,0.0007142,0.006491,-1.0,0.01482,0.171,0.095,0.143,0.003
0.0152,0.01508,8.9,2.2933163643,2.5792005986,2.292,1.817,3.9124,3.583,2.0,0.0,0.537,0.0,0.0,0.0,0.0,0.0,-1.0,-9.999999999999999e-31,0.0,0.7218,0.2634,0.002613,0.0007142,0.006491,-1.0,0.01482,0.228,0.139,0.197,0.03
0.0152,0.01508,8.9,2.2933738232,2.5792023814,2.292,1.802,3.9036,3.563,2.0,0.0,0.537,0.0,0.0,0.0,0.0,0.0,-1.0,-9.999999999999999e-31,0.0,0.7217,0.2634,0.002613,0.0007142,0.006491,-1.0,0.01482,0.265,0.163,0.232,0.032
0.0152,0.01508,8.9,2.2934525013,2.5792048225,2.292,1.798,3.8925,3.522,2.0,0.0,0.537,0.0,0.0,0.0,0.0,0.0,-1.0,-9.999999999999999e-31,0.0,0.7217,0.2634,0.002613,0.0007142,0.006491,-1.0,0.01482,0.275,0.158,0.243,-0.002
0.0152,0.01508,8.9,2.2935433388,2.5792076405,2.292,1.805,3.8814,3.471,2.0,0.0,0.537,0.0,0.0,0.0,0.0,0.0,-1.0,-9.999999999999999e-31,0.0,0.7217,0.2634,0.002613,0.0007142,0.006491,-1.0,0.01482,0.258,0.129,0.231,-0.059
0.0152,0.01508,8.9,2.293649435,2.5792109316,2.292,1.813,3.87,3.417,2.0,0.0,0.537,0.0,0.0,0.0,0.0,0.0,-1.0,-9.999999999999999e-31,0.0,0.7217,0.2634,0.002613,0.0007142,0.006491,-1.0,0.01482,0.237,0.1,0.219,-0.118
0.0152,0.01508,8.9,2.2937681675,2.5792146143,2.292,1.818,3.8586,3.366,2.0,0.0,0.537,0.0,0.0,0.0,0.0,0.0,-1.0,-9.999999999999999e-31,0.0,0.7217,0.2634,0.002613,0.0007142,0.006491,-1.0,0.01482,0.224,0.08,0.218,-0.167
0.0152,0.01508,8.9,2.2938985825,2.5792186588,2.292,1.82,3.8471,3.318,2.0,0.0,0.537,0.0,0.0,0.0,0.0,0.0,-1.0,-9.999999999999999e-31,0.0,0.7217,0.2634,0.002613,0.0007142,0.006491,-1.0,0.01482,0.219,0.072,0.228,-0.205
0.0152,0.01508,8.9,2.2940397263,2.5792230354,2.293,1.82,3.8355,3.273,2.0,0.0,0.537,0.0,0.0,0.0,0.0,0.0,-1.0,-9.999999999999999e-31,0.0,0.7217,0.2634,0.002613,0.0007142,0.006491,-1.0,0.01482,0.221,0.072,0.248,-0.234
0.0152,0.01508,8.9,2.2941901684,2.5792276997,2.293,1.817,3.8239,3.229,2.0,0.0,0.537,0.0,0.0,0.0,0.0,0.0,-1.0,-9.999999999999999e-31,0.0,0.7217,0.2634,0.002613,0.0007142,0.006491,-1.0,0.01482,0.228,0.078,0.275,-0.257
0.0152,0.01508,8.9,2.2943527699,2.5792327401,2.293,1.812,3.8122,3.187,2.0,0.0,0.537,0.0,0.0,0.0,0.0,0.0,-1.0,-9.999999999999999e-31,0.0,0.7217,0.2634,0.002613,0.0007142,0.006491,-1.0,0.01482,0.241,0.092,0.309,-0.272
0.0152,0.01508,8.9,2.2945361137,2.5792384226,2.293,1.804,3.8005,3.148,2.0,0.0,0.537,0.0,0.0,0.0,0.0,0.0,-1.0,-9.999999999999999e-31,0.0,0.7217,0.2634,0.002613,0.0007142,0.006491,-1.0,0.01482,0.259,0.112,0.353,-0.283
0.0152,0.01508,8.9,2.2947530746,2.5792451457,2.293,1.793,3.7888,3.112,2.0,0.0,0.537,0.0,0.0,0.0,0.0,0.0,-1.0,-9.999999999999999e-31,0.0,0.7217,0.2635,0.002613,0.0007142,0.006491,-1.0,0.01482,0.287,0.143,0.409,-0.281
0.0152,0.01508,8.9,2.2950282097,2.5792536693,2.293,1.775,3.7768,3.082,2.0,0.0,0.537,0.0,0.0,0.0,0.0,0.0,-1.0,-9.999999999999999e-31,0.0,0.7217,0.2635,0.002613,0.0007142,0.006491,-1.0,0.01482,0.331,0.195,0.486,-0.26
0.0152,0.01508,8.9,2.2953503132,2.5792636449,2.294,1.749,3.765,3.062,2.0,0.0,0.537,0.0,0.0,0.0,0.0,0.0,-1.0,-9.999999999999999e-31,0.0,0.7217,0.2635,0.002613,0.0007142,0.006492,-1.0,0.01482,0.398,0.272,0.59,-0.213
0.0152,0.01508,8.9,2.2956142426,2.5792718165,2.294,1.721,3.7561,3.054,2.0,0.0,0.537,0.0,0.0,0.0,0.0,0.0,-1.0,-9.999999999999999e-31,0.0,0.7211,0.2641,0.002618,0.0007155,0.006503,-1.0,0.01483,0.468,0.352,0.689,-0.155
0.0152,0.01508,8.9,2.2958643436,2.579279558,2.294,1.689,3.7481,3.054,2.0,0.0,0.537,0.0,0.0,0.0,0.0,0.0,-1.0,-9.999999999999999e-31,0.0,0.7183,0.2668,0.00264,0.0007213,0.006555,-1.0,0.0149,0.546,0.44,0.795,-0.085
0.0152,0.01508,8.9,2.2960851192,2.5792863902,2.295,1.659,3.7414,3.058,2.0,0.0,0.537,0.0,0.0,0.0,0.0,0.0,-1.0,-9.999999999999999e-31,0.0,0.7158,0.2692,0.00266,0.0007266,0.006602,-1.0,0.01503,0.623,0.527,0.897,-0.013
0.0152,0.01508,8.9,2.2963616848,2.5792949466,2.295,1.621,3.7333,3.063,2.0,0.0,0.537,0.0,0.0,0.0,0.0,0.0,-1.0,-9.999999999999999e-31,0.0,0.7137,0.2712,0.002675,0.0007308,0.006639,-1.0,0.01514,0.717,0.634,1.021,0.076
0.0152,0.01508,8.9,2.2966377735,2.579303486,2.295,1.593,3.7255,3.06,2.0,0.0,0.537,0.0,0.0,0.0,0.0,0.0,-1.0,-9.999999999999999e-31,0.0,0.7124,0.2725,0.002685,0.0007334,0.006663,-1.0,0.01517,0.787,0.717,1.122,0.143
0.0152,0.01508,8.9,2.2969136238,2.5793120156,2.295,1.576,3.7181,3.047,2.0,0.0,0.537,0.0,0.0,0.0,0.0,0.0,-1.0,-9.999999999999999e-31,0.0,0.7115,0.2733,0.002692,0.0007351,0.006678,-1.0,0.01517,0.83,0.774,1.196,0.183
0.0152,0.01508,8.9,2.2970495224,2.5793162169,2.296,1.579,3.7148,3.031,3.0,0.0,0.538,0.0,0.0,0.0,0.0,0.0,-1.0,-9.999999999999999e-31,0.0,0.7112,0.2736,0.002694,0.0007356,0.006682,-1.0,0.01517,0.822,0.774,1.203,0.176
0.0152,0.01508,8.9,2.2973890305,2.5793267103,2.296,1.607,3.7074,2.974,3.0,0.0,0.537,0.0,0.0,0.0,0.0,0.0,-1.0,-9.999999999999999e-31,0.0,0.7105,0.2743,0.002694,0.0007372,0.006691,-1.0,0.01523,0.754,0.722,1.168,0.107
0.0152,0.01508,8.9,2.2977285385,2.5793372001,2.296,1.649,3.7015,2.908,3.0,0.0,0.527,0.0,0.0,0.0,0.0,0.0,-1.0,-9.999999999999999e-31,0.0,0.7098,0.275,0.002645,0.0007614,0.006696,-1.0,0.01523,0.647,0.629,1.09,0.002
0.0152,0.01508,8.9,2.2979996204,2.5793455731,2.296,1.686,3.6977,2.856,3.0,0.0,0.493,0.0,0.0,0.0,0.0,0.0,-1.0,-9.999999999999999e-31,0.0,0.7092,0.2756,0.002476,0.0009304,0.006699,-1.0,0.01527,0.555,0.547,1.017,-0.088
0.0152,0.01508,8.9,2.2982704639,2.5793539366,2.297,1.723,3.6942,2.805,3.0,0.0,0.455,0.0,0.0,0.0,0.0,0.0,-1.0,-9.999999999999999e-31,0.0,0.7085,0.2762,0.002283,0.00116,0.006701,-1.0,0.01531,0.463,0.464,0.943,-0.179
0.0152,0.01508,8.9,2.298541069,2.5793622904,2.297,1.76,3.691,2.755,3.0,0.0,0.423,0.0,0.0,0.0,0.0,0.0,-1.0,-9.999999999999999e-31,0.0,0.7078,0.2769,0.002127,0.001353,0.006703,-1.0,0.01533,0.369,0.38,0.866,-0.27
0.0152,0.01508,8.9,2.2988116741,2.5793706419,2.297,1.798,3.6879,2.705,3.0,0.0,0.402,0.0,0.0,0.0,0.0,0.0,-1.0,-9.999999999999999e-31,0.0,0.707,0.2776,0.002018,0.001488,0.006704,-1.0,0.01537,0.274,0.294,0.788,-0.363
0.0152,0.01508,8.9,2.2990813255,2.5793789618,2.298,1.837,3.6849,2.654,3.0,0.0,0.386,0.0,0.0,0.0,0.0,0.0,-1.0,-9.999999999999999e-31,0.0,0.7063,0.2784,0.001943,0.001583,0.006707,-1.0,0.01537,0.177,0.206,0.708,-0.458
0.0152,0.01508,8.9,2.2993474007,2.5793871691,2.298,1.876,3.682,2.603,3.0,0.0,0.377,0.0,0.0,0.0,0.0,0.0,-1.0,-9.999999999999999e-31,0.0,0.7051,0.2795,0.001891,0.001671,0.006692,-1.0,0.01541,0.079,0.117,0.627,-0.552
0.0152,0.01508,8.9,2.2995467186,2.5793933158,2.298,1.905,3.6799,2.566,3.0,0.0,0.372,0.0,0.0,0.0,0.0,0.0,-1.0,-9.999999999999999e-31,0.0,0.7037,0.2809,0.001858,0.001752,0.006649,-1.0,0.01541,0.007,0.051,0.566,-0.623
0.0152,0.01508,8.9,2.2996134758,2.5793953742,2.298,1.915,3.6792,2.553,3.0,0.0,0.372,0.0,0.0,0.0,0.0,0.0,-1.0,-9.999999999999999e-31,0.0,0.703,0.2817,0.001849,0.001783,0.006626,-1.0,0.01538,-0.018,0.029,0.546,-0.647
0.0152,0.01508,8.9,2.2998805046,2.5794036066,2.298,1.954,3.6765,2.503,3.0,0.0,0.37,0.0,0.0,0.0,0.0,0.0,-1.0,-9.999999999999999e-31,0.0,0.6997,0.2849,0.001815,0.001904,0.006534,-1.0,0.01543,-0.115,-0.058,0.466,-0.74
0.0152,0.01508,8.9,2.2999472618,2.5794056643,2.298,1.964,3.6758,2.491,3.0,0.0,0.37,0.0,0.0,0.0,0.0,0.0,-1.0,-9.999999999999999e-31,0.0,0.6988,0.2858,0.001807,0.001933,0.006511,-1.0,0.01541,-0.139,-0.08,0.446,-0.764
0.0152,0.01508,8.9,2.2999999523,2.5794072884,2.299,1.971,3.6753,2.481,3.0,0.0,0.37,0.0,0.0,0.0,0.0,0.0,-1.0,-9.999999999999999e-31,0.0,0.698,0.2866,0.001801,0.001956,0.006494,-1.0,0.01541,-0.158,-0.098,0.43,-0.783
0.0152,0.01508,8.9,2.3000159264,2.5794077807,2.299,1.974,3.6751,2.478,3.0,0.0,0.37,0.0,0.0,0.0,0.0,0.0,-1.0,-9.999999999999999e-31,0.0,0.6978,0.2868,0.0018,0.001963,0.006488,-1.0,0.01541,-0.164,-0.103,0.425,-0.788
0.0152,0.01508,8.9,2.300290823,2.5794162522,2.299,2.014,3.6724,2.427,3.0,0.0,0.369,0.0,0.0,0.0,0.0,0.0,-1.0,-9.999999999999999e-31,0.0,0.694,0.2906,0.001774,0.002063,0.006409,-1.0,0.01539,-0.265,-0.195,0.342,-0.887
0.0152,0.01508,8.9,2.3005657196,2.5794247213,2.299,2.055,3.6696,2.375,3.0,0.0,0.369,0.0,0.0,0.0,0.0,0.0,-1.0,-9.999999999999999e-31,0.0,0.6905,0.2941,0.001754,0.002147,0.006342,-1.0,0.01537,-0.367,-0.288,0.258,-0.987
0.0152,0.01508,8.9,2.3008396626,2.5794331587,2.3,2.097,3.6667,2.322,3.0,0.0,0.369,0.0,0.0,0.0,0.0,0.0,-1.0,-9.999999999999999e-31,0.0,0.6875,0.2972,0.001739,0.002211,0.00629,-1.0,0.01537,-0.471,-0.381,0.174,-1.088
0.0152,0.01508,8.9,2.3011078835,2.5794414177,2.3,2.138,3.6637,2.268,3.0,0.0,0.368,0.0,0.0,0.0,0.0,0.0,-1.0,-9.999999999999999e-31,0.0,0.6849,0.2997,0.001727,0.002261,0.006251,-1.0,0.01537,-0.576,-0.474,0.09,-1.188
0.0152,0.01508,8.9,2.3013722897,2.579449557,2.3,2.18,3.6607,2.215,3.0,0.0,0.368,0.0,0.0,0.0,0.0,0.0,-1.0,-9.999999999999999e-31,0.0,0.6828,0.3018,0.001718,0.0023,0.006219,-1.0,0.01537,-0.68,-0.568,0.007,-1.29
0.0152,0.01508,8.9,2.3016295433,2.5794574741,2.3,2.222,3.6577,2.161,3.0,0.0,0.368,0.0,0.0,0.0,0.0,0.0,-1.0,-9.999999999999999e-31,0.0,0.6811,0.3035,0.001711,0.00233,0.006195,-1.0,0.01537,-0.784,-0.659,-0.074,-1.389
0.0152,0.01508,8.9,2.3018801212,2.5794651838,2.301,2.263,3.6546,2.107,3.0,0.0,0.368,0.0,0.0,0.0,0.0,0.0,-1.0,-9.999999999999999e-31,0.0,0.6798,0.3049,0.001705,0.002353,0.006176,-1.0,0.01537,-0.887,-0.75,-0.154,-1.487
0.0152,0.01508,8.9,2.3021285534,2.5794728256,2.301,2.305,3.6515,2.053,3.0,0.0,0.368,0.0,0.0,0.0,0.0,0.0,-1.0,-9.999999999999999e-31,0.0,0.6788,0.3058,0.001701,0.00237,0.006162,-1.0,0.01539,-0.992,-0.841,-0.235,-1.587
0.0152,0.01508,8.9,2.3023662567,2.5794801355,2.301,2.345,3.6484,2.0,3.0,0.0,0.368,0.0,0.0,0.0,0.0,0.0,-1.0,-9.999999999999999e-31,0.0,0.678,0.3066,0.001698,0.002382,0.006152,-1.0,0.01541,-1.093,-0.929,-0.311,-1.682
0.0152,0.01508,8.9,2.3026335239,2.5794883526,2.301,2.391,3.6449,1.94,3.0,0.0,0.368,0.0,0.0,0.0,0.0,0.0,-1.0,-9.999999999999999e-31,0.0,0.6774,0.3072,0.001696,0.002393,0.006144,-1.0,0.01539,-1.208,-1.027,-0.398,-1.789
0.0152,0.01508,8.9,2.3028988838,2.5794965088,2.302,2.437,3.6412,1.88,3.0,0.0,0.368,0.0,0.0,0.0,0.0,0.0,-1.0,-9.999999999999999e-31,0.0,0.6772,0.3075,0.001695,0.002397,0.00614,-1.0,0.01537,-1.324,-1.126,-0.485,-1.897
0.0152,0.01508,8.9,2.3031308651,2.5795036374,2.302,2.479,3.6379,1.825,3.0,0.0,0.368,0.0,0.0,0.0,0.0,0.0,-1.0,-9.999999999999999e-31,0.0,0.677,0.3076,0.001695,0.002399,0.006139,-1.0,0.0154,-1.428,-1.213,-0.561,-1.992
0.0152,0.01508,8.9,2.3033947945,2.5795117456,2.302,2.524,3.6344,1.766,3.0,0.0,0.368,6.08,4.33,3.18,2.36,1.92,4.0,-9.999999999999999e-31,0.0,0.677,0.3076,0.001695,0.0024,0.006138,-1.0,0.01541,-1.54,-1.307,-0.644,-2.094
0.0152,0.01508,8.9,2.3035392761,2.5795161834,2.302,2.543,3.6328,1.74,3.0,0.0,0.368,6.39,4.53,3.33,2.47,2.01,4.0,-9.999999999999999e-31,0.0,0.677,0.3076,0.001695,0.0024,0.006138,-1.0,0.01541,-1.588,-1.347,-0.679,-2.137
0.0152,0.01508,8.9,2.3036477566,2.579519515,2.302,2.503,3.6361,1.794,4.0,0.0,0.368,0.0,0.0,0.0,0.0,0.0,-1.0,-9.999999999999999e-31,0.0,0.677,0.3076,0.001695,0.0024,0.006138,-1.0,0.01541,-1.488,-1.264,-0.606,-2.047
0.0152,0.01508,8.9,2.3037180901,2.5795216748,2.302,2.465,3.6392,1.844,4.0,0.0,0.368,0.0,0.0,0.0,0.0,0.0,-1.0,-9.999999999999999e-31,0.0,0.677,0.3076,0.001694,0.0024,0.006138,-1.0,0.01541,-1.393,-1.185,-0.537,-1.961
0.0152,0.01508,8.9,2.3038322926,2.5795251814,2.303,2.419,3.6428,1.905,4.0,0.0,0.368,0.0,0.0,0.0,0.0,0.0,-1.0,-9.999999999999999e-31,0.0,0.677,0.3076,0.001694,0.0024,0.006138,-1.0,0.01541,-1.276,-1.086,-0.45,-1.853
0.0152,0.01508,8.9,2.3039562702,2.5795289878,2.303,2.38,3.646,1.957,4.0,0.0,0.368,0.0,0.0,0.0,0.0,0.0,-1.0,-9.999999999999999e-31,0.0,0.677,0.3076,0.001694,0.0024,0.006138,-1.0,0.01541,-1.179,-1.003,-0.378,-1.763
0.0152,0.01508,8.9,2.3041028976,2.5795334889,2.303,2.34,3.6491,2.009,4.0,0.0,0.368,0.0,0.0,0.0,0.0,0.0,-1.0,-9.999999999999999e-31,0.0,0.677,0.3076,0.001694,0.0024,0.006138,-1.0,0.01541,-1.08,-0.919,-0.304,-1.671
0.0152,0.01508,8.9,2.3042690754,2.5795385894,2.303,2.3,3.6522,2.061,4.0,0.0,0.368,0.0,0.0,0.0,0.0,0.0,-1.0,-9.999999999999999e-31,0.0,0.677,0.3076,0.001694,0.0024,0.006138,-1.0,0.01541,-0.98,-0.832,-0.228,-1.576
0.0152,0.01508,8.9,2.304459095,2.5795444207,2.303,2.261,3.6553,2.113,4.0,0.0,0.368,0.0,0.0,0.0,0.0,0.0,-1.0,-9.999999999999999e-31,0.0,0.677,0.3076,0.001694,0.0024,0.006138,-1.0,0.01541,-0.881,-0.746,-0.153,-1.482
0.0152,0.01508,8.9,2.3047459126,2.5795532203,2.303,2.211,3.6591,2.178,4.0,0.0,0.368,0.0,0.0,0.0,0.0,0.0,-1.0,-9.999999999999999e-31,0.0,0.677,0.3076,0.001694,0.0024,0.006138,-1.0,0.01541,-0.758,-0.638,-0.058,-1.364
0.0152,0.01508,8.9,2.3050131798,2.5795614179,2.304,2.17,3.6622,2.231,4.0,0.0,0.368,0.0,0.0,0.0,0.0,0.0,-1.0,-9.999999999999999e-31,0.0,0.677,0.3076,0.001694,0.0024,0.006138,-1.0,0.01541,-0.656,-0.549,0.02,-1.267
0.0152,0.01508,8.9,2.3052828312,2.5795696863,2.304,2.13,3.6654,2.285,4.0,0.0,0.368,0.0,0.0,0.0,0.0,0.0,-1.0,-9.999999999999999e-31,0.0,0.677,0.3076,0.001694,0.0024,0.006138,-1.0,0.01541,-0.554,-0.459,0.1,-1.169
0.0152,0.01508,8.9,2.3055388927,2.579577536,2.304,2.09,3.6684,2.336,4.0,0.0,0.368,0.0,0.0,0.0,0.0,0.0,-1.0,-9.999999999999999e-31,0.0,0.677,0.3076,0.001694,0.002401,0.006137,-1.0,0.01541,-0.454,-0.37,0.18,-1.073
0.0152,0.01508,8.9,2.305794239,2.5795853618,2.305,2.05,3.6714,2.388,4.0,0.0,0.368,0.0,0.0,0.0,0.0,0.0,-1.0,-9.999999999999999e-31,0.0,0.677,0.3076,0.001694,0.002401,0.006137,-1.0,0.01541,-0.356,-0.283,0.258,-0.978
0.0152,0.01508,8.9,2.3060612679,2.5795935435,2.305,2.012,3.6742,2.438,4.0,0.0,0.368,0.0,0.0,0.0,0.0,0.0,-1.0,-9.999999999999999e-31,0.0,0.677,0.3076,0.001694,0.002401,0.006137,-1.0,0.01541,-0.26,-0.196,0.336,-0.884
0.0152,0.01508,8.9,2.3063549995,2.5796025408,2.305,1.974,3.6771,2.487,4.0,0.0,0.368,0.0,0.0,0.0,0.0,0.0,-1.0,-9.999999999999999e-31,0.0,0.677,0.3076,0.001694,0.002401,0.006137,-1.0,0.01541,-0.164,-0.11,0.412,-0.791
0.0152,0.01508,8.9,2.3066864014,2.5796126889,2.305,1.936,3.68,2.537,4.0,0.0,0.368,0.0,0.0,0.0,0.0,0.0,-1.0,-9.999999999999999e-31,0.0,0.677,0.3076,0.001694,0.002401,0.006137,-1.0,0.01541,-0.069,-0.025,0.489,-0.699
0.0152,0.01508,8.9,2.3070690632,2.5796244024,2.306,1.898,3.6828,2.586,4.0,0.0,0.368,0.0,0.0,0.0,0.0,0.0,-1.0,-9.999999999999999e-31,0.0,0.677,0.3076,0.001694,0.002401,0.006137,-1.0,0.01541,0.025,0.061,0.568,-0.607
0.0152,0.01508,8.9,2.3076517582,2.5796422305,2.306,1.851,3.6863,2.647,4.0,0.0,0.368,0.0,0.0,0.0,0.0,0.0,-1.0,-9.999999999999999e-31,0.0,0.677,0.3076,0.001694,0.002401,0.006137,-1.0,0.01541,0.142,0.166,0.665,-0.494
0.0152,0.01508,8.9,2.3084061146,2.5796652954,2.307,1.805,3.69,2.708,4.0,0.0,0.368,0.0,0.0,0.0,0.0,0.0,-1.0,-9.999999999999999e-31,0.0,0.677,0.3076,0.001694,0.002401,0.006137,-1.0,0.01541,0.257,0.27,0.759,-0.382
0.0152,0.01508,8.9,2.3095867634,2.5797013597,2.308,1.756,3.6941,2.773,4.0,0.0,0.368,0.0,0.0,0.0,0.0,0.0,-1.0,-9.999999999999999e-31,0.0,0.6769,0.3076,0.001694,0.002402,0.006136,-1.0,0.01541,0.379,0.381,0.86,-0.262
0.0152,0.01508,8.9,2.3115098476,2.5797600118,2.31,1.714,3.6983,2.833,4.0,0.0,0.368,0.0,0.0,0.0,0.0,0.0,-1.0,-9.999999999999999e-31,0.0,0.6769,0.3077,0.001694,0.002403,0.006136,-1.0,0.01541,0.486,0.476,0.945,-0.158
0.0152,0.01508,8.9,2.312833786,2.5798003254,2.312,1.698,3.7001,2.856,4.0,0.0,0.368,0.0,0.0,0.0,0.0,0.0,-1.0,-9.999999999999999e-31,0.0,0.6769,0.3077,0.001694,0.002403,0.006135,-1.0,0.01541,0.524,0.509,0.973,-0.121
0.0152,0.01508,8.9,2.3304169178,2.5803307357,2.329,1.724,3.7,2.833,5.0,0.0,0.368,0.0,0.0,0.0,0.0,0.0,-1.0,-9.999999999999999e-31,0.0,0.6768,0.3078,0.001693,0.002409,0.00613,-1.0,0.0154,0.459,0.445,0.909,-0.185
0.0152,0.01508,8.9,2.3557145596,2.5810779092,2.355,1.76,3.7001,2.802,5.0,0.0,0.368,0.0,0.0,0.0,0.0,0.0,-1.0,-9.999999999999999e-31,0.0,0.6766,0.308,0.001692,0.002417,0.006122,-1.0,0.01539,0.37,0.355,0.819,-0.275
0.0152,0.01508,8.9,2.3835904598,2.5818801467,2.382,1.803,3.7,2.764,5.0,0.0,0.369,0.0,0.0,0.0,0.0,0.0,-1.0,-9.999999999999999e-31,0.0,0.6764,0.3083,0.001691,0.002427,0.006113,-1.0,0.01538,0.262,0.247,0.711,-0.383
0.0152,0.01508,8.9,2.4000000954,2.5823423892,2.399,1.83,3.6997,2.739,5.0,0.0,0.369,0.0,0.0,0.0,0.0,0.0,-1.0,-9.999999999999999e-31,0.0,0.6762,0.3084,0.00169,0.002432,0.006108,-1.0,0.01537,0.194,0.181,0.645,-0.45
0.0152,0.01508,8.9,2.418582201,2.5828571287,2.418,1.863,3.6991,2.707,5.0,0.0,0.369,0.0,0.0,0.0,0.0,0.0,-1.0,-9.999999999999999e-31,0.0,0.6761,0.3086,0.001689,0.002438,0.006103,-1.0,0.01537,0.112,0.1,0.566,-0.532
0.0152,0.01508,8.9,2.447930336,2.5836518195,2.447,1.917,3.6971,2.65,5.0,0.0,0.369,0.0,0.0,0.0,0.0,0.0,-1.0,-9.999999999999999e-31,0.0,0.6758,0.3088,0.001688,0.002447,0.006094,-1.0,0.01537,-0.023,-0.029,0.442,-0.666
0.0152,0.01508,8.9,2.4488449097,2.5836762327,2.448,1.919,3.697,2.648,5.0,0.0,0.369,0.0,0.0,0.0,0.0,0.0,-1.0,-9.999999999999999e-31,0.0,0.6758,0.3088,0.001688,0.002447,0.006094,-1.0,0.01537,-0.027,-0.033,0.438,-0.67
0.0152,0.01508,8.9,2.4630913734,2.5840538302,2.462,1.952,3.6942,2.606,5.0,0.0,0.369,0.0,0.0,0.0,0.0,0.0,-1.0,-9.999999999999999e-31,0.0,0.6757,0.3089,0.001688,0.002451,0.00609,-1.0,0.01537,-0.111,-0.109,0.369,-0.752
