Zini,MH,logAge,Mini,int_IMF,Mass,LogL,LogTe,logg,label,McoreTP,C_O,period0,period1,period2,period3,period4,pmode,Mloss,tau1m,X,Y,Xc,Xn,Xo,Cexcess,Z,mbolmag,Gmag,G_BPmag,G_RPmag
0.0152,0.01508,7.7,0.0900000036,1.0816895926,0.09,-2.541,3.404,4.501,0.0,0.0,0.545,0.0,0.0,0.0,0.0,0.0,-1.0,-6.86e-16,0.0,0.7092,0.2755,0.002746,0.0007408,0.006719,-1.0,0.01527,11.121,13.17,15.886,11.699
0.0152,0.01508,7.7,0.0900000036,1.0816895926,0.09,-2.541,3.404,4.501,0.0,0.0,0.545,0.0,0.0,0.0,0.0,0.0,-1.0,-6.86e-16,0.0,0.7092,0.2755,0.002746,0.0007408,0.006719,-1.0,0.01527,11.121,13.17,15.886,11.699
0.0152,0.01508,7.7,0.0983661562,1.1573115781,0.098,-2.477,3.4116,4.506,0.0,0.0,0.545,0.0,0.0,0.0,0.0,0.0,-1.0,-7.55e-16,0.0,0.7092,0.2755,0.002746,0.0007408,0.006719,-1.0,0.01527,10.963,13.012,15.729,11.54
0.0152,0.01508,7.7,0.1000000015,1.1711064122,0.1,-2.465,3.4131,4.508,0.0,0.0,0.545,0.0,0.0,0.0,0.0,0.0,-1.0,-7.68e-16,0.0,0.7092,0.2755,0.002746,0.0007408,0.006719,-1.0,0.01527,10.934,12.982,15.7,11.511
0.0152,0.01508,7.7,0.1015775949,1.1841510528,0.102,-2.455,3.4143,4.509,0.0,0.0,0.545,0.0,0.0,0.0,0.0,0.0,-1.0,-7.79e-16,0.0,0.7092,0.2755,0.002746,0.0007408,0.006719,-1.0,0.01527,10.908,12.956,15.674,11.485
0.0152,0.01508,7.7,0.1143164709,1.280660902,0.114,-2.372,3.4241,4.516,0.0,0.0,0.545,0.0,0.0,0.0,0.0,0.0,-1.0,-8.82e-16,0.0,0.7092,0.2755,0.002746,0.0007408,0.006719,-1.0,0.01527,10.7,12.65,15.248,11.201
0.0152,0.01508,7.7,0.1200000122,1.3193155232,0.12,-2.337,3.4284,4.519,0.0,0.0,0.545,0.0,0.0,0.0,0.0,0.0,-1.0,-9.3e-16,0.0,0.7092,0.2755,0.002746,0.0007408,0.006719,-1.0,0.01527,10.612,12.5,15.019,11.065
0.0152,0.01508,7.7,0.127375111,1.3660670913,0.127,-2.296,3.4331,4.524,0.0,0.0,0.545,0.0,0.0,0.0,0.0,0.0,-1.0,-9.86e-16,0.0,0.7092,0.2755,0.002746,0.0007408,0.006719,-1.0,0.01527,10.511,12.334,14.777,10.914
0.0152,0.01508,7.7,0.1400000006,1.4384526719,0.14,-2.231,3.4406,4.529,0.0,0.0,0.545,0.0,0.0,0.0,0.0,0.0,-1.0,-1.09e-15,0.0,0.7092,0.2755,0.002746,0.0007408,0.006719,-1.0,0.01527,10.347,12.073,14.403,10.676
0.0152,0.01508,7.7,0.1599999964,1.5372931554,0.16,-2.142,3.4506,4.539,0.0,0.0,0.545,0.0,0.0,0.0,0.0,0.0,-1.0,-1.23e-15,0.0,0.7092,0.2755,0.002746,0.0007408,0.006719,-1.0,0.01527,10.126,11.725,13.905,10.359
0.0152,0.01508,7.7,0.200000003,1.6938790862,0.2,-1.993,3.4667,4.551,0.0,0.0,0.545,0.0,0.0,0.0,0.0,0.0,-1.0,-1.53e-15,0.0,0.7092,0.2755,0.002746,0.0007408,0.006719,-1.0,0.01527,9.753,11.16,13.108,9.846
0.0152,0.01508,7.7,0.2432066351,1.8227713531,0.243,-1.867,3.4797,4.562,0.0,0.0,0.545,0.0,0.0,0.0,0.0,0.0,-1.0,-1.83e-15,0.0,0.7092,0.2755,0.002746,0.0007408,0.006719,-1.0,0.01527,9.438,10.703,12.483,9.43
0.0152,0.01508,7.7,0.25,1.8403257998,0.25,-1.849,3.4815,4.563,0.0,0.0,0.545,0.0,0.0,0.0,0.0,0.0,-1.0,-1.88e-15,0.0,0.7092,0.2755,0.002746,0.0007408,0.006719,-1.0,0.01527,9.393,10.638,12.394,9.371
0.0152,0.01508,7.7,0.2872955501,1.9267476623,0.287,-1.76,3.4904,4.57,0.0,0.0,0.545,0.0,0.0,0.0,0.0,0.0,-1.0,-2.14e-15,0.0,0.7092,0.2755,0.002746,0.0007408,0.006719,-1.0,0.01527,9.169,10.318,11.959,9.083
0.0152,0.01508,7.7,0.3000000119,1.9529139769,0.3,-1.733,3.4932,4.572,0.0,0.0,0.545,0.0,0.0,0.0,0.0,0.0,-1.0,-2.22e-15,0.0,0.7092,0.2755,0.002746,0.0007408,0.006719,-1.0,0.01527,9.101,10.227,11.841,9.0
0.0152,0.01508,7.7,0.3230929077,1.996975136,0.323,-1.685,3.4978,4.575,0.0,0.0,0.545,0.0,0.0,0.0,0.0,0.0,-1.0,-2.38e-15,0.0,0.7092,0.2755,0.002746,0.0007408,0.006719,-1.0,0.01527,8.982,10.068,11.638,8.854
0.0152,0.01508,7.7,0.3500000238,2.0434175133,0.35,-1.632,3.5026,4.576,0.0,0.0,0.545,0.0,0.0,0.0,0.0,0.0,-1.0,-2.58e-15,0.0,0.7092,0.2755,0.002746,0.0007408,0.006719,-1.0,0.01527,8.849,9.896,11.422,8.696
0.0152,0.01508,7.7,0.3890355825,2.1031208671,0.389,-1.56,3.5098,4.579,0.0,0.0,0.545,0.0,0.0,0.0,0.0,0.0,-1.0,-2.89e-15,0.0,0.7092,0.2755,0.002746,0.0007408,0.006719,-1.0,0.01527,8.669,9.659,11.122,8.479
0.0152,0.01508,7.7,0.4000000358,2.118502481,0.4,-1.54,3.5116,4.579,0.0,0.0,0.545,0.0,0.0,0.0,0.0,0.0,-1.0,-2.98e-15,0.0,0.7092,0.2755,0.002746,0.0007408,0.006719,-1.0,0.01527,8.621,9.598,11.045,8.422
0.0152,0.01508,7.7,0.4500000477,2.1822809714,0.45,-1.449,3.5209,4.575,0.0,0.0,0.545,0.0,0.0,0.0,0.0,0.0,-1.0,-3.48e-15,0.0,0.7092,0.2755,0.002746,0.0007408,0.006719,-1.0,0.01527,8.392,9.301,10.672,8.151
0.0152,0.01508,7.7,0.472641319,2.208204081,0.473,-1.408,3.5256,4.575,0.0,0.0,0.545,0.0,0.0,0.0,0.0,0.0,-1.0,-3.73e-15,0.0,0.7092,0.2755,0.002746,0.0007408,0.006719,-1.0,0.01527,8.29,9.165,10.5,8.029
0.0152,0.01508,7.7,0.5,2.2374541529,0.5,-1.361,3.5306,4.572,0.0,0.0,0.545,0.0,0.0,0.0,0.0,0.0,-1.0,-4.05e-15,0.0,0.7092,0.2755,0.002746,0.0007408,0.006719,-1.0,0.01527,8.173,9.014,10.311,7.892
0.0152,0.01508,7.7,0.5150184035,2.252418327,0.515,-1.335,3.5338,4.572,0.0,0.0,0.545,0.0,0.0,0.0,0.0,0.0,-1.0,-4.24e-15,0.0,0.7092,0.2755,0.002746,0.0007408,0.006719,-1.0,0.01527,8.107,8.926,10.201,7.813
0.0152,0.01508,7.7,0.5500000119,2.2836582633,0.55,-1.262,3.5421,4.561,0.0,0.0,0.545,0.0,0.0,0.0,0.0,0.0,-1.0,-4.91e-15,0.0,0.7092,0.2755,0.002746,0.0007408,0.006719,-1.0,0.01527,7.925,8.692,9.91,7.602
0.0152,0.01508,7.7,0.5861472487,2.3114765616,0.586,-1.187,3.5527,4.555,0.0,0.0,0.545,0.0,0.0,0.0,0.0,0.0,-1.0,-5.68e-15,0.0,0.7092,0.2755,0.002746,0.0007408,0.006719,-1.0,0.01527,7.737,8.435,9.583,7.376
0.0152,0.01508,7.7,0.5943086743,2.3172213827,0.594,-1.169,3.5553,4.554,0.0,0.0,0.545,0.0,0.0,0.0,0.0,0.0,-1.0,-5.88e-15,0.0,0.7092,0.2755,0.002746,0.0007408,0.006719,-1.0,0.01527,7.692,8.373,9.502,7.321
0.0152,0.01508,7.7,0.6000000238,2.3211213258,0.6,-1.153,3.5576,4.551,0.0,0.0,0.545,0.0,0.0,0.0,0.0,0.0,-1.0,-6.08e-15,0.0,0.7092,0.2755,0.002746,0.0007408,0.006719,-1.0,0.01527,7.653,8.319,9.434,7.274
0.0152,0.01508,7.7,0.6210694909,2.3348463448,0.621,-1.094,3.5671,4.545,0.0,0.0,0.545,0.0,0.0,0.0,0.0,0.0,-1.0,-6.87e-15,0.0,0.7092,0.2755,0.002746,0.0007408,0.006718,-1.0,0.01527,7.505,8.11,9.165,7.094
0.0152,0.01508,7.7,0.6499999762,2.3520353107,0.65,-1.005,3.5827,4.539,0.0,0.0,0.545,0.0,0.0,0.0,0.0,0.0,-1.0,-8.29e-15,0.0,0.7092,0.2755,0.002746,0.0007407,0.006718,-1.0,0.01527,7.282,7.795,8.761,6.824
0.0152,0.01508,7.7,0.6601081491,2.3576341455,0.66,-0.97,3.5896,4.538,0.0,0.0,0.545,0.0,0.0,0.0,0.0,0.0,-1.0,-8.91e-15,0.0,0.7092,0.2755,0.002746,0.0007407,0.006718,-1.0,0.01527,7.195,7.669,8.598,6.718
0.0152,0.01508,7.7,0.6793848872,2.3677822047,0.679,-0.896,3.6048,4.538,0.0,0.0,0.545,0.0,0.0,0.0,0.0,0.0,-1.0,-1.04e-14,0.0,0.7092,0.2755,0.002746,0.0007407,0.006718,-1.0,0.01527,7.011,7.408,8.266,6.499
0.0152,0.01508,7.7,0.6984788179,2.3772016464,0.699,-0.82,3.6213,4.539,0.0,0.0,0.545,0.0,0.0,0.0,0.0,0.0,-1.0,-1.22e-14,0.0,0.7092,0.2755,0.002746,0.0007407,0.006718,-1.0,0.01527,6.82,7.135,7.918,6.27
0.0152,0.01508,7.7,0.7000000477,2.3779267258,0.7,-0.814,3.6226,4.539,0.0,0.0,0.545,0.0,0.0,0.0,0.0,0.0,-1.0,-1.24e-14,0.0,0.7092,0.2755,0.002746,0.0007407,0.006718,-1.0,0.01527,6.805,7.113,7.889,6.252
0.0152,0.01508,7.7,0.7113797665,2.3832378319,0.711,-0.758,3.6388,4.556,0.0,0.0,0.543,0.0,0.0,0.0,0.0,0.0,-1.0,-1.37e-14,0.0,0.7092,0.2755,0.002737,0.0007405,0.006718,-1.0,0.01527,6.666,6.891,7.592,6.079
0.0152,0.01508,7.7,0.7226090431,2.3882905949,0.723,-0.705,3.6538,4.569,0.0,0.0,0.542,0.0,0.0,0.0,0.0,0.0,-1.0,-1.51e-14,0.0,0.7092,0.2755,0.002729,0.0007403,0.006718,-1.0,0.01527,6.533,6.684,7.322,5.917
0.0152,0.01508,7.7,0.7328512669,2.3927442782,0.733,-0.66,3.6664,4.58,0.0,0.0,0.54,0.0,0.0,0.0,0.0,0.0,-1.0,-1.64e-14,0.0,0.7092,0.2755,0.002721,0.0007401,0.006719,-1.0,0.01527,6.42,6.515,7.104,5.783
0.0152,0.01508,7.7,0.7431112528,2.3970644276,0.743,-0.617,3.6778,4.589,0.0,0.0,0.539,0.0,0.0,0.0,0.0,0.0,-1.0,-1.79e-14,0.0,0.7092,0.2755,0.002714,0.0007399,0.006719,-1.0,0.01527,6.312,6.362,6.912,5.661
0.0152,0.01508,7.7,0.75,2.3998889087,0.75,-0.599,3.6829,4.596,0.0,0.0,0.538,0.0,0.0,0.0,0.0,0.0,-1.0,-1.84e-14,0.0,0.7092,0.2755,0.002709,0.0007397,0.006719,-1.0,0.01527,6.268,6.3,6.834,5.612
0.0152,0.01508,7.7,0.7535541058,2.4013229389,0.754,-0.59,3.6847,4.596,0.0,0.0,0.538,0.0,0.0,0.0,0.0,0.0,-1.0,-1.88e-14,0.0,0.7092,0.2755,0.002709,0.0007397,0.006719,-1.0,0.01527,6.244,6.271,6.799,5.587
0.0152,0.01508,7.7,0.8000000119,2.4187244405,0.8,-0.494,3.7034,4.601,0.0,0.0,0.538,0.0,0.0,0.0,0.0,0.0,-1.0,-2.27e-14,0.0,0.7092,0.2755,0.002709,0.0007397,0.006718,-1.0,0.01527,6.004,5.977,6.451,5.339
0.0152,0.01508,7.7,0.8210597634,2.4258728087,0.821,-0.457,3.7111,4.606,0.0,0.0,0.538,0.0,0.0,0.0,0.0,0.0,-1.0,-2.44e-14,0.0,0.7093,0.2755,0.002709,0.0007397,0.006718,-1.0,0.01525,5.912,5.865,6.319,5.245
0.0152,0.01508,7.7,0.8468368053,2.4340682824,0.846,-0.416,3.7184,4.607,0.0,0.0,0.538,0.0,0.0,0.0,0.0,0.0,-1.0,-2.63e-14,0.0,0.7093,0.2755,0.002709,0.0007396,0.006718,-1.0,0.01525,5.81,5.747,6.183,5.145
0.0152,0.01508,7.7,0.8500000238,2.435034684,0.85,-0.412,3.7193,4.608,0.0,0.0,0.538,0.0,0.0,0.0,0.0,0.0,-1.0,-2.65e-14,0.0,0.7093,0.2755,0.002709,0.0007396,0.006718,-1.0,0.01526,5.799,5.734,6.168,5.134
0.0152,0.01508,7.7,0.8516199589,2.4355263984,0.851,-0.41,3.7198,4.609,0.0,0.0,0.538,0.0,0.0,0.0,0.0,0.0,-1.0,-2.66e-14,0.0,0.7093,0.2754,0.002709,0.0007396,0.006718,-1.0,0.01526,5.794,5.728,6.161,5.128
0.0152,0.01508,7.7,0.8917560577,2.447056302,0.891,-0.343,3.7299,4.602,0.0,0.0,0.538,0.0,0.0,0.0,0.0,0.0,-1.0,-3.05e-14,0.0,0.7093,0.2754,0.002708,0.0007396,0.006717,-1.0,0.01527,5.627,5.542,5.952,4.964
0.0152,0.01508,7.7,0.9000000358,2.4492786175,0.899,-0.328,3.7321,4.6,0.0,0.0,0.538,0.0,0.0,0.0,0.0,0.0,-1.0,-3.14e-14,0.0,0.7093,0.2754,0.002708,0.0007396,0.006717,-1.0,0.01526,5.59,5.501,5.906,4.928
0.0152,0.01508,7.7,0.9290902019,2.4567593322,0.929,-0.278,3.739,4.591,0.0,0.0,0.538,0.0,0.0,0.0,0.0,0.0,-1.0,-3.5e-14,0.0,0.7093,0.2754,0.002708,0.0007395,0.006717,-1.0,0.01525,5.464,5.364,5.752,4.807
0.0152,0.01508,7.7,0.9500000477,2.4618122009,0.95,-0.233,3.7449,4.581,0.0,0.0,0.538,0.0,0.0,0.0,0.0,0.0,-1.0,-3.88e-14,0.0,0.7093,0.2754,0.002708,0.0007395,0.006717,-1.0,0.01527,5.353,5.247,5.621,4.704
0.0152,0.01508,7.7,1.0,2.4729154477,1.0,-0.132,3.7578,4.553,0.0,0.0,0.538,0.0,0.0,0.0,0.0,0.0,-1.0,-4.93e-14,0.0,0.7094,0.2754,0.002708,0.0007394,0.006716,-1.0,0.01527,5.099,4.981,5.325,4.468
0.0152,0.01508,7.7,1.0499999523,2.482811486,1.05,-0.034,3.7695,4.523,0.0,0.0,0.538,0.0,0.0,0.0,0.0,0.0,-1.0,-5.78e-14,0.0,0.7094,0.2753,0.002707,0.0007393,0.006715,-1.0,0.01526,4.856,4.731,5.049,4.246
0.0152,0.01508,7.7,1.0736173391,2.4871189646,1.073,0.013,3.7747,4.507,0.0,0.0,0.538,0.0,0.0,0.0,0.0,0.0,-1.0,-6.24e-14,0.0,0.7095,0.2753,0.002707,0.0007392,0.006714,-1.0,0.01526,4.738,4.611,4.917,4.139
0.0152,0.01508,7.7,1.1000000238,2.491680148,1.099,0.064,3.7805,4.489,0.0,0.0,0.538,0.0,0.0,0.0,0.0,0.0,-1.0,-6.78e-14,0.0,0.7095,0.2752,0.002707,0.0007391,0.006713,-1.0,0.01527,4.609,4.481,4.774,4.023
0.0152,0.01508,7.7,1.1499999762,2.4996678137,1.149,0.162,3.7918,4.455,0.0,0.0,0.538,0.0,0.0,0.0,0.0,0.0,-1.0,-7.91e-14,0.0,0.7097,0.2751,0.002705,0.0007388,0.00671,-1.0,0.0152,4.365,4.236,4.506,3.806
0.0152,0.01508,7.7,1.1772146225,2.5036889867,1.177,0.217,3.7982,4.436,0.0,0.0,0.538,0.0,0.0,0.0,0.0,0.0,-1.0,-8.59e-14,0.0,0.7097,0.2751,0.002705,0.0007387,0.006709,-1.0,0.01523,4.227,4.099,4.355,3.684
0.0152,0.01508,7.7,1.2000000477,2.5068948796,1.2,0.258,3.8027,4.422,0.0,0.0,0.538,0.0,0.0,0.0,0.0,0.0,-1.0,-9.08e-14,0.0,0.7097,0.275,0.002705,0.0007386,0.006709,-1.0,0.01527,4.125,3.998,4.246,3.594
0.0152,0.01508,7.7,1.25,2.5134610955,1.25,0.344,3.8124,4.392,0.0,0.0,0.538,0.0,0.0,0.0,0.0,0.0,-1.0,-1.01e-13,0.0,0.7097,0.275,0.002705,0.0007386,0.006709,-1.0,0.01526,3.91,3.785,4.014,3.405
0.0152,0.01508,7.7,1.2999999523,2.5194498592,1.3,0.425,3.8215,4.365,0.0,0.0,0.538,0.0,0.0,0.0,0.0,0.0,-1.0,-1.1e-13,0.0,0.7098,0.275,0.002705,0.0007385,0.006708,-1.0,0.01526,3.706,3.583,3.796,3.224
0.0152,0.01508,7.7,1.3500001431,2.5249313723,1.35,0.503,3.831,4.342,0.0,0.0,0.538,0.0,0.0,0.0,0.0,0.0,-1.0,-1.16e-13,0.0,0.7098,0.275,0.002705,0.0007385,0.006708,-1.0,0.01522,3.513,3.392,3.588,3.055
0.0152,0.01508,7.7,1.4000000954,2.5299650415,1.4,0.576,3.8407,4.323,0.0,0.0,0.538,0.0,0.0,0.0,0.0,0.0,-1.0,-1.18e-13,0.0,0.7099,0.2749,0.002704,0.0007385,0.006707,-1.0,0.0152,3.331,3.212,3.393,2.898
0.0152,0.01508,7.7,1.4500000477,2.5346015836,1.45,0.643,3.8515,4.314,0.0,0.0,0.538,0.0,0.0,0.0,0.0,0.0,-1.0,-1.15e-13,0.0,0.7098,0.2749,0.002704,0.0007385,0.006707,-1.0,0.01526,3.161,3.047,3.21,2.758
0.0152,0.01508,7.7,1.5,2.5388844597,1.5,0.709,3.8636,4.312,0.0,0.0,0.538,0.0,0.0,0.0,0.0,0.0,-1.0,-1.05e-13,0.0,0.7099,0.2748,0.002704,0.0007384,0.006707,-1.0,0.01525,2.998,2.89,3.034,2.63
0.0152,0.01508,7.7,1.5499999523,2.5428511323,1.55,0.771,3.8769,4.317,0.0,0.0,0.538,0.0,0.0,0.0,0.0,0.0,-1.0,-8.9e-14,0.0,0.7099,0.2748,0.002704,0.0007383,0.006706,-1.0,0.01525,2.842,2.742,2.867,2.514
0.0152,0.01508,7.7,1.6000000238,2.5465340628,1.6,0.832,3.8901,4.323,0.0,0.0,0.538,0.0,0.0,0.0,0.0,0.0,-1.0,-6.68e-14,0.0,0.71,0.2748,0.002704,0.0007382,0.006705,-1.0,0.01525,2.69,2.6,2.706,2.405
0.0152,0.01508,7.7,1.6500000954,2.5499614852,1.649,0.889,3.9026,4.329,0.0,0.0,0.538,0.0,0.0,0.0,0.0,0.0,-1.0,-3.73e-14,0.0,0.71,0.2747,0.002703,0.0007381,0.006705,-1.0,0.01524,2.547,2.47,2.558,2.307
0.0152,0.01508,7.7,1.7000000477,2.5531580802,1.699,0.945,3.9146,4.334,0.0,0.0,0.538,0.0,0.0,0.0,0.0,0.0,-1.0,-9.999999999999999e-31,0.0,0.71,0.2747,0.002703,0.0007381,0.006704,-1.0,0.01524,2.408,2.347,2.418,2.214
0.0152,0.01508,7.7,1.75,2.5561455243,1.749,0.999,3.9259,4.338,0.0,0.0,0.538,0.0,0.0,0.0,0.0,0.0,-1.0,-9.999999999999999e-31,0.0,0.71,0.2747,0.002703,0.000738,0.006704,-1.0,0.01525,2.274,2.232,2.288,2.127
0.0152,0.01508,7.7,1.7999999523,2.5589429085,1.799,1.05,3.9366,4.341,0.0,0.0,0.538,0.0,0.0,0.0,0.0,0.0,-1.0,-9.999999999999999e-31,0.0,0.7101,0.2747,0.002702,0.000738,0.006703,-1.0,0.01523,2.144,2.126,2.168,2.045
0.0152,0.01508,7.7,1.8500000238,2.5615671203,1.849,1.099,3.9466,4.344,0.0,0.0,0.538,0.0,0.0,0.0,0.0,0.0,-1.0,-9.999999999999999e-31,0.0,0.7101,0.2747,0.002702,0.000738,0.006703,-1.0,0.01523,2.022,2.03,2.062,1.97
0.0152,0.01508,7.7,1.9000000954,2.5640331317,1.899,1.147,3.9561,4.346,0.0,0.0,0.538,0.0,0.0,0.0,0.0,0.0,-1.0,-9.999999999999999e-31,0.0,0.7101,0.2747,0.002702,0.0007379,0.006702,-1.0,0.01522,1.902,1.939,1.962,1.897
0.0152,0.01508,7.7,1.9500001669,2.5663542767,1.95,1.194,3.9652,4.347,1.0,0.0,0.538,0.0,0.0,0.0,0.0,0.0,-1.0,-9.999999999999999e-31,0.0,0.7102,0.2746,0.002702,0.0007379,0.006702,-1.0,0.01522,1.786,1.855,1.87,1.827
0.0152,0.01508,7.7,2.0,2.5685424513,2.0,1.238,3.9739,4.348,1.0,0.0,0.538,0.0,0.0,0.0,0.0,0.0,-1.0,-9.999999999999999e-31,0.0,0.7101,0.2746,0.002702,0.0007378,0.006702,-1.0,0.01527,1.674,1.776,1.785,1.762
0.0152,0.01508,7.7,2.0499999523,2.5706083333,2.05,1.282,3.9821,4.348,1.0,0.0,0.538,0.0,0.0,0.0,0.0,0.0,-1.0,-9.999999999999999e-31,0.0,0.7102,0.2746,0.002702,0.0007378,0.006701,-1.0,0.01524,1.565,1.702,1.704,1.698
0.0152,0.01508,7.7,2.0999999046,2.5725614918,2.099,1.324,3.9899,4.347,1.0,0.0,0.538,0.0,0.0,0.0,0.0,0.0,-1.0,-9.999999999999999e-31,0.0,0.7102,0.2746,0.002701,0.0007377,0.006701,-1.0,0.0152,1.46,1.629,1.626,1.636
0.0152,0.01508,7.7,2.1500000954,2.5744105556,2.149,1.365,3.9976,4.347,1.0,0.0,0.538,0.0,0.0,0.0,0.0,0.0,-1.0,-9.999999999999999e-31,0.0,0.7102,0.2745,0.002701,0.0007377,0.006701,-1.0,0.01522,1.357,1.561,1.554,1.576
0.0152,0.01508,7.7,2.2000000477,2.5761632879,2.199,1.405,4.0048,4.346,1.0,0.0,0.538,0.0,0.0,0.0,0.0,0.0,-1.0,-9.999999999999999e-31,0.0,0.7102,0.2745,0.002702,0.0007376,0.006701,-1.0,0.01527,1.256,1.493,1.482,1.516
0.0152,0.01508,7.7,2.218960762,2.5768042424,2.218,1.42,4.0074,4.345,1.0,0.0,0.538,0.0,0.0,0.0,0.0,0.0,-1.0,-9.999999999999999e-31,0.0,0.7102,0.2745,0.002701,0.0007376,0.0067,-1.0,0.01527,1.219,1.468,1.455,1.494
0.0152,0.01508,7.7,2.25,2.5778267375,2.249,1.445,4.0117,4.344,1.0,0.0,0.538,0.0,0.0,0.0,0.0,0.0,-1.0,-9.999999999999999e-31,0.0,0.7102,0.2745,0.002701,0.0007376,0.0067,-1.0,0.01526,1.158,1.428,1.412,1.458
0.0152,0.01508,7.7,2.2999999523,2.5794072884,2.299,1.483,4.0183,4.342,1.0,0.0,0.538,0.0,0.0,0.0,0.0,0.0,-1.0,-9.999999999999999e-31,0.0,0.7102,0.2745,0.002701,0.0007376,0.0067,-1.0,0.01525,1.063,1.364,1.346,1.401
0.0152,0.01508,7.7,2.4000000954,2.5823423892,2.399,1.556,4.031,4.338,1.0,0.0,0.538,0.0,0.0,0.0,0.0,0.0,-1.0,-9.999999999999999e-31,0.0,0.7103,0.2745,0.002701,0.0007376,0.006699,-1.0,0.01522,0.879,1.242,1.217,1.289
0.0152,0.01508,7.7,2.5999999046,2.5874412955,2.6,1.695,4.0541,4.327,1.0,0.0,0.538,0.0,0.0,0.0,0.0,0.0,-1.0,-9.999999999999999e-31,0.0,0.7092,0.2755,0.00271,0.0007399,0.00672,-1.0,0.01527,0.533,1.012,0.977,1.077
0.0152,0.01508,7.7,2.7613561153,2.5909419608,2.762,1.799,4.0711,4.316,1.0,0.0,0.538,0.0,0.0,0.0,0.0,0.0,-1.0,-9.999999999999999e-31,0.0,0.7092,0.2755,0.00271,0.0007399,0.00672,-1.0,0.01527,0.272,0.838,0.797,0.914
0.0152,0.01508,7.7,2.8000001907,2.5917117867,2.8,1.823,4.075,4.314,1.0,0.0,0.538,0.0,0.0,0.0,0.0,0.0,-1.0,-9.999999999999999e-31,0.0,0.7092,0.2755,0.00271,0.0007399,0.00672,-1.0,0.01527,0.212,0.797,0.756,0.876
0.0152,0.01508,7.7,2.9314453602,2.5941564824,2.932,1.902,4.0874,4.304,1.0,0.0,0.538,0.0,0.0,0.0,0.0,0.0,-1.0,-9.999999999999999e-31,0.0,0.7092,0.2755,0.00271,0.0007399,0.00672,-1.0,0.01527,0.014,0.665,0.619,0.751
0.0152,0.01508,7.7,3.0,2.5953341962,3.0,1.943,4.0938,4.3,1.0,0.0,0.538,0.0,0.0,0.0,0.0,0.0,-1.0,-9.999999999999999e-31,0.0,0.7092,0.2755,0.00271,0.0007399,0.00672,-1.0,0.01527,-0.087,0.598,0.55,0.688
0.0152,0.01508,7.7,3.194236517,2.5983576142,3.194,2.052,4.1107,4.285,1.0,0.0,0.538,0.0,0.0,0.0,0.0,0.0,-1.0,-9.999999999999999e-31,0.0,0.7092,0.2755,0.00271,0.0007399,0.00672,-1.0,0.01527,-0.36,0.416,0.362,0.516
0.0152,0.01508,7.7,3.2000000477,2.5984409005,3.199,2.055,4.1112,4.285,1.0,0.0,0.538,0.0,0.0,0.0,0.0,0.0,-1.0,-9.999999999999999e-31,0.0,0.7092,0.2755,0.00271,0.0007399,0.00672,-1.0,0.01527,-0.368,0.411,0.357,0.511
0.0152,0.01508,7.7,3.3264381886,2.6001848253,3.325,2.123,4.1215,4.275,1.0,0.0,0.538,0.0,0.0,0.0,0.0,0.0,-1.0,-9.999999999999999e-31,0.0,0.7092,0.2755,0.00271,0.0007399,0.00672,-1.0,0.01527,-0.537,0.298,0.241,0.405
0.0152,0.01508,7.7,3.4000000954,2.6011310876,3.398,2.161,4.1273,4.269,1.0,0.0,0.538,0.0,0.0,0.0,0.0,0.0,-1.0,-9.999999999999999e-31,0.0,0.7092,0.2755,0.00271,0.0007399,0.00672,-1.0,0.01527,-0.633,0.234,0.176,0.344
0.0152,0.01508,7.7,3.5065777302,2.6024213884,3.504,2.216,4.1354,4.261,1.0,0.0,0.538,0.0,0.0,0.0,0.0,0.0,-1.0,-9.999999999999999e-31,0.0,0.7092,0.2755,0.00271,0.0007399,0.00672,-1.0,0.01527,-0.769,0.144,0.083,0.258
0.0152,0.01508,7.7,3.6000001431,2.6034804607,3.598,2.262,4.1423,4.253,1.0,0.0,0.538,0.0,0.0,0.0,0.0,0.0,-1.0,-9.999999999999999e-31,0.0,0.7092,0.2755,0.00271,0.0007399,0.00672,-1.0,0.01527,-0.885,0.066,0.003,0.184
0.0152,0.01508,7.7,3.7055225372,2.6046031511,3.703,2.313,4.1498,4.245,1.0,0.0,0.538,0.0,0.0,0.0,0.0,0.0,-1.0,-9.999999999999999e-31,0.0,0.7092,0.2755,0.00271,0.0007399,0.00672,-1.0,0.01527,-1.013,-0.019,-0.085,0.103
0.0152,0.01508,7.7,3.8000001907,2.6055477311,3.798,2.358,4.1562,4.237,1.0,0.0,0.538,0.0,0.0,0.0,0.0,0.0,-1.0,-9.999999999999999e-31,0.0,0.7092,0.2755,0.00271,0.0007399,0.00672,-1.0,0.01527,-1.125,-0.094,-0.162,0.032
0.0152,0.01508,7.7,3.8578817844,2.6061002163,3.857,2.385,4.16,4.232,1.0,0.0,0.538,0.0,0.0,0.0,0.0,0.0,-1.0,-9.999999999999999e-31,0.0,0.7092,0.2755,0.00271,0.0007399,0.00672,-1.0,0.01527,-1.192,-0.139,-0.208,-0.011
0.0152,0.01508,7.7,4.0,2.607379084,4.001,2.45,4.1692,4.219,1.0,0.0,0.538,0.0,0.0,0.0,0.0,0.0,-1.0,-9.999999999999999e-31,0.0,0.7092,0.2755,0.00271,0.0007399,0.00672,-1.0,0.01527,-1.354,-0.249,-0.321,-0.116
0.0152,0.01508,7.7,4.0552392006,2.6078484283,4.055,2.475,4.1726,4.214,1.0,0.0,0.538,0.0,0.0,0.0,0.0,0.0,-1.0,-9.999999999999999e-31,0.0,0.7092,0.2755,0.00271,0.0007399,0.00672,-1.0,0.01527,-1.416,-0.291,-0.364,-0.157
0.0152,0.01508,7.7,4.1999998093,2.6090113217,4.198,2.539,4.1811,4.199,1.0,0.0,0.538,0.0,0.0,0.0,0.0,0.0,-1.0,-9.999999999999999e-31,0.0,0.7092,0.2755,0.00271,0.0007399,0.00672,-1.0,0.01527,-1.577,-0.402,-0.478,-0.263
0.0152,0.01508,7.7,4.3349561691,2.6100153975,4.332,2.597,4.1887,4.184,1.0,0.0,0.538,0.0,0.0,0.0,0.0,0.0,-1.0,-9.999999999999999e-31,0.0,0.7092,0.2755,0.00271,0.0007399,0.00672,-1.0,0.01527,-1.723,-0.504,-0.582,-0.36
0.0152,0.01508,7.7,4.4000000954,2.6104741055,4.397,2.625,4.1922,4.177,1.0,0.0,0.538,0.0,0.0,0.0,0.0,0.0,-1.0,-9.999999999999999e-31,0.0,0.7092,0.2755,0.00271,0.0007399,0.00672,-1.0,0.01527,-1.792,-0.553,-0.632,-0.407
0.0152,0.01508,7.7,4.4516320229,2.6108272741,4.449,2.646,4.1949,4.172,1.0,0.0,0.538,0.0,0.0,0.0,0.0,0.0,-1.0,-9.999999999999999e-31,0.0,0.7092,0.2755,0.00271,0.0007399,0.00672,-1.0,0.01527,-1.846,-0.591,-0.67,-0.443
0.0152,0.01508,7.7,4.5999999046,2.6117915791,4.597,2.708,4.2024,4.154,1.0,0.0,0.538,0.0,0.0,0.0,0.0,0.0,-1.0,-9.999999999999999e-31,0.0,0.7092,0.2755,0.00271,0.0007399,0.00672,-1.0,0.01527,-1.999,-0.701,-0.783,-0.549
0.0152,0.01508,7.7,4.6964178085,2.6123808155,4.694,2.747,4.207,4.143,1.0,0.0,0.538,0.0,0.0,0.0,0.0,0.0,-1.0,-9.999999999999999e-31,0.0,0.7092,0.2755,0.00271,0.0007399,0.00672,-1.0,0.01527,-2.097,-0.772,-0.855,-0.618
0.0152,0.01508,7.7,4.8000001907,2.6129836005,4.798,2.789,4.2118,4.129,1.0,0.0,0.538,0.0,0.0,0.0,0.0,0.0,-1.0,-9.999999999999999e-31,0.0,0.7092,0.2755,0.00271,0.0007399,0.00672,-1.0,0.01527,-2.202,-0.849,-0.934,-0.692
0.0152,0.01508,7.7,4.9264464378,2.6136800712,4.925,2.839,4.2173,4.112,1.0,0.0,0.538,0.0,0.0,0.0,0.0,0.0,-1.0,-9.999999999999999e-31,0.0,0.7092,0.2755,0.00271,0.0007399,0.00672,-1.0,0.01527,-2.328,-0.943,-1.029,-0.783
0.0152,0.01508,7.7,5.0,2.6140666223,4.999,2.868,4.2203,4.102,1.0,0.0,0.538,0.0,0.0,0.0,0.0,0.0,-1.0,-9.999999999999999e-31,0.0,0.7092,0.2755,0.00271,0.0007399,0.00672,-1.0,0.01527,-2.401,-0.999,-1.086,-0.837
0.0152,0.01508,7.7,5.1032066345,2.614587466,5.103,2.909,4.2244,4.087,1.0,0.0,0.538,0.0,0.0,0.0,0.0,0.0,-1.0,-9.999999999999999e-31,0.0,0.7092,0.2755,0.00271,0.0007399,0.00672,-1.0,0.01527,-2.502,-1.076,-1.164,-0.911
0.0152,0.01508,7.7,5.1999998093,2.6150544,5.2,2.947,4.2278,4.07,1.0,0.0,0.538,0.0,0.0,0.0,0.0,0.0,-1.0,-9.999999999999999e-31,0.0,0.7092,0.2755,0.00271,0.0007399,0.00672,-1.0,0.01527,-2.597,-1.151,-1.24,-0.984
0.0152,0.01508,7.7,5.2627940178,2.6153467806,5.263,2.971,4.2299,4.06,1.0,0.0,0.538,0.0,0.0,0.0,0.0,0.0,-1.0,-9.999999999999999e-31,0.0,0.7092,0.2755,0.00271,0.0007399,0.00672,-1.0,0.01527,-2.658,-1.199,-1.29,-1.032
0.0152,0.01508,7.7,5.3999996185,2.6159585084,5.401,3.024,4.2341,4.035,1.0,0.0,0.538,0.0,0.0,0.0,0.0,0.0,-1.0,-9.999999999999999e-31,0.0,0.7092,0.2755,0.00271,0.0007399,0.00672,-1.0,0.01527,-2.791,-1.308,-1.4,-1.138
0.0152,0.01508,7.7,5.4248466492,2.6160654893,5.425,3.034,4.2349,4.03,1.0,0.0,0.538,0.0,0.0,0.0,0.0,0.0,-1.0,-9.999999999999999e-31,0.0,0.7092,0.2755,0.00271,0.0007399,0.00672,-1.0,0.01527,-2.814,-1.328,-1.42,-1.157
0.0152,0.01508,7.7,5.5727620125,2.6166797114,5.574,3.091,4.2387,4.0,1.0,0.0,0.538,0.0,0.0,0.0,0.0,0.0,-1.0,-9.999999999999999e-31,0.0,0.7092,0.2755,0.00271,0.0007399,0.00672,-1.0,0.01527,-2.956,-1.448,-1.541,-1.275
0.0152,0.01508,7.7,5.5999994278,2.6167887546,5.601,3.101,4.2394,3.995,1.0,0.0,0.538,0.0,0.0,0.0,0.0,0.0,-1.0,-9.999999999999999e-31,0.0,0.7092,0.2755,0.00271,0.0007399,0.00672,-1.0,0.01527,-2.982,-1.47,-1.564,-1.297
0.0152,0.01508,7.7,5.6135721207,2.6168426379,5.614,3.106,4.2397,3.992,1.0,0.0,0.538,0.0,0.0,0.0,0.0,0.0,-1.0,-9.999999999999999e-31,0.0,0.7092,0.2755,0.00271,0.0007399,0.00672,-1.0,0.01527,-2.995,-1.481,-1.575,-1.308
0.0152,0.01508,7.7,5.734875679,2.6173112152,5.736,3.153,4.2419,3.963,1.0,0.0,0.538,0.0,0.0,0.0,0.0,0.0,-1.0,-9.999999999999999e-31,0.0,0.7092,0.2755,0.00271,0.0007399,0.00672,-1.0,0.01527,-3.113,-1.586,-1.68,-1.411
0.0152,0.01508,7.7,5.8000001907,2.6175535027,5.801,3.178,4.2428,3.946,1.0,0.0,0.538,0.0,0.0,0.0,0.0,0.0,-1.0,-9.999999999999999e-31,0.0,0.7092,0.2755,0.00271,0.0007399,0.00672,-1.0,0.01527,-3.176,-1.645,-1.74,-1.47
0.0152,0.01508,7.7,5.823735714,2.6176402597,5.824,3.188,4.2431,3.94,1.0,0.0,0.538,0.0,0.0,0.0,0.0,0.0,-1.0,-9.999999999999999e-31,0.0,0.7092,0.2755,0.00271,0.0007399,0.00672,-1.0,0.01527,-3.199,-1.667,-1.761,-1.491
0.0152,0.01508,7.7,5.9395651817,2.6180522186,5.94,3.233,4.2441,3.907,1.0,0.0,0.538,0.0,0.0,0.0,0.0,0.0,-1.0,-9.999999999999999e-31,0.0,0.7092,0.2755,0.00271,0.0007399,0.00672,-1.0,0.01527,-3.312,-1.774,-1.869,-1.598
0.0152,0.01508,7.7,6.0,2.6182599138,6.0,3.256,4.2443,3.889,1.0,0.0,0.538,0.0,0.0,0.0,0.0,0.0,-1.0,-9.999999999999999e-31,0.0,0.7092,0.2755,0.00271,0.0007399,0.00672,-1.0,0.01527,-3.371,-1.833,-1.927,-1.656
0.0152,0.01508,7.7,6.0462474823,2.6184156308,6.046,3.274,4.2443,3.875,1.0,0.0,0.538,0.0,0.0,0.0,0.0,0.0,-1.0,-9.999999999999999e-31,0.0,0.7092,0.2755,0.00271,0.0007399,0.00672,-1.0,0.01527,-3.415,-1.877,-1.972,-1.701
0.0152,0.01508,7.7,6.1447052956,2.6187381816,6.144,3.313,4.2435,3.84,1.0,0.0,0.538,0.0,0.0,0.0,0.0,0.0,-1.0,-9.999999999999999e-31,0.0,0.7092,0.2755,0.00271,0.0007399,0.00672,-1.0,0.01527,-3.512,-1.979,-2.074,-1.803
0.0152,0.01508,7.7,6.1999998093,2.6189141709,6.2,3.335,4.2427,3.818,1.0,0.0,0.538,0.0,0.0,0.0,0.0,0.0,-1.0,-9.999999999999999e-31,0.0,0.7092,0.2755,0.00271,0.0007399,0.00672,-1.0,0.01527,-3.567,-2.04,-2.134,-1.864
0.0152,0.01508,7.7,6.2837929726,2.6191740881,6.283,3.368,4.241,3.784,1.0,0.0,0.538,0.0,0.0,0.0,0.0,0.0,-1.0,-9.999999999999999e-31,0.0,0.7092,0.2755,0.00271,0.0007399,0.00672,-1.0,0.01527,-3.651,-2.134,-2.228,-1.959
0.0152,0.01508,7.7,6.3803424835,2.6194638605,6.379,3.407,4.2379,3.739,1.0,0.0,0.538,0.0,0.0,0.0,0.0,0.0,-1.0,-9.999999999999999e-31,0.0,0.7092,0.2755,0.00271,0.0007399,0.00672,-1.0,0.01527,-3.748,-2.25,-2.344,-2.078
0.0152,0.01508,7.7,6.4000000954,2.6195216279,6.399,3.415,4.2372,3.73,1.0,0.0,0.538,0.0,0.0,0.0,0.0,0.0,-1.0,-9.999999999999999e-31,0.0,0.7092,0.2755,0.00271,0.0007399,0.00672,-1.0,0.01527,-3.768,-2.274,-2.368,-2.102
0.0152,0.01508,7.7,6.4085483551,2.6195466214,6.407,3.419,4.237,3.726,1.0,0.0,0.538,0.0,0.0,0.0,0.0,0.0,-1.0,-9.999999999999999e-31,0.0,0.7092,0.2755,0.00271,0.0007399,0.00672,-1.0,0.01527,-3.777,-2.285,-2.378,-2.113
0.0152,0.01508,7.7,6.5125136375,2.6198445669,6.511,3.461,4.2316,3.668,1.0,0.0,0.538,0.0,0.0,0.0,0.0,0.0,-1.0,-9.999999999999999e-31,0.0,0.7092,0.2755,0.00271,0.0007399,0.00672,-1.0,0.01527,-3.884,-2.424,-2.516,-2.255
0.0152,0.01508,7.7,6.5971999168,2.6200792978,6.595,3.497,4.2255,3.614,1.0,0.0,0.538,0.0,0.0,0.0,0.0,0.0,-1.0,-9.999999999999999e-31,0.0,0.7092,0.2755,0.00271,0.0007399,0.00672,-1.0,0.01527,-3.973,-2.55,-2.64,-2.384
0.0152,0.01508,7.7,6.6781845093,2.6202973765,6.675,3.532,4.2185,3.556,1.0,0.0,0.538,0.0,0.0,0.0,0.0,0.0,-1.0,-9.999999999999999e-31,0.0,0.7092,0.2755,0.00271,0.0007399,0.00672,-1.0,0.01527,-4.06,-2.678,-2.766,-2.517
0.0152,0.01508,7.7,6.7477612495,2.620479936,6.745,3.563,4.211,3.5,1.0,0.0,0.538,0.0,0.0,0.0,0.0,0.0,-1.0,-9.999999999999999e-31,0.0,0.7092,0.2755,0.00271,0.0007399,0.00672,-1.0,0.01527,-4.138,-2.801,-2.887,-2.643
0.0152,0.01508,7.7,6.8162808418,2.6206555392,6.813,3.597,4.2042,3.443,1.0,0.0,0.538,0.0,0.0,0.0,0.0,0.0,-1.0,-9.999999999999999e-31,0.0,0.7092,0.2755,0.00271,0.0007399,0.00672,-1.0,0.01527,-4.222,-2.926,-3.01,-2.773
0.0152,0.01508,7.7,6.8408322334,2.6207174764,6.837,3.61,4.203,3.427,1.0,0.0,0.538,0.0,0.0,0.0,0.0,0.0,-1.0,-9.999999999999999e-31,0.0,0.7092,0.2755,0.00271,0.0007399,0.00672,-1.0,0.01527,-4.255,-2.966,-3.05,-2.814
0.0152,0.01508,7.7,6.8640975952,2.6207756992,6.86,3.627,4.2083,3.432,1.0,0.0,0.538,0.0,0.0,0.0,0.0,0.0,-1.0,-9.999999999999999e-31,0.0,0.7092,0.2755,0.00271,0.0007399,0.00672,-1.0,0.01527,-4.298,-2.978,-3.064,-2.823
0.0152,0.01508,7.7,6.8799285889,2.6208150584,6.876,3.645,4.2192,3.459,1.0,0.0,0.538,0.0,0.0,0.0,0.0,0.0,-1.0,-9.999999999999999e-31,0.0,0.7092,0.2755,0.00271,0.0007399,0.00672,-1.0,0.01527,-4.342,-2.959,-3.048,-2.797
0.0152,0.01508,7.7,6.8851685524,2.6208280402,6.881,3.659,4.2302,3.49,1.0,0.0,0.538,0.0,0.0,0.0,0.0,0.0,-1.0,-9.999999999999999e-31,0.0,0.7092,0.2755,0.00271,0.0007399,0.00672,-1.0,0.01527,-4.376,-2.928,-3.02,-2.76
0.0152,0.01508,7.7,6.8876066208,2.6208340726,6.884,3.673,4.2411,3.519,1.0,0.0,0.538,0.0,0.0,0.0,0.0,0.0,-1.0,-9.999999999999999e-31,0.0,0.7092,0.2755,0.00271,0.0007399,0.00672,-1.0,0.01527,-4.413,-2.902,-2.997,-2.727
0.0152,0.01508,7.7,6.8888134956,2.620837057,6.885,3.689,4.2507,3.542,1.0,0.0,0.538,0.0,0.0,0.0,0.0,0.0,-1.0,-9.999999999999999e-31,0.0,0.7092,0.2755,0.00271,0.0007399,0.00672,-1.0,0.01527,-4.453,-2.886,-2.983,-2.706
0.0152,0.01508,7.7,6.8895974159,2.6208389948,6.886,3.706,4.2595,3.56,1.0,0.0,0.538,0.0,0.0,0.0,0.0,0.0,-1.0,-9.999999999999999e-31,0.0,0.7092,0.2755,0.00271,0.0007399,0.00672,-1.0,0.01527,-4.496,-2.877,-2.978,-2.692
0.0152,0.01508,7.7,6.8896918297,2.6208392281,6.886,3.707,4.2602,3.561,1.0,0.0,0.538,0.0,0.0,0.0,0.0,0.0,-1.0,-9.999999999999999e-31,0.0,0.7092,0.2755,0.00271,0.0007399,0.00672,-1.0,0.01527,-4.498,-2.876,-2.976,-2.69
0.0152,0.01508,7.7,6.8899979591,2.6208399847,6.886,3.686,4.2538,3.557,2.0,0.0,0.538,0.0,0.0,0.0,0.0,0.0,-1.0,-9.999999999999999e-31,0.0,0.7092,0.2755,0.00271,0.0007399,0.00672,-1.0,0.01527,-4.446,-2.861,-2.959,-2.679
0.0152,0.01508,7.7,6.8902449608,2.6208405951,6.886,3.668,4.2459,3.544,2.0,0.0,0.538,0.0,0.0,0.0,0.0,0.0,-1.0,-9.999999999999999e-31,0.0,0.7092,0.2755,0.00271,0.0007399,0.00672,-1.0,0.01527,-4.4,-2.86,-2.957,-2.683
0.0152,0.01508,7.7,6.8904590607,2.6208411241,6.886,3.656,4.237,3.52,2.0,0.0,0.538,0.0,0.0,0.0,0.0,0.0,-1.0,-9.999999999999999e-31,0.0,0.7092,0.2755,0.00271,0.0007399,0.00672,-1.0,0.01527,-4.37,-2.882,-2.976,-2.71
0.0152,0.01508,7.7,6.8907122612,2.6208417498,6.887,3.651,4.225,3.477,2.0,0.0,0.538,0.0,0.0,0.0,0.0,0.0,-1.0,-9.999999999999999e-31,0.0,0.7092,0.2755,0.00271,0.0007399,0.00672,-1.0,0.01527,-4.358,-2.94,-3.031,-2.775
0.0152,0.01508,7.7,6.8909602165,2.6208423624,6.887,3.655,4.213,3.425,2.0,0.0,0.538,0.0,0.0,0.0,0.0,0.0,-1.0,-9.999999999999999e-31,0.0,0.7092,0.2755,0.00271,0.0007399,0.00672,-1.0,0.01527,-4.368,-3.021,-3.108,-2.863
0.0152,0.01508,7.7,6.8912119865,2.6208429843,6.887,3.665,4.201,3.367,2.0,0.0,0.538,0.0,0.0,0.0,0.0,0.0,-1.0,-9.999999999999999e-31,0.0,0.7092,0.2755,0.00271,0.0007399,0.00672,-1.0,0.01527,-4.392,-3.115,-3.198,-2.964
0.0152,0.01508,7.7,6.8914666176,2.6208436133,6.887,3.675,4.189,3.309,2.0,0.0,0.538,0.0,0.0,0.0,0.0,0.0,-1.0,-9.999999999999999e-31,0.0,0.7092,0.2755,0.00271,0.0007399,0.00672,-1.0,0.01527,-4.418,-3.211,-3.291,-3.067
0.0152,0.01508,7.7,6.8917222023,2.6208442446,6.888,3.684,4.177,3.252,2.0,0.0,0.538,0.0,0.0,0.0,0.0,0.0,-1.0,-9.999999999999999e-31,0.0,0.7092,0.2755,0.00271,0.0007399,0.00672,-1.0,0.01527,-4.439,-3.302,-3.379,-3.166
0.0152,0.01508,7.7,6.8919768333,2.6208448735,6.888,3.69,4.165,3.198,2.0,0.0,0.538,0.0,0.0,0.0,0.0,0.0,-1.0,-9.999999999999999e-31,0.0,0.7092,0.2755,0.00271,0.0007399,0.00672,-1.0,0.01527,-4.456,-3.388,-3.461,-3.26
0.0152,0.01508,7.7,6.8922276497,2.6208454929,6.888,3.695,4.153,3.145,2.0,0.0,0.538,0.0,0.0,0.0,0.0,0.0,-1.0,-9.999999999999999e-31,0.0,0.7092,0.2755,0.00271,0.0007399,0.00672,-1.0,0.01527,-4.468,-3.469,-3.538,-3.348
0.0152,0.01508,7.7,6.8924732208,2.6208460993,6.888,3.698,4.141,3.094,2.0,0.0,0.538,0.0,0.0,0.0,0.0,0.0,-1.0,-9.999999999999999e-31,0.0,0.7092,0.2755,0.00271,0.0007399,0.00672,-1.0,0.01527,-4.476,-3.546,-3.611,-3.432
0.0152,0.01508,7.7,6.8927125931,2.6208466903,6.889,3.7,4.1289,3.044,2.0,0.0,0.538,0.0,0.0,0.0,0.0,0.0,-1.0,-9.999999999999999e-31,0.0,0.7092,0.2755,0.00271,0.0007399,0.00672,-1.0,0.01527,-4.48,-3.619,-3.68,-3.512
0.0152,0.01508,7.7,6.8929443359,2.6208472625,6.889,3.701,4.1169,2.994,2.0,0.0,0.538,0.0,0.0,0.0,0.0,0.0,-1.0,-9.999999999999999e-31,0.0,0.7092,0.2755,0.00271,0.0007399,0.00672,-1.0,0.01527,-4.483,-3.689,-3.747,-3.59
0.0152,0.01508,7.7,6.8931684494,2.6208478158,6.889,3.701,4.1048,2.946,2.0,0.0,0.538,0.0,0.0,0.0,0.0,0.0,-1.0,-9.999999999999999e-31,0.0,0.7092,0.2755,0.00271,0.0007399,0.00672,-1.0,0.01527,-4.484,-3.756,-3.809,-3.665
0.0152,0.01508,7.7,6.8934364319,2.6208484773,6.889,3.701,4.0898,2.886,2.0,0.0,0.538,0.0,0.0,0.0,0.0,0.0,-1.0,-9.999999999999999e-31,0.0,0.7092,0.2755,0.00271,0.0007399,0.00672,-1.0,0.01527,-4.482,-3.835,-3.884,-3.754
0.0152,0.01508,7.7,6.8936414719,2.6208489835,6.89,3.7,4.0777,2.839,2.0,0.0,0.538,0.0,0.0,0.0,0.0,0.0,-1.0,-9.999999999999999e-31,0.0,0.7092,0.2755,0.00271,0.0007399,0.00672,-1.0,0.01527,-4.479,-3.896,-3.94,-3.822
0.0152,0.01508,7.7,6.8938374519,2.6208494672,6.89,3.698,4.0657,2.793,2.0,0.0,0.538,0.0,0.0,0.0,0.0,0.0,-1.0,-9.999999999999999e-31,0.0,0.7092,0.2755,0.00271,0.0007399,0.00672,-1.0,0.01527,-4.474,-3.954,-3.994,-3.888
0.0152,0.01508,7.7,6.8940243721,2.6208499285,6.89,3.695,4.0536,2.747,2.0,0.0,0.538,0.0,0.0,0.0,0.0,0.0,-1.0,-9.999999999999999e-31,0.0,0.7092,0.2755,0.00271,0.0007399,0.00672,-1.0,0.01527,-4.469,-4.009,-4.045,-3.951
0.0152,0.01508,7.7,6.8942027092,2.6208503686,6.89,3.693,4.0416,2.702,2.0,0.0,0.538,0.0,0.0,0.0,0.0,0.0,-1.0,-9.999999999999999e-31,0.0,0.7092,0.2755,0.00271,0.0007399,0.00672,-1.0,0.01527,-4.462,-4.062,-4.093,-4.012
0.0152,0.01508,7.7,6.8943729401,2.6208507887,6.89,3.69,4.0295,2.657,2.0,0.0,0.538,0.0,0.0,0.0,0.0,0.0,-1.0,-9.999999999999999e-31,0.0,0.7092,0.2755,0.00271,0.0007399,0.00672,-1.0,0.01527,-4.454,-4.112,-4.14,-4.07
0.0152,0.01508,7.7,6.894534111,2.6208511864,6.89,3.686,4.0175,2.612,2.0,0.0,0.538,0.0,0.0,0.0,0.0,0.0,-1.0,-9.999999999999999e-31,0.0,0.7092,0.2755,0.00271,0.0007399,0.00672,-1.0,0.01527,-4.445,-4.16,-4.183,-4.126
0.0152,0.01508,7.7,6.8947253227,2.6208516582,6.891,3.681,4.0025,2.557,2.0,0.0,0.538,0.0,0.0,0.0,0.0,0.0,-1.0,-9.999999999999999e-31,0.0,0.7092,0.2755,0.00271,0.0007399,0.00672,-1.0,0.01527,-4.433,-4.217,-4.234,-4.194
0.0152,0.01508,7.7,6.8948698044,2.6208520147,6.891,3.677,3.9904,2.513,2.0,0.0,0.538,0.0,0.0,0.0,0.0,0.0,-1.0,-9.999999999999999e-31,0.0,0.7092,0.2755,0.00271,0.0007399,0.00672,-1.0,0.01527,-4.422,-4.26,-4.273,-4.245
0.0152,0.01508,7.7,6.8950066566,2.6208523524,6.891,3.673,3.9785,2.47,2.0,0.0,0.538,0.0,0.0,0.0,0.0,0.0,-1.0,-9.999999999999999e-31,0.0,0.7092,0.2755,0.00271,0.0007399,0.00672,-1.0,0.01527,-4.411,-4.3,-4.307,-4.295
0.0152,0.01508,7.7,6.89513731,2.6208526747,6.891,3.668,3.9664,2.426,2.0,0.0,0.538,0.0,0.0,0.0,0.0,0.0,-1.0,-9.999999999999999e-31,0.0,0.7092,0.2755,0.00271,0.0007399,0.00672,-1.0,0.01527,-4.4,-4.337,-4.339,-4.343
0.0152,0.01508,7.7,6.8952622414,2.6208529829,6.891,3.663,3.9545,2.383,2.0,0.0,0.538,0.0,0.0,0.0,0.0,0.0,-1.0,-9.999999999999999e-31,0.0,0.7092,0.2755,0.00271,0.0007399,0.00672,-1.0,0.01527,-4.387,-4.371,-4.367,-4.389
0.0152,0.01508,7.7,6.895380497,2.6208532746,6.891,3.658,3.9425,2.341,2.0,0.0,0.538,0.0,0.0,0.0,0.0,0.0,-1.0,-9.999999999999999e-31,0.0,0.7092,0.2755,0.00271,0.0007399,0.00672,-1.0,0.01527,-4.374,-4.402,-4.39,-4.433
0.0152,0.01508,7.7,6.8954930305,2.6208535522,6.891,3.652,3.9306,2.298,2.0,0.0,0.538,0.0,0.0,0.0,0.0,0.0,-1.0,-9.999999999999999e-31,0.0,0.7092,0.2755,0.00271,0.0007399,0.00672,-1.0,0.01527,-4.361,-4.428,-4.408,-4.474
0.0152,0.01508,7.7,6.8956007957,2.6208538181,6.892,3.647,3.9185,2.256,2.0,0.0,0.538,0.0,0.0,0.0,0.0,0.0,-1.0,-9.999999999999999e-31,0.0,0.7092,0.2755,0.00271,0.0007399,0.00672,-1.0,0.01527,-4.347,-4.446,-4.416,-4.512
0.0152,0.01508,7.7,6.8957028389,2.6208540698,6.892,3.641,3.9066,2.213,2.0,0.0,0.538,0.0,0.0,0.0,0.0,0.0,-1.0,-9.999999999999999e-31,0.0,0.7092,0.2755,0.00271,0.0007399,0.00672,-1.0,0.01527,-4.333,-4.458,-4.415,-4.546
0.0152,0.01508,7.7,6.8958001137,2.6208543097,6.892,3.635,3.8946,2.171,2.0,0.0,0.538,0.0,0.0,0.0,0.0,0.0,-1.0,-9.999999999999999e-31,0.0,0.7092,0.2755,0.00271,0.0007399,0.00672,-1.0,0.01527,-4.319,-4.464,-4.408,-4.578
0.0152,0.01508,7.7,6.8958921432,2.6208545367,6.892,3.63,3.8826,2.129,2.0,0.0,0.538,0.0,0.0,0.0,0.0,0.0,-1.0,-9.999999999999999e-31,0.0,0.7092,0.2755,0.00271,0.0007399,0.00672,-1.0,0.01527,-4.304,-4.464,-4.392,-4.606
0.0152,0.01508,7.7,6.8959794044,2.6208547519,6.892,3.623,3.8706,2.087,2.0,0.0,0.538,0.0,0.0,0.0,0.0,0.0,-1.0,-9.999999999999999e-31,0.0,0.7092,0.2755,0.00271,0.0007399,0.00672,-1.0,0.01527,-4.289,-4.46,-4.37,-4.632
0.0152,0.01508,7.7,6.8960623741,2.6208549566,6.892,3.617,3.8586,2.046,2.0,0.0,0.538,0.0,0.0,0.0,0.0,0.0,-1.0,-9.999999999999999e-31,0.0,0.7092,0.2755,0.00271,0.0007399,0.00672,-1.0,0.01527,-4.273,-4.452,-4.342,-4.658
0.0152,0.01508,7.7,6.8961410522,2.6208551506,6.892,3.611,3.8468,2.004,2.0,0.0,0.538,0.0,0.0,0.0,0.0,0.0,-1.0,-9.999999999999999e-31,0.0,0.7092,0.2755,0.00271,0.0007399,0.00672,-1.0,0.01527,-4.258,-4.44,-4.307,-4.682
0.0152,0.01508,7.7,6.8962163925,2.6208553364,6.892,3.604,3.8348,1.963,2.0,0.0,0.538,0.0,0.0,0.0,0.0,0.0,-1.0,-9.999999999999999e-31,0.0,0.7092,0.2755,0.00271,0.0007399,0.00672,-1.0,0.01527,-4.241,-4.425,-4.269,-4.703
0.0152,0.01508,7.7,6.8962869644,2.6208555104,6.892,3.598,3.823,1.922,2.0,0.0,0.538,0.0,0.0,0.0,0.0,0.0,-1.0,-9.999999999999999e-31,0.0,0.7092,0.2755,0.00271,0.0007399,0.00672,-1.0,0.01527,-4.225,-4.408,-4.227,-4.72
0.0152,0.01508,7.7,6.8963551521,2.6208556786,6.892,3.591,3.811,1.881,2.0,0.0,0.538,0.0,0.0,0.0,0.0,0.0,-1.0,-9.999999999999999e-31,0.0,0.7092,0.2755,0.00271,0.0007399,0.00672,-1.0,0.01527,-4.208,-4.388,-4.182,-4.734
0.0152,0.01508,7.7,6.8964195251,2.6208558373,6.892,3.584,3.7992,1.841,2.0,0.0,0.538,0.0,0.0,0.0,0.0,0.0,-1.0,-9.999999999999999e-31,0.0,0.7092,0.2755,0.00271,0.0007399,0.00672,-1.0,0.01527,-4.19,-4.365,-4.133,-4.747
0.0152,0.01508,7.7,6.8964810371,2.620855989,6.892,3.577,3.7872,1.8,2.0,0.0,0.538,0.0,0.0,0.0,0.0,0.0,-1.0,-9.999999999999999e-31,0.0,0.7092,0.2755,0.00271,0.0007399,0.00672,-1.0,0.01527,-4.172,-4.34,-4.079,-4.756
0.0152,0.01508,7.7,6.8965387344,2.6208561313,6.893,3.57,3.7754,1.76,2.0,0.0,0.538,0.0,0.0,0.0,0.0,0.0,-1.0,-9.999999999999999e-31,0.0,0.7092,0.2755,0.00271,0.0007399,0.00672,-1.0,0.01527,-4.154,-4.312,-4.021,-4.766
0.0152,0.01508,7.7,6.8965940475,2.6208562677,6.893,3.562,3.7636,1.72,2.0,0.0,0.538,0.0,0.0,0.0,0.0,0.0,-1.0,-9.999999999999999e-31,0.0,0.7092,0.2755,0.00271,0.0007399,0.00672,-1.0,0.01527,-4.136,-4.281,-3.957,-4.77
0.0152,0.01508,7.7,6.8966464996,2.620856397,6.893,3.555,3.7518,1.681,2.0,0.0,0.538,0.0,0.0,0.0,0.0,0.0,-1.0,-9.999999999999999e-31,0.0,0.7092,0.2755,0.00271,0.0007399,0.00672,-1.0,0.01527,-4.117,-4.247,-3.893,-4.768
0.0152,0.01508,7.7,6.8966970444,2.6208565217,6.893,3.547,3.7399,1.641,2.0,0.0,0.538,0.0,0.0,0.0,0.0,0.0,-1.0,-9.999999999999999e-31,0.0,0.7092,0.2755,0.00271,0.0007399,0.00672,-1.0,0.01527,-4.097,-4.209,-3.825,-4.762
0.0152,0.01508,7.7,6.8967442513,2.6208566381,6.893,3.539,3.7284,1.603,2.0,0.0,0.538,0.0,0.0,0.0,0.0,0.0,-1.0,-9.999999999999999e-31,0.0,0.7092,0.2755,0.00271,0.0007399,0.00672,-1.0,0.01527,-4.076,-4.168,-3.753,-4.749
0.0152,0.01508,7.7,6.8967914581,2.6208567545,6.893,3.53,3.7169,1.566,2.0,0.0,0.538,0.0,0.0,0.0,0.0,0.0,-1.0,-9.999999999999999e-31,0.0,0.7092,0.2755,0.00271,0.0007399,0.00672,-1.0,0.01527,-4.055,-4.121,-3.677,-4.73
0.0152,0.01508,7.7,6.8968396187,2.6208568732,6.893,3.52,3.7057,1.531,2.0,0.0,0.538,0.0,0.0,0.0,0.0,0.0,-1.0,-9.999999999999999e-31,0.0,0.7092,0.2755,0.00271,0.0007399,0.00672,-1.0,0.01527,-4.03,-4.069,-3.595,-4.703
0.0152,0.01508,7.7,6.8968930244,2.6208570049,6.893,3.508,3.6946,1.499,2.0,0.0,0.538,0.0,0.0,0.0,0.0,0.0,-1.0,-9.999999999999999e-31,0.0,0.7092,0.2755,0.00271,0.0007399,0.00672,-1.0,0.01527,-3.999,-4.007,-3.506,-4.667
0.0152,0.01508,7.7,6.8969554901,2.6208571589,6.893,3.492,3.6837,1.471,2.0,0.0,0.538,0.0,0.0,0.0,0.0,0.0,-1.0,-9.999999999999999e-31,0.0,0.7092,0.2755,0.00271,0.0007399,0.00672,-1.0,0.01527,-3.96,-3.936,-3.406,-4.618
0.0152,0.01508,7.7,6.8970508575,2.6208573941,6.893,3.469,3.6736,1.454,2.0,0.0,0.538,0.0,0.0,0.0,0.0,0.0,-1.0,-9.999999999999999e-31,0.0,0.7092,0.2755,0.00271,0.0007399,0.00672,-1.0,0.01527,-3.903,-3.847,-3.297,-4.546
0.0152,0.01508,7.7,6.8971590996,2.6208576609,6.893,3.444,3.6647,1.444,2.0,0.0,0.538,0.0,0.0,0.0,0.0,0.0,-1.0,-9.999999999999999e-31,0.0,0.7092,0.2755,0.00271,0.0007399,0.00672,-1.0,0.01527,-3.839,-3.75,-3.182,-4.465
0.0152,0.01508,7.7,6.897274971,2.6208579466,6.893,3.422,3.6561,1.431,2.0,0.0,0.538,0.0,0.0,0.0,0.0,0.0,-1.0,-9.999999999999999e-31,0.0,0.7092,0.2755,0.00271,0.0007399,0.00672,-1.0,0.01527,-3.784,-3.661,-3.072,-4.391
0.0152,0.01508,7.7,6.8973588943,2.6208581535,6.893,3.413,3.6501,1.416,2.0,0.0,0.538,0.0,0.0,0.0,0.0,0.0,-1.0,-9.999999999999999e-31,0.0,0.7092,0.2755,0.00271,0.0007399,0.00672,-1.0,0.01527,-3.762,-3.61,-3.004,-4.355
0.0152,0.01508,7.7,6.8974370956,2.6208583463,6.893,3.424,3.6442,1.381,3.0,0.0,0.538,13.65,11.5,8.29,5.99,4.93,4.0,-9.999999999999999e-31,0.0,0.7092,0.2755,0.00271,0.00074,0.00672,-1.0,0.01527,-3.79,-3.61,-2.984,-4.369
0.0152,0.01508,7.7,6.8975377083,2.6208585943,6.893,3.462,3.6358,1.31,3.0,0.0,0.537,15.98,13.08,9.38,6.78,5.59,4.0,-9.999999999999999e-31,0.0,0.7092,0.2755,0.002706,0.0007408,0.00672,-1.0,0.01527,-3.884,-3.662,-3.007,-4.442
0.0152,0.01508,7.7,6.8976054192,2.6208587612,6.894,3.502,3.6298,1.246,3.0,0.0,0.532,18.41,14.68,10.47,7.59,6.25,4.0,-9.999999999999999e-31,0.0,0.7092,0.2755,0.002683,0.0007508,0.00672,-1.0,0.01528,-3.984,-3.73,-3.053,-4.526
0.0152,0.01508,7.7,6.8976588249,2.6208588928,6.894,3.539,3.6251,1.19,3.0,0.0,0.519,20.86,16.26,11.54,8.37,6.9,4.0,-9.999999999999999e-31,0.0,0.7091,0.2755,0.002618,0.000797,0.00672,-1.0,0.01531,-4.077,-3.796,-3.1,-4.605
0.0152,0.01508,7.7,6.8977079391,2.6208590139,6.894,3.575,3.6209,1.137,3.0,0.0,0.497,23.44,17.88,12.63,9.18,7.57,4.0,-9.999999999999999e-31,0.0,0.7091,0.2756,0.002505,0.0009079,0.00672,-1.0,0.0153,-4.167,-3.861,-3.148,-4.682
0.0152,0.01508,7.7,6.8977441788,2.6208591032,6.894,3.6,3.6179,1.1,3.0,0.0,0.476,25.48,19.13,13.48,9.81,8.09,4.0,-9.999999999999999e-31,0.0,0.7091,0.2756,0.0024,0.001026,0.00672,-1.0,0.01527,-4.231,-3.908,-3.182,-4.736
0.0152,0.01508,7.7,6.8977713585,2.6208591702,6.894,3.618,3.6161,1.075,3.0,0.0,0.463,26.93,20.01,14.07,10.24,8.45,4.0,-9.999999999999999e-31,0.0,0.7091,0.2756,0.002336,0.001104,0.00672,-1.0,0.01528,-4.275,-3.94,-3.206,-4.774
0.0152,0.01508,7.7,6.8978323936,2.6208593207,6.894,3.654,3.6124,1.024,3.0,0.0,0.441,30.12,21.93,15.36,11.19,9.23,4.0,-9.999999999999999e-31,0.0,0.709,0.2756,0.002225,0.001241,0.00672,-1.0,0.01537,-4.364,-4.006,-3.256,-4.851
0.0152,0.01508,7.7,6.8978500366,2.6208593642,6.894,3.661,3.6116,1.014,3.0,0.0,0.438,30.83,22.35,15.64,11.4,9.4,4.0,-9.999999999999999e-31,0.0,0.709,0.2756,0.002206,0.001264,0.00672,-1.0,0.01537,-4.383,-4.02,-3.267,-4.867
0.0152,0.01508,7.7,6.8979654312,2.6208596486,6.894,3.696,3.6081,0.965,3.0,0.0,0.422,34.34,24.4,17.01,12.41,10.24,4.0,-9.999999999999999e-31,0.0,0.709,0.2756,0.00213,0.001358,0.00672,-1.0,0.01537,-4.47,-4.084,-3.313,-4.941
0.0152,0.01508,7.7,6.8981962204,2.6208602174,6.894,3.734,3.6042,0.911,3.0,0.0,0.407,38.71,26.9,18.67,13.65,11.26,4.0,-9.999999999999999e-31,0.0,0.7089,0.2758,0.002051,0.001462,0.006712,-1.0,0.01537,-4.566,-4.151,-3.361,-5.022
0.0152,0.01508,7.7,6.8986563683,2.6208613514,6.895,3.773,3.6003,0.856,3.0,0.0,0.398,43.7,29.7,20.52,15.02,12.4,4.0,-9.999999999999999e-31,0.0,0.7074,0.2772,0.001975,0.001638,0.006617,-1.0,0.01537,-4.663,-4.22,-3.409,-5.104
0.0152,0.01508,7.7,6.8992190361,2.6208627378,6.895,3.813,3.5963,0.801,3.0,0.0,0.394,49.44,32.84,22.58,16.56,13.67,4.0,-9.999999999999999e-31,0.0,0.7039,0.2808,0.001906,0.001866,0.006454,-1.0,0.01537,-4.763,-4.289,-3.454,-5.186
0.0152,0.01508,7.7,6.8998317719,2.6208642472,6.896,3.853,3.5926,0.746,3.0,0.0,0.392,55.87,36.28,24.84,18.24,15.06,4.0,-9.999999999999999e-31,0.0,0.6985,0.2861,0.001846,0.002098,0.006274,-1.0,0.01537,-4.863,-4.36,-3.502,-5.27
0.0152,0.01508,7.7,6.9004449844,2.6208657575,6.896,3.89,3.5893,0.696,3.0,0.0,0.392,62.41,39.71,27.08,19.91,16.45,4.0,-9.999999999999999e-31,0.0,0.6928,0.2918,0.001801,0.002284,0.006126,-1.0,0.01537,-4.955,-4.424,-3.545,-5.347
0.0152,0.01508,7.7,6.9011507034,2.6208674953,6.897,3.924,3.5863,0.65,3.0,0.0,0.392,69.14,43.16,29.32,21.58,17.83,4.0,-9.999999999999999e-31,0.0,0.6873,0.2973,0.001766,0.002428,0.006011,-1.0,0.01537,-5.04,-4.481,-3.581,-5.416
0.0152,0.01508,7.7,6.9032320976,2.6208726182,6.899,3.96,3.5831,0.601,3.0,0.0,0.392,77.09,47.17,31.91,23.52,19.44,4.0,-9.999999999999999e-31,0.0,0.6825,0.3022,0.00174,0.002537,0.005924,-1.0,0.01537,-5.131,-4.543,-3.618,-5.491
0.0152,0.01508,7.7,6.9098715782,2.620888936,6.906,3.946,3.5848,0.622,4.0,0.0,0.392,0.0,0.0,0.0,0.0,0.0,-1.0,-9.999999999999999e-31,0.0,0.6825,0.3022,0.00174,0.002537,0.005923,-1.0,0.01537,-5.095,-4.522,-3.61,-5.463
0.0152,0.01508,7.7,6.9212799072,2.6209168902,6.917,3.911,3.5885,0.672,4.0,0.0,0.392,0.0,0.0,0.0,0.0,0.0,-1.0,-9.999999999999999e-31,0.0,0.6825,0.3021,0.00174,0.002537,0.005923,-1.0,0.01537,-5.009,-4.47,-3.585,-5.396
0.0152,0.01508,7.7,6.9297089577,2.6209374762,6.925,3.877,3.592,0.722,4.0,0.0,0.392,0.0,0.0,0.0,0.0,0.0,-1.0,-9.999999999999999e-31,0.0,0.6825,0.3021,0.00174,0.002537,0.005923,-1.0,0.01537,-4.922,-4.414,-3.552,-5.327
0.0152,0.01508,7.7,6.9371471405,2.6209555945,6.933,3.842,3.5955,0.771,4.0,0.0,0.392,0.0,0.0,0.0,0.0,0.0,-1.0,-9.999999999999999e-31,0.0,0.6825,0.3021,0.00174,0.002537,0.005923,-1.0,0.01537,-4.836,-4.356,-3.516,-5.256
0.0152,0.01508,7.7,6.945353508,2.6209755321,6.941,3.803,3.5996,0.826,4.0,0.0,0.392,0.0,0.0,0.0,0.0,0.0,-1.0,-9.999999999999999e-31,0.0,0.6825,0.3021,0.00174,0.002537,0.005923,-1.0,0.01537,-4.738,-4.29,-3.474,-5.176
0.0152,0.01508,7.7,6.9525604248,2.620992997,6.948,3.77,3.6031,0.875,4.0,0.0,0.392,0.0,0.0,0.0,0.0,0.0,-1.0,-9.999999999999999e-31,0.0,0.6825,0.3021,0.00174,0.002537,0.005923,-1.0,0.01537,-4.654,-4.232,-3.434,-5.106
0.0152,0.01508,7.7,6.9625716209,2.6210171885,6.958,3.729,3.6077,0.935,4.0,0.0,0.392,0.0,0.0,0.0,0.0,0.0,-1.0,-9.999999999999999e-31,0.0,0.6825,0.3021,0.00174,0.002537,0.005923,-1.0,0.01537,-4.551,-4.162,-3.388,-5.021
0.0152,0.01508,7.7,6.9743251801,2.6210454885,6.97,3.692,3.6123,0.99,4.0,0.0,0.392,0.0,0.0,0.0,0.0,0.0,-1.0,-9.999999999999999e-31,0.0,0.6825,0.3021,0.00174,0.002537,0.005923,-1.0,0.01537,-4.461,-4.102,-3.351,-4.948
