Zini,MH,logAge,Mini,int_IMF,Mass,LogL,LogTe,logg,label,McoreTP,C_O,period0,period1,period2,period3,period4,pmode,Mloss,tau1m,X,Y,Xc,Xn,Xo,Cexcess,Z,mbolmag,Gmag,G_BPmag,G_RPmag
0.0152,0.01508,9.2,0.0900000036,1.0816895926,0.09,-3.419,3.3627,5.214,0.0,0.0,0.545,0.0,0.0,0.0,0.0,0.0,-1.0,-3.97e-17,0.0,0.709,0.2757,0.002746,0.0007408,0.006719,-1.0,0.01527,13.317,15.371,18.297,13.88
0.0152,0.01508,9.2,0.0900000036,1.0816895926,0.09,-3.419,3.3627,5.214,0.0,0.0,0.545,0.0,0.0,0.0,0.0,0.0,-1.0,-3.97e-17,0.0,0.709,0.2757,0.002746,0.0007408,0.006719,-1.0,0.01527,13.317,15.371,18.297,13.88
0.0152,0.01508,9.2,0.0912174955,1.0932510988,0.091,-3.397,3.3658,5.21,0.0,0.0,0.545,0.0,0.0,0.0,0.0,0.0,-1.0,-4.17e-17,0.0,0.709,0.2757,0.002746,0.0007408,0.006719,-1.0,0.01527,13.262,15.316,18.24,13.825
0.0152,0.01508,9.2,0.0972710103,1.1478972195,0.097,-3.288,3.3814,5.191,0.0,0.0,0.545,0.0,0.0,0.0,0.0,0.0,-1.0,-5.29e-17,0.0,0.709,0.2757,0.002746,0.0007408,0.006719,-1.0,0.01527,12.989,15.042,17.959,13.552
0.0152,0.01508,9.2,0.1000000015,1.1711064122,0.1,-3.24,3.3881,5.183,0.0,0.0,0.545,0.0,0.0,0.0,0.0,0.0,-1.0,-5.88e-17,0.0,0.709,0.2757,0.002746,0.0007408,0.006719,-1.0,0.01527,12.871,14.923,17.837,13.433
0.0152,0.01508,9.2,0.1092158556,1.2437808459,0.109,-3.114,3.4048,5.161,0.0,0.0,0.545,0.0,0.0,0.0,0.0,0.0,-1.0,-7.69e-17,0.0,0.7089,0.2758,0.002746,0.0007408,0.006719,-1.0,0.01527,12.555,14.606,17.511,13.117
0.0152,0.01508,9.2,0.1156388596,1.2898744833,0.116,-3.031,3.4157,5.147,0.0,0.0,0.545,0.0,0.0,0.0,0.0,0.0,-1.0,-9.18e-17,0.0,0.7089,0.2758,0.002746,0.0007408,0.006719,-1.0,0.01527,12.349,14.395,17.287,12.907
0.0152,0.01508,9.2,0.1200000122,1.3193155232,0.12,-2.978,3.4227,5.138,0.0,0.0,0.545,0.0,0.0,0.0,0.0,0.0,-1.0,-1.03e-16,0.0,0.7089,0.2759,0.002746,0.0007408,0.006719,-1.0,0.01527,12.215,14.189,16.98,12.718
0.0152,0.01508,9.2,0.1400000006,1.4384526719,0.14,-2.794,3.443,5.102,0.0,0.0,0.545,0.0,0.0,0.0,0.0,0.0,-1.0,-1.52e-16,0.0,0.7088,0.276,0.002746,0.0007408,0.006719,-1.0,0.01527,11.756,13.454,15.87,12.048
0.0152,0.01508,9.2,0.1599999964,1.5372931554,0.16,-2.653,3.4565,5.073,0.0,0.0,0.545,0.0,0.0,0.0,0.0,0.0,-1.0,-2.03e-16,0.0,0.7086,0.2761,0.002746,0.0007408,0.006719,-1.0,0.01527,11.403,12.928,15.11,11.568
0.0152,0.01508,9.2,0.200000003,1.6938790862,0.2,-2.438,3.4752,5.03,1.0,0.0,0.545,0.0,0.0,0.0,0.0,0.0,-1.0,-3.14e-16,0.0,0.7084,0.2763,0.002746,0.0007408,0.006719,-1.0,0.01527,10.865,12.172,14.061,10.876
0.0152,0.01508,9.2,0.2354299575,1.8018763572,0.235,-2.29,3.4872,5.001,1.0,0.0,0.545,0.0,0.0,0.0,0.0,0.0,-1.0,-4.2e-16,0.0,0.7083,0.2764,0.002746,0.0007408,0.006719,-1.0,0.01527,10.495,11.669,13.385,10.417
0.0152,0.01508,9.2,0.25,1.8403257998,0.25,-2.235,3.4917,4.99,1.0,0.0,0.545,0.0,0.0,0.0,0.0,0.0,-1.0,-4.68e-16,0.0,0.7082,0.2765,0.002746,0.0007408,0.006719,-1.0,0.01527,10.358,11.488,13.146,10.251
0.0152,0.01508,9.2,0.3281885684,2.0061481726,0.328,-1.985,3.5076,4.922,0.0,0.0,0.545,0.0,0.0,0.0,0.0,0.0,-1.0,-7.86e-16,0.0,0.709,0.2758,0.002746,0.0007408,0.006719,-1.0,0.01527,9.733,10.723,12.21,9.537
0.0152,0.01508,9.2,0.3369853497,2.0215561132,0.337,-1.96,3.5093,4.915,0.0,0.0,0.545,0.0,0.0,0.0,0.0,0.0,-1.0,-8.29e-16,0.0,0.709,0.2757,0.002746,0.0007408,0.006719,-1.0,0.01527,9.669,10.645,12.115,9.464
0.0152,0.01508,9.2,0.3500000238,2.0434175133,0.35,-1.924,3.5118,4.905,0.0,0.0,0.545,0.0,0.0,0.0,0.0,0.0,-1.0,-8.93e-16,0.0,0.7091,0.2756,0.002746,0.0007408,0.006719,-1.0,0.01527,9.579,10.535,11.981,9.362
0.0152,0.01508,9.2,0.4000000358,2.118502481,0.4,-1.778,3.5227,4.861,0.0,0.0,0.545,0.0,0.0,0.0,0.0,0.0,-1.0,-1.23e-15,0.0,0.7092,0.2755,0.002746,0.0007408,0.006719,-1.0,0.01527,9.214,10.088,11.438,8.948
0.0152,0.01508,9.2,0.4500000477,2.1822809714,0.45,-1.629,3.5349,4.811,0.0,0.0,0.545,0.0,0.0,0.0,0.0,0.0,-1.0,-1.73e-15,0.0,0.7092,0.2755,0.002746,0.0007408,0.006719,-1.0,0.01527,8.842,9.633,10.89,8.528
0.0152,0.01508,9.2,0.5,2.2374541529,0.5,-1.474,3.5494,4.76,0.0,0.0,0.545,0.0,0.0,0.0,0.0,0.0,-1.0,-2.49e-15,0.0,0.7092,0.2755,0.002746,0.0007408,0.006719,-1.0,0.01527,8.455,9.155,10.315,8.09
0.0152,0.01508,9.2,0.5128662586,2.2503357526,0.513,-1.431,3.5543,4.748,0.0,0.0,0.545,0.0,0.0,0.0,0.0,0.0,-1.0,-2.75e-15,0.0,0.7099,0.2749,0.002739,0.0007391,0.006703,-1.0,0.01524,8.347,9.018,10.146,7.966
0.0152,0.01508,9.2,0.5500000119,2.2836582633,0.55,-1.312,3.568,4.714,0.0,0.0,0.545,0.0,0.0,0.0,0.0,0.0,-1.0,-3.62e-15,0.0,0.7129,0.272,0.002712,0.0007318,0.006637,-1.0,0.0151,8.051,8.637,9.68,7.626
0.0152,0.01508,9.2,0.6000000238,2.3211213258,0.6,-1.15,3.5907,4.681,0.0,0.0,0.545,0.0,0.0,0.0,0.0,0.0,-1.0,-5.24e-15,0.0,0.7135,0.2714,0.002707,0.0007305,0.006626,-1.0,0.01508,7.646,8.102,9.022,7.156
0.0152,0.01508,9.2,0.6499999762,2.3520353107,0.65,-0.988,3.6177,4.662,1.0,0.0,0.545,0.0,0.0,0.0,0.0,0.0,-1.0,-7.47e-15,0.0,0.714,0.2709,0.002703,0.0007292,0.006614,-1.0,0.01506,7.241,7.565,8.364,6.691
0.0152,0.01508,9.2,0.7000000477,2.3779267258,0.7,-0.833,3.646,4.652,1.0,0.0,0.545,0.0,0.0,0.0,0.0,0.0,-1.0,-1.04e-14,0.0,0.7146,0.2704,0.002699,0.0007281,0.006605,-1.0,0.01502,6.852,7.04,7.713,6.247
0.0152,0.01508,9.2,0.7229614854,2.3884462619,0.723,-0.763,3.6593,4.65,1.0,0.0,0.541,0.0,0.0,0.0,0.0,0.0,-1.0,-1.21e-14,0.0,0.7149,0.2701,0.002679,0.000727,0.006599,-1.0,0.01499,6.678,6.803,7.421,6.05
0.0152,0.01508,9.2,0.75,2.3998889087,0.75,-0.684,3.6746,4.648,1.0,0.0,0.537,0.0,0.0,0.0,0.0,0.0,-1.0,-1.42e-14,0.0,0.7151,0.2699,0.002659,0.0007261,0.006596,-1.0,0.015,6.481,6.543,7.105,5.832
0.0152,0.01508,9.2,0.8000000119,2.4187244405,0.8,-0.551,3.6952,4.624,1.0,0.0,0.537,0.0,0.0,0.0,0.0,0.0,-1.0,-1.92e-14,0.0,0.7159,0.2692,0.002652,0.0007243,0.00658,-1.0,0.01498,6.147,6.142,6.64,5.484
0.0152,0.01508,9.2,0.8500000238,2.435034684,0.85,-0.423,3.7145,4.6,1.0,0.0,0.537,0.0,0.0,0.0,0.0,0.0,-1.0,-2.57e-14,0.0,0.7168,0.2683,0.002644,0.0007223,0.006562,-1.0,0.01485,5.828,5.774,6.219,5.162
0.0152,0.01508,9.2,0.8682832718,2.4404621399,0.868,-0.378,3.7211,4.591,1.0,0.0,0.537,0.0,0.0,0.0,0.0,0.0,-1.0,-2.85e-14,0.0,0.7172,0.2679,0.002641,0.0007214,0.006553,-1.0,0.01486,5.715,5.647,6.076,5.05
0.0152,0.01508,9.2,0.9000000358,2.4492786175,0.899,-0.301,3.7322,4.574,1.0,0.0,0.537,0.0,0.0,0.0,0.0,0.0,-1.0,-3.41e-14,0.0,0.7179,0.2672,0.002635,0.0007197,0.006539,-1.0,0.01486,5.524,5.435,5.84,4.863
0.0152,0.01508,9.2,0.9482728243,2.4614045177,0.948,-0.189,3.7475,4.545,1.0,0.0,0.537,0.0,0.0,0.0,0.0,0.0,-1.0,-4.46e-14,0.0,0.7194,0.2658,0.002623,0.0007166,0.00651,-1.0,0.0148,5.241,5.132,5.5,4.596
0.0152,0.01508,9.2,0.9500000477,2.4618122009,0.949,-0.185,3.748,4.544,1.0,0.0,0.537,0.0,0.0,0.0,0.0,0.0,-1.0,-4.5e-14,0.0,0.7194,0.2658,0.002623,0.0007164,0.006509,-1.0,0.0148,5.231,5.122,5.488,4.586
0.0152,0.01508,9.2,1.0,2.4729154477,1.0,-0.071,3.7622,4.51,1.0,0.0,0.537,0.0,0.0,0.0,0.0,0.0,-1.0,-5.92e-14,0.0,0.7215,0.2638,0.002606,0.0007119,0.006469,-1.0,0.01467,4.948,4.828,5.162,4.325
0.0152,0.01508,9.2,1.0243545771,2.4778745114,1.024,-0.017,3.7684,4.491,1.0,0.0,0.537,0.0,0.0,0.0,0.0,0.0,-1.0,-6.53e-14,0.0,0.7229,0.2625,0.002594,0.0007088,0.006441,-1.0,0.01461,4.813,4.689,5.009,4.202
0.0152,0.01508,9.2,1.0499999523,2.482811486,1.049,0.039,3.7747,4.471,1.0,0.0,0.537,0.0,0.0,0.0,0.0,0.0,-1.0,-7.22e-14,0.0,0.7246,0.2609,0.002581,0.0007052,0.006409,-1.0,0.01455,4.674,4.547,4.853,4.075
0.0152,0.01508,9.2,1.0949151516,2.4908206974,1.094,0.135,3.7849,4.434,1.0,0.0,0.537,0.0,0.0,0.0,0.0,0.0,-1.0,-8.57e-14,0.0,0.7289,0.2568,0.002545,0.0006956,0.006322,-1.0,0.01432,4.433,4.304,4.588,3.858
0.0152,0.01508,9.2,1.1000000238,2.491680148,1.099,0.145,3.786,4.43,1.0,0.0,0.537,0.0,0.0,0.0,0.0,0.0,-1.0,-8.74e-14,0.0,0.7295,0.2562,0.002541,0.0006944,0.006311,-1.0,0.01429,4.406,4.278,4.559,3.833
0.0152,0.01508,9.2,1.1117702723,2.4936349278,1.111,0.17,3.7885,4.42,1.0,0.0,0.537,0.0,0.0,0.0,0.0,0.0,-1.0,-9.12e-14,0.0,0.7307,0.255,0.002531,0.0006919,0.006289,-1.0,0.01425,4.345,4.216,4.492,3.778
0.0152,0.01508,9.2,1.1467205286,2.49916841,1.146,0.242,3.7955,4.389,1.0,0.0,0.536,0.0,0.0,0.0,0.0,0.0,-1.0,-1.03e-13,0.0,0.7346,0.2513,0.002502,0.0006841,0.00622,-1.0,0.01414,4.165,4.036,4.298,3.615
0.0152,0.01508,9.2,1.1499999762,2.4996678137,1.149,0.249,3.7961,4.386,1.0,0.0,0.536,0.0,0.0,0.0,0.0,0.0,-1.0,-1.04e-13,0.0,0.735,0.2509,0.002499,0.0006833,0.006213,-1.0,0.01412,4.148,4.02,4.28,3.6
0.0152,0.01508,9.2,1.1804759502,2.5041565868,1.18,0.31,3.802,4.359,1.0,0.0,0.536,0.0,0.0,0.0,0.0,0.0,-1.0,-1.16e-13,0.0,0.7349,0.2509,0.002507,0.0006855,0.006234,-1.0,0.01415,3.994,3.866,4.114,3.461
0.0152,0.01508,9.2,1.2000000477,2.5068948796,1.199,0.349,3.8056,4.342,1.0,0.0,0.536,0.0,0.0,0.0,0.0,0.0,-1.0,-1.23e-13,0.0,0.7347,0.2511,0.002513,0.0006875,0.006252,-1.0,0.01422,3.897,3.77,4.011,3.373
0.0152,0.01508,9.2,1.25,2.5134610955,1.25,0.445,3.8141,4.299,1.0,0.0,0.536,0.0,0.0,0.0,0.0,0.0,-1.0,-1.42e-13,0.0,0.735,0.2507,0.002513,0.0006874,0.006253,-1.0,0.01424,3.659,3.533,3.758,3.158
0.0152,0.01508,9.2,1.2999999523,2.5194498592,1.3,0.534,3.8217,4.257,1.0,0.0,0.536,0.0,0.0,0.0,0.0,0.0,-1.0,-1.6e-13,0.0,0.7354,0.2504,0.002511,0.0006868,0.006247,-1.0,0.0142,3.434,3.309,3.52,2.952
0.0152,0.01508,9.2,1.3096226454,2.5205422401,1.309,0.551,3.8231,4.249,1.0,0.0,0.536,0.0,0.0,0.0,0.0,0.0,-1.0,-1.63e-13,0.0,0.7352,0.2506,0.002512,0.0006872,0.006251,-1.0,0.01421,3.393,3.268,3.477,2.914
0.0152,0.01508,9.2,1.3500001431,2.5249313723,1.35,0.619,3.8286,4.215,1.0,0.0,0.536,0.0,0.0,0.0,0.0,0.0,-1.0,-1.76e-13,0.0,0.7343,0.2514,0.002519,0.0006891,0.006268,-1.0,0.01427,3.222,3.097,3.296,2.756
0.0152,0.01508,9.2,1.4000000954,2.5299650415,1.4,0.701,3.8347,4.174,1.0,0.0,0.536,0.0,0.0,0.0,0.0,0.0,-1.0,-1.87e-13,0.0,0.7343,0.2514,0.002518,0.0006886,0.006263,-1.0,0.01428,3.018,2.894,3.082,2.568
0.0152,0.01508,9.2,1.4485555887,2.5344727923,1.449,0.777,3.8399,4.133,1.0,0.0,0.536,0.0,0.0,0.0,0.0,0.0,-1.0,-1.93e-13,0.0,0.7347,0.2511,0.002515,0.0006872,0.006261,-1.0,0.01426,2.826,2.702,2.882,2.39
0.0152,0.01508,9.2,1.4500000477,2.5346015836,1.45,0.78,3.84,4.132,1.0,0.0,0.536,0.0,0.0,0.0,0.0,0.0,-1.0,-1.93e-13,0.0,0.7347,0.2511,0.002515,0.0006871,0.006261,-1.0,0.01426,2.821,2.697,2.876,2.384
0.0152,0.01508,9.2,1.4584341049,2.5353477293,1.458,0.793,3.8408,4.124,1.0,0.0,0.536,0.0,0.0,0.0,0.0,0.0,-1.0,-1.92e-13,0.0,0.7347,0.2511,0.002515,0.0006872,0.00626,-1.0,0.01425,2.788,2.664,2.842,2.354
0.0152,0.01508,9.2,1.4873539209,2.5378324854,1.487,0.837,3.8431,4.098,1.0,0.0,0.536,0.0,0.0,0.0,0.0,0.0,-1.0,-1.91e-13,0.0,0.7347,0.2511,0.002515,0.0006874,0.006256,-1.0,0.01423,2.678,2.554,2.728,2.25
0.0152,0.01508,9.2,1.5,2.5388844597,1.5,0.856,3.8438,4.085,1.0,0.0,0.536,0.0,0.0,0.0,0.0,0.0,-1.0,-1.91e-13,0.0,0.7346,0.2512,0.002514,0.0006874,0.006255,-1.0,0.01423,2.63,2.506,2.679,2.204
0.0152,0.01508,9.2,1.5220491886,2.5406706472,1.522,0.889,3.8449,4.063,1.0,0.0,0.536,0.0,0.0,0.0,0.0,0.0,-1.0,-1.84e-13,0.0,0.7347,0.2511,0.002514,0.0006871,0.006256,-1.0,0.01422,2.548,2.423,2.594,2.124
0.0152,0.01508,9.2,1.5485047102,2.5427367759,1.548,0.928,3.845,4.032,1.0,0.0,0.536,0.0,0.0,0.0,0.0,0.0,-1.0,-1.78e-13,0.0,0.7347,0.251,0.002515,0.000687,0.006259,-1.0,0.01422,2.449,2.324,2.494,2.026
0.0152,0.01508,9.2,1.5499999523,2.5428511323,1.55,0.931,3.845,4.03,1.0,0.0,0.536,0.0,0.0,0.0,0.0,0.0,-1.0,-1.78e-13,0.0,0.7347,0.251,0.002515,0.000687,0.006259,-1.0,0.01422,2.444,2.318,2.488,2.02
0.0152,0.01508,9.2,1.5606483221,2.5436582395,1.56,0.946,3.8451,4.017,1.0,0.0,0.536,0.0,0.0,0.0,0.0,0.0,-1.0,-1.71e-13,0.0,0.7347,0.2511,0.002515,0.0006872,0.006258,-1.0,0.01422,2.404,2.279,2.448,1.981
0.0152,0.01508,9.2,1.5825068951,2.5452759682,1.582,0.979,3.8448,3.99,1.0,0.0,0.536,0.0,0.0,0.0,0.0,0.0,-1.0,-1.58e-13,0.0,0.7346,0.2512,0.002516,0.0006876,0.006256,-1.0,0.01424,2.324,2.197,2.367,1.899
0.0152,0.01508,9.2,1.6000000238,2.5465340628,1.6,1.004,3.844,3.966,1.0,0.0,0.536,0.0,0.0,0.0,0.0,0.0,-1.0,-1.49e-13,0.0,0.7345,0.2512,0.002516,0.000688,0.006255,-1.0,0.01424,2.259,2.132,2.303,1.832
0.0152,0.01508,9.2,1.6028727293,2.5467376493,1.602,1.008,3.8439,3.962,1.0,0.0,0.536,0.0,0.0,0.0,0.0,0.0,-1.0,-1.45e-13,0.0,0.7345,0.2513,0.002516,0.000688,0.006256,-1.0,0.01425,2.249,2.121,2.292,1.822
0.0152,0.01508,9.2,1.6236287355,2.5481840278,1.623,1.038,3.8426,3.932,1.0,0.0,0.536,0.0,0.0,0.0,0.0,0.0,-1.0,-1.2e-13,0.0,0.7344,0.2514,0.002517,0.0006883,0.006259,-1.0,0.01425,2.174,2.045,2.218,1.743
0.0152,0.01508,9.2,1.64618361,2.5497083009,1.645,1.07,3.8397,3.895,1.0,0.0,0.536,0.0,0.0,0.0,0.0,0.0,-1.0,-9.78e-14,0.0,0.7341,0.2516,0.002519,0.0006888,0.006264,-1.0,0.01426,2.094,1.963,2.14,1.655
0.0152,0.01508,9.2,1.6500000954,2.5499614852,1.649,1.076,3.8391,3.888,1.0,0.0,0.536,0.0,0.0,0.0,0.0,0.0,-1.0,-9.46e-14,0.0,0.7341,0.2517,0.002519,0.0006889,0.006265,-1.0,0.01426,2.08,1.949,2.127,1.639
0.0152,0.01508,9.2,1.6610840559,2.550689212,1.66,1.092,3.8374,3.868,1.0,0.0,0.536,0.0,0.0,0.0,0.0,0.0,-1.0,-1.51e-17,0.0,0.734,0.2517,0.00252,0.0006891,0.006266,-1.0,0.01425,2.041,1.909,2.09,1.596
0.0152,0.01508,9.2,1.6821900606,2.5520444984,1.681,1.121,3.8333,3.828,1.0,0.0,0.536,0.0,0.0,0.0,0.0,0.0,-1.0,-1.0000000000000001e-24,0.0,0.7338,0.2519,0.002522,0.0006898,0.006269,-1.0,0.01429,1.968,1.834,2.021,1.512
0.0152,0.01508,9.2,1.7000000477,2.5531580802,1.699,1.145,3.8289,3.791,1.0,0.0,0.536,0.0,0.0,0.0,0.0,0.0,-1.0,-9.999999999999999e-31,0.0,0.7336,0.2521,0.002523,0.0006905,0.006272,-1.0,0.01429,1.908,1.773,1.967,1.44
0.0152,0.01508,9.2,1.7107458115,2.5538170841,1.71,1.159,3.826,3.768,1.0,0.0,0.536,0.0,0.0,0.0,0.0,0.0,-1.0,-9.999999999999999e-31,0.0,0.7335,0.2522,0.002525,0.0006907,0.006274,-1.0,0.0143,1.873,1.737,1.935,1.397
0.0152,0.01508,9.2,1.730106473,2.554980686,1.729,1.184,3.8197,3.723,1.0,0.0,0.536,0.0,0.0,0.0,0.0,0.0,-1.0,-9.999999999999999e-31,0.0,0.7332,0.2525,0.002526,0.0006911,0.006279,-1.0,0.01429,1.811,1.674,1.883,1.32
0.0152,0.01508,9.2,1.7477763891,2.5560168369,1.747,1.205,3.8134,3.68,1.0,0.0,0.536,0.0,0.0,0.0,0.0,0.0,-1.0,-9.999999999999999e-31,0.0,0.7329,0.2527,0.002529,0.0006916,0.006285,-1.0,0.01436,1.756,1.619,1.839,1.25
0.0152,0.01508,9.2,1.75,2.5561455243,1.749,1.208,3.8126,3.675,1.0,0.0,0.536,0.0,0.0,0.0,0.0,0.0,-1.0,-9.999999999999999e-31,0.0,0.7329,0.2527,0.002529,0.0006917,0.006285,-1.0,0.01436,1.749,1.612,1.834,1.242
0.0152,0.01508,9.2,1.7666772604,2.5570988275,1.766,1.228,3.8066,3.635,1.0,0.0,0.536,0.0,0.0,0.0,0.0,0.0,-1.0,-9.999999999999999e-31,0.0,0.7327,0.253,0.00253,0.0006921,0.00629,-1.0,0.01432,1.699,1.56,1.794,1.175
0.0152,0.01508,9.2,1.7842288017,2.5580800043,1.783,1.254,3.8008,3.59,1.0,0.0,0.536,0.0,0.0,0.0,0.0,0.0,-1.0,-9.999999999999999e-31,0.0,0.7324,0.2533,0.002532,0.0006927,0.006296,-1.0,0.01433,1.635,1.496,1.74,1.096
0.0152,0.01508,9.2,1.7895877361,2.5583751757,1.788,1.265,3.7999,3.577,1.0,0.0,0.536,0.0,0.0,0.0,0.0,0.0,-1.0,-9.999999999999999e-31,0.0,0.7323,0.2534,0.002533,0.0006929,0.006298,-1.0,0.01432,1.608,1.469,1.715,1.067
0.0152,0.01508,9.2,1.7960349321,2.5587276056,1.795,1.298,3.8049,3.566,1.0,0.0,0.536,0.0,0.0,0.0,0.0,0.0,-1.0,-9.999999999999999e-31,0.0,0.7322,0.2535,0.002534,0.0006932,0.0063,-1.0,0.01432,1.525,1.386,1.622,0.997
0.0152,0.01508,9.2,1.7982393503,2.5588474416,1.797,1.329,3.8135,3.569,1.0,0.0,0.536,0.0,0.0,0.0,0.0,0.0,-1.0,-9.999999999999999e-31,0.0,0.7322,0.2535,0.002534,0.0006933,0.006301,-1.0,0.01428,1.446,1.307,1.526,0.94
0.0152,0.01508,9.2,1.7989401817,2.5588854692,1.798,1.357,3.8228,3.579,1.0,0.0,0.536,0.0,0.0,0.0,0.0,0.0,-1.0,-9.999999999999999e-31,0.0,0.7321,0.2536,0.002534,0.0006934,0.006302,-1.0,0.01428,1.378,1.237,1.44,0.893
0.0152,0.01508,9.2,1.7992466688,2.5589020888,1.798,1.382,3.8317,3.59,1.0,0.0,0.536,0.0,0.0,0.0,0.0,0.0,-1.0,-9.999999999999999e-31,0.0,0.7321,0.2536,0.002534,0.0006934,0.006302,-1.0,0.01429,1.315,1.175,1.361,0.853
0.0152,0.01508,9.2,1.7994107008,2.5589109809,1.798,1.406,3.8399,3.599,1.0,0.0,0.536,0.0,0.0,0.0,0.0,0.0,-1.0,-9.999999999999999e-31,0.0,0.7321,0.2536,0.002535,0.0006934,0.006302,-1.0,0.01429,1.255,1.116,1.289,0.814
0.0152,0.01508,9.2,1.7995462418,2.5589183271,1.798,1.428,3.8477,3.608,1.0,0.0,0.536,0.0,0.0,0.0,0.0,0.0,-1.0,-9.999999999999999e-31,0.0,0.7321,0.2536,0.002535,0.0006934,0.006302,-1.0,0.01429,1.2,1.062,1.222,0.78
0.0152,0.01508,9.2,1.7995656729,2.5589193801,1.798,1.429,3.8483,3.609,1.0,0.0,0.536,0.0,0.0,0.0,0.0,0.0,-1.0,-9.999999999999999e-31,0.0,0.7321,0.2536,0.002535,0.0006934,0.006302,-1.0,0.01429,1.198,1.06,1.219,0.779
0.0152,0.01508,9.2,1.7996188402,2.5589222613,1.798,1.406,3.8442,3.615,2.0,0.0,0.536,0.0,0.0,0.0,0.0,0.0,-1.0,-9.999999999999999e-31,0.0,0.7321,0.2536,0.002535,0.0006934,0.006302,-1.0,0.01429,1.254,1.115,1.281,0.824
0.0152,0.01508,9.2,1.7996704578,2.5589250583,1.798,1.379,3.837,3.614,2.0,0.0,0.536,0.0,0.0,0.0,0.0,0.0,-1.0,-9.999999999999999e-31,0.0,0.7321,0.2536,0.002535,0.0006934,0.006302,-1.0,0.01429,1.322,1.183,1.361,0.873
0.0152,0.01508,9.2,1.7997219563,2.5589278487,1.798,1.362,3.8287,3.598,2.0,0.0,0.536,0.0,0.0,0.0,0.0,0.0,-1.0,-9.999999999999999e-31,0.0,0.7321,0.2536,0.002535,0.0006934,0.006302,-1.0,0.01429,1.366,1.226,1.418,0.896
0.0152,0.01508,9.2,1.7998007536,2.5589321179,1.799,1.358,3.8183,3.56,2.0,0.0,0.536,0.0,0.0,0.0,0.0,0.0,-1.0,-9.999999999999999e-31,0.0,0.7321,0.2536,0.002535,0.0006934,0.006302,-1.0,0.01429,1.374,1.233,1.444,0.879
0.0152,0.01508,9.2,1.7999110222,2.5589380915,1.799,1.368,3.8082,3.51,2.0,0.0,0.536,0.0,0.0,0.0,0.0,0.0,-1.0,-9.999999999999999e-31,0.0,0.7321,0.2536,0.002535,0.0006934,0.006302,-1.0,0.01429,1.349,1.208,1.437,0.829
0.0152,0.01508,9.2,1.7999999523,2.5589429085,1.799,1.371,3.803,3.486,2.0,0.0,0.536,0.0,0.0,0.0,0.0,0.0,-1.0,-9.999999999999999e-31,0.0,0.7321,0.2536,0.002535,0.0006934,0.006302,-1.0,0.01429,1.342,1.201,1.44,0.808
0.0152,0.01508,9.2,1.8000819683,2.5589473505,1.799,1.374,3.7983,3.464,2.0,0.0,0.536,0.0,0.0,0.0,0.0,0.0,-1.0,-9.999999999999999e-31,0.0,0.7321,0.2536,0.002535,0.0006934,0.006302,-1.0,0.01429,1.335,1.195,1.443,0.79
0.0152,0.01508,9.2,1.8003461361,2.5589616547,1.799,1.372,3.7877,3.424,2.0,0.0,0.536,0.0,0.0,0.0,0.0,0.0,-1.0,-9.999999999999999e-31,0.0,0.7321,0.2536,0.002535,0.0006935,0.006303,-1.0,0.01429,1.34,1.202,1.472,0.771
0.0152,0.01508,9.2,1.8007335663,2.5589826247,1.8,1.359,3.7769,3.393,2.0,0.0,0.536,0.0,0.0,0.0,0.0,0.0,-1.0,-9.999999999999999e-31,0.0,0.7321,0.2536,0.002535,0.0006935,0.006303,-1.0,0.01429,1.372,1.239,1.532,0.781
0.0152,0.01508,9.2,1.8012307882,2.559009522,1.8,1.334,3.7657,3.374,2.0,0.0,0.536,0.0,0.0,0.0,0.0,0.0,-1.0,-9.999999999999999e-31,0.0,0.7303,0.2553,0.00255,0.0006973,0.006337,-1.0,0.01439,1.435,1.31,1.628,0.825
0.0152,0.01508,9.2,1.8016393185,2.5590316087,1.801,1.307,3.7574,3.368,2.0,0.0,0.537,0.0,0.0,0.0,0.0,0.0,-1.0,-9.999999999999999e-31,0.0,0.7244,0.261,0.002594,0.000709,0.006441,-1.0,0.01467,1.503,1.387,1.723,0.882
0.0152,0.01508,9.2,1.8020248413,2.559052441,1.801,1.276,3.7497,3.369,2.0,0.0,0.537,0.0,0.0,0.0,0.0,0.0,-1.0,-9.999999999999999e-31,0.0,0.7199,0.2653,0.002628,0.0007183,0.006524,-1.0,0.0148,1.581,1.473,1.826,0.951
0.0152,0.01508,9.2,1.8023606539,2.5590705787,1.801,1.246,3.7431,3.372,2.0,0.0,0.537,0.0,0.0,0.0,0.0,0.0,-1.0,-9.999999999999999e-31,0.0,0.7173,0.2678,0.002648,0.0007237,0.006572,-1.0,0.01495,1.655,1.557,1.924,1.019
0.0152,0.01508,9.2,1.8027902842,2.5590937724,1.802,1.21,3.7347,3.375,2.0,0.0,0.538,0.0,0.0,0.0,0.0,0.0,-1.0,-9.999999999999999e-31,0.0,0.7151,0.2699,0.002665,0.0007281,0.006611,-1.0,0.01505,1.746,1.66,2.045,1.104
0.0152,0.01508,9.2,1.8032191992,2.5591169148,1.802,1.186,3.7267,3.367,2.0,0.0,0.538,0.0,0.0,0.0,0.0,0.0,-1.0,-9.999999999999999e-31,0.0,0.7136,0.2713,0.002675,0.0007309,0.006636,-1.0,0.01507,1.806,1.733,2.136,1.161
0.0152,0.01508,9.2,1.8035405874,2.5591342472,1.802,1.178,3.7212,3.352,2.0,0.0,0.538,0.0,0.0,0.0,0.0,0.0,-1.0,-9.999999999999999e-31,0.0,0.7127,0.2722,0.002681,0.0007325,0.006649,-1.0,0.01507,1.824,1.762,2.177,1.178
0.0152,0.01508,9.2,1.8038594723,2.5591514376,1.803,1.188,3.7165,3.324,3.0,0.0,0.537,0.0,0.0,0.0,0.0,0.0,-1.0,-9.999999999999999e-31,0.0,0.7118,0.273,0.002681,0.0007344,0.006659,-1.0,0.01515,1.8,1.747,2.172,1.153
0.0152,0.01508,9.2,1.8043903112,2.5591800385,1.803,1.22,3.7099,3.265,3.0,0.0,0.525,0.0,0.0,0.0,0.0,0.0,-1.0,-9.999999999999999e-31,0.0,0.7102,0.2747,0.002629,0.0007709,0.006672,-1.0,0.01517,1.719,1.681,2.121,1.072
0.0152,0.01508,9.2,1.8048110008,2.5592026909,1.804,1.26,3.7056,3.209,3.0,0.0,0.482,0.0,0.0,0.0,0.0,0.0,-1.0,-9.999999999999999e-31,0.0,0.7084,0.2764,0.002418,0.0009889,0.00668,-1.0,0.01519,1.621,1.593,2.044,0.975
0.0152,0.01508,9.2,1.8051935434,2.5592232788,1.804,1.3,3.7022,3.155,3.0,0.0,0.436,0.0,0.0,0.0,0.0,0.0,-1.0,-9.999999999999999e-31,0.0,0.7066,0.2782,0.002189,0.001271,0.006684,-1.0,0.01527,1.519,1.499,1.959,0.874
0.0152,0.01508,9.2,1.8055478334,2.5592423371,1.804,1.341,3.6993,3.103,3.0,0.0,0.409,0.0,0.0,0.0,0.0,0.0,-1.0,-9.999999999999999e-31,0.0,0.7048,0.2799,0.002053,0.00144,0.006688,-1.0,0.01527,1.418,1.406,1.872,0.774
0.0152,0.01508,9.2,1.8058898449,2.5592607268,1.805,1.381,3.6967,3.052,3.0,0.0,0.392,0.0,0.0,0.0,0.0,0.0,-1.0,-9.999999999999999e-31,0.0,0.7034,0.2813,0.00197,0.001544,0.006691,-1.0,0.01527,1.317,1.312,1.785,0.674
0.0152,0.01508,9.2,1.8062223196,2.5592785961,1.805,1.422,3.6941,3.001,3.0,0.0,0.381,0.0,0.0,0.0,0.0,0.0,-1.0,-9.999999999999999e-31,0.0,0.7019,0.2827,0.001915,0.001618,0.006697,-1.0,0.01535,1.216,1.218,1.697,0.574
0.0152,0.01508,9.2,1.8065484762,2.5592961184,1.805,1.462,3.6916,2.951,3.0,0.0,0.373,0.0,0.0,0.0,0.0,0.0,-1.0,-9.999999999999999e-31,0.0,0.7005,0.2841,0.001878,0.001672,0.006705,-1.0,0.0154,1.115,1.123,1.609,0.474
0.0152,0.01508,9.2,1.8068678379,2.5593132687,1.806,1.502,3.6892,2.902,3.0,0.0,0.369,0.0,0.0,0.0,0.0,0.0,-1.0,-9.999999999999999e-31,0.0,0.6989,0.2858,0.001852,0.001728,0.006687,-1.0,0.01537,1.015,1.031,1.523,0.376
0.0152,0.01508,9.2,1.8072663546,2.5593346599,1.806,1.55,3.6864,2.842,3.0,0.0,0.367,0.0,0.0,0.0,0.0,0.0,-1.0,-9.999999999999999e-31,0.0,0.6959,0.2888,0.001824,0.001815,0.006624,-1.0,0.01538,0.895,0.919,1.418,0.258
0.0152,0.01508,9.2,1.8076643944,2.5593560147,1.807,1.599,3.6836,2.783,3.0,0.0,0.366,0.0,0.0,0.0,0.0,0.0,-1.0,-9.999999999999999e-31,0.0,0.6928,0.2917,0.001803,0.00189,0.006567,-1.0,0.01546,0.774,0.807,1.313,0.14
0.0152,0.01508,9.2,1.8080619574,2.5593773331,1.807,1.647,3.6807,2.722,3.0,0.0,0.365,0.0,0.0,0.0,0.0,0.0,-1.0,-9.999999999999999e-31,0.0,0.6902,0.2943,0.001787,0.00195,0.00652,-1.0,0.01545,0.652,0.694,1.207,0.02
0.0152,0.01508,9.2,1.8083796501,2.5593943609,1.807,1.687,3.6783,2.673,3.0,0.0,0.365,0.0,0.0,0.0,0.0,0.0,-1.0,-9.999999999999999e-31,0.0,0.6884,0.2962,0.001777,0.001989,0.006489,-1.0,0.01539,0.553,0.603,1.123,-0.076
0.0152,0.01508,9.2,1.808698535,2.5594114457,1.808,1.727,3.6758,2.623,3.0,0.0,0.365,0.0,0.0,0.0,0.0,0.0,-1.0,-9.999999999999999e-31,0.0,0.6869,0.2977,0.001769,0.00202,0.006465,-1.0,0.01541,0.452,0.511,1.038,-0.173
0.0152,0.01508,9.2,1.8090606928,2.5594308405,1.808,1.773,3.6728,2.565,3.0,0.0,0.365,0.0,0.0,0.0,0.0,0.0,-1.0,-9.999999999999999e-31,0.0,0.6855,0.2991,0.001762,0.002047,0.006444,-1.0,0.0154,0.336,0.405,0.94,-0.286
0.0152,0.01508,9.2,1.8093711138,2.5594474575,1.808,1.814,3.6702,2.514,3.0,0.0,0.364,0.0,0.0,0.0,0.0,0.0,-1.0,-9.999999999999999e-31,0.0,0.6846,0.3001,0.001758,0.002064,0.006429,-1.0,0.01538,0.235,0.313,0.855,-0.384
0.0152,0.01508,9.2,1.8097440004,2.5594674097,1.809,1.863,3.667,2.452,3.0,0.0,0.364,0.0,0.0,0.0,0.0,0.0,-1.0,-9.999999999999999e-31,0.0,0.6838,0.3008,0.001754,0.002078,0.006418,-1.0,0.0154,0.111,0.202,0.754,-0.503
0.0152,0.01508,9.2,1.8100608587,2.5594843565,1.809,1.907,3.6641,2.397,3.0,0.0,0.364,0.0,0.0,0.0,0.0,0.0,-1.0,-9.999999999999999e-31,0.0,0.6834,0.3012,0.001753,0.002085,0.006412,-1.0,0.0154,0.003,0.104,0.666,-0.608
0.0152,0.01508,9.2,1.8104100227,2.5595030232,1.809,1.955,3.6607,2.335,3.0,0.0,0.364,0.0,0.0,0.0,0.0,0.0,-1.0,-9.999999999999999e-31,0.0,0.6833,0.3013,0.001752,0.002088,0.00641,-1.0,0.01539,-0.118,-0.005,0.568,-0.726
0.0152,0.01508,9.2,1.8107374907,2.5595205225,1.81,2.002,3.6575,2.276,3.0,0.0,0.364,0.0,0.0,0.0,0.0,0.0,-1.0,-9.999999999999999e-31,0.0,0.6833,0.3013,0.001752,0.002089,0.006409,-1.0,0.01541,-0.235,-0.108,0.476,-0.838
0.0152,0.01508,9.2,1.8110232353,2.5595357863,1.81,2.042,3.6547,2.224,3.0,0.0,0.364,0.0,0.0,0.0,0.0,0.0,-1.0,-9.999999999999999e-31,0.0,0.6833,0.3013,0.001752,0.002089,0.006409,-1.0,0.01541,-0.335,-0.197,0.397,-0.934
0.0152,0.01508,9.2,1.8113708496,2.5595543475,1.81,2.089,3.6513,2.164,3.0,0.0,0.364,0.0,0.0,0.0,0.0,0.0,-1.0,-9.999999999999999e-31,0.0,0.6833,0.3013,0.001752,0.00209,0.006409,-1.0,0.01541,-0.452,-0.3,0.305,-1.046
0.0152,0.01508,9.2,1.8117144108,2.5595726842,1.811,2.132,3.6482,2.109,3.0,0.0,0.364,0.0,0.0,0.0,0.0,0.0,-1.0,-9.999999999999999e-31,0.0,0.6833,0.3013,0.001752,0.00209,0.006409,-1.0,0.01541,-0.56,-0.394,0.223,-1.147
0.0152,0.01508,9.2,1.8121010065,2.5595933083,1.811,2.168,3.6456,2.062,3.0,0.0,0.364,0.0,0.0,0.0,0.0,0.0,-1.0,-9.999999999999999e-31,0.0,0.6832,0.3013,0.001752,0.00209,0.006408,-1.0,0.01541,-0.65,-0.472,0.154,-1.233
0.0152,0.01508,9.2,1.8123100996,2.5596044587,1.811,2.179,3.6448,2.048,3.0,0.0,0.364,0.0,0.0,0.0,0.0,0.0,-1.0,-9.999999999999999e-31,0.0,0.6832,0.3013,0.001751,0.00209,0.006408,-1.0,0.01541,-0.678,-0.497,0.133,-1.26
0.0152,0.01508,9.2,1.8125629425,2.5596179383,1.811,2.16,3.6463,2.074,3.0,0.0,0.364,0.0,0.0,0.0,0.0,0.0,-1.0,-9.999999999999999e-31,0.0,0.6832,0.3014,0.001751,0.002091,0.006408,-1.0,0.01541,-0.629,-0.454,0.17,-1.213
0.0152,0.01508,9.2,1.8127682209,2.5596288789,1.812,2.122,3.6491,2.122,3.0,0.0,0.364,0.0,0.0,0.0,0.0,0.0,-1.0,-9.999999999999999e-31,0.0,0.6832,0.3014,0.001751,0.002091,0.006408,-1.0,0.01541,-0.536,-0.374,0.24,-1.125
0.0152,0.01508,9.2,1.8128999472,2.559635898,1.812,2.079,3.6523,2.179,3.0,0.0,0.364,0.0,0.0,0.0,0.0,0.0,-1.0,-9.999999999999999e-31,0.0,0.6832,0.3014,0.001751,0.002091,0.006408,-1.0,0.01541,-0.427,-0.279,0.323,-1.022
0.0152,0.01508,9.2,1.8130049706,2.5596414933,1.812,2.036,3.6554,2.234,3.0,0.0,0.364,0.0,0.0,0.0,0.0,0.0,-1.0,-9.999999999999999e-31,0.0,0.6832,0.3014,0.001751,0.002091,0.006407,-1.0,0.01541,-0.321,-0.186,0.405,-0.92
0.0152,0.01508,9.2,1.8130991459,2.5596465101,1.812,1.995,3.6584,2.286,3.0,0.0,0.364,0.0,0.0,0.0,0.0,0.0,-1.0,-9.999999999999999e-31,0.0,0.6832,0.3014,0.001751,0.002091,0.006407,-1.0,0.01541,-0.219,-0.096,0.485,-0.823
0.0152,0.01508,9.2,1.8131990433,2.559651831,1.812,1.953,3.6615,2.342,3.0,0.0,0.364,0.0,0.0,0.0,0.0,0.0,-1.0,-9.999999999999999e-31,0.0,0.6832,0.3014,0.001751,0.002091,0.006407,-1.0,0.01541,-0.111,-0.001,0.57,-0.72
0.0152,0.01508,9.2,1.8133066893,2.5596575639,1.812,1.909,3.6645,2.397,3.0,0.0,0.364,0.0,0.0,0.0,0.0,0.0,-1.0,-9.999999999999999e-31,0.0,0.6832,0.3014,0.001751,0.002091,0.006407,-1.0,0.01541,-0.004,0.095,0.656,-0.616
0.0152,0.01508,9.2,1.8134247065,2.5596638482,1.812,1.868,3.6675,2.451,3.0,0.0,0.364,0.0,0.0,0.0,0.0,0.0,-1.0,-9.999999999999999e-31,0.0,0.6832,0.3014,0.001751,0.002091,0.006407,-1.0,0.01541,0.101,0.189,0.739,-0.515
0.0152,0.01508,9.2,1.8136054277,2.5596734697,1.812,1.821,3.6708,2.511,3.0,0.0,0.364,0.0,0.0,0.0,0.0,0.0,-1.0,-9.999999999999999e-31,0.0,0.6832,0.3014,0.001751,0.002092,0.006407,-1.0,0.01541,0.218,0.294,0.834,-0.402
0.0152,0.01508,9.2,1.8136270046,2.5596746183,1.812,1.817,3.671,2.515,3.0,0.0,0.364,0.0,0.0,0.0,0.0,0.0,-1.0,-9.999999999999999e-31,0.0,0.6832,0.3014,0.001751,0.002092,0.006407,-1.0,0.01541,0.226,0.302,0.841,-0.393
0.0152,0.01508,9.2,1.8138716221,2.5596876376,1.813,1.852,3.6687,2.471,3.0,0.0,0.364,0.0,0.0,0.0,0.0,0.0,-1.0,-9.999999999999999e-31,0.0,0.6832,0.3014,0.001751,0.002092,0.006407,-1.0,0.01541,0.141,0.224,0.771,-0.477
0.0152,0.01508,9.2,1.8142163754,2.5597059797,1.813,1.894,3.6658,2.417,3.0,0.0,0.364,0.0,0.0,0.0,0.0,0.0,-1.0,-9.999999999999999e-31,0.0,0.6832,0.3014,0.001751,0.002092,0.006406,-1.0,0.01541,0.034,0.128,0.685,-0.58
0.0152,0.01508,9.2,1.8146848679,2.5597308923,1.814,1.943,3.6624,2.355,3.0,0.0,0.364,0.0,0.0,0.0,0.0,0.0,-1.0,-9.999999999999999e-31,0.0,0.6832,0.3014,0.001751,0.002093,0.006406,-1.0,0.01541,-0.088,0.019,0.586,-0.698
0.0152,0.01508,9.2,1.8150781393,2.5597517934,1.814,1.982,3.6598,2.306,3.0,0.0,0.364,0.0,0.0,0.0,0.0,0.0,-1.0,-9.999999999999999e-31,0.0,0.6832,0.3014,0.001751,0.002093,0.006406,-1.0,0.01541,-0.185,-0.068,0.508,-0.791
0.0152,0.01508,9.2,1.8155733347,2.5597780968,1.814,2.029,3.6564,2.245,3.0,0.0,0.364,0.0,0.0,0.0,0.0,0.0,-1.0,-9.999999999999999e-31,0.0,0.6832,0.3014,0.001751,0.002093,0.006405,-1.0,0.01541,-0.303,-0.173,0.415,-0.905
0.0152,0.01508,9.2,1.8159739971,2.5597993667,1.815,2.067,3.6537,2.196,3.0,0.0,0.364,0.0,0.0,0.0,0.0,0.0,-1.0,-9.999999999999999e-31,0.0,0.6832,0.3014,0.001751,0.002094,0.006405,-1.0,0.01541,-0.398,-0.257,0.341,-0.996
0.0152,0.01508,9.2,1.8164633512,2.5598253304,1.815,2.114,3.6504,2.137,3.0,0.0,0.364,0.0,0.0,0.0,0.0,0.0,-1.0,-9.999999999999999e-31,0.0,0.6832,0.3014,0.001751,0.002094,0.006405,-1.0,0.01541,-0.514,-0.359,0.25,-1.106
0.0152,0.01508,9.2,1.816934824,2.5598503302,1.816,2.159,3.6471,2.078,3.0,0.0,0.364,0.0,0.0,0.0,0.0,0.0,-1.0,-9.999999999999999e-31,0.0,0.6832,0.3014,0.00175,0.002095,0.006404,-1.0,0.01541,-0.628,-0.457,0.164,-1.213
0.0152,0.01508,9.2,1.8173921108,2.5598745634,1.816,2.204,3.6439,2.021,3.0,0.0,0.364,0.0,0.0,0.0,0.0,0.0,-1.0,-9.999999999999999e-31,0.0,0.6832,0.3014,0.00175,0.002095,0.006404,-1.0,0.01541,-0.74,-0.554,0.079,-1.319
0.0152,0.01508,9.2,1.8177500963,2.5598935246,1.817,2.24,3.6413,1.974,3.0,0.0,0.364,0.0,0.0,0.0,0.0,0.0,-1.0,-9.999999999999999e-31,0.0,0.6831,0.3014,0.00175,0.002096,0.006404,-1.0,0.01541,-0.83,-0.632,0.011,-1.404
0.0152,0.01508,9.2,1.818174243,2.559915979,1.817,2.284,3.638,1.918,3.0,0.0,0.364,0.0,0.0,0.0,0.0,0.0,-1.0,-9.999999999999999e-31,0.0,0.6831,0.3014,0.00175,0.002096,0.006403,-1.0,0.01541,-0.939,-0.725,-0.071,-1.505
0.0152,0.01508,9.2,1.8185774088,2.5599373114,1.817,2.327,3.6348,1.862,3.0,0.0,0.364,0.0,0.0,0.0,0.0,0.0,-1.0,-9.999999999999999e-31,0.0,0.6831,0.3015,0.00175,0.002096,0.006403,-1.0,0.01541,-1.048,-0.817,-0.152,-1.604
0.0152,0.01508,9.2,1.8189542294,2.5599572401,1.818,2.369,3.6317,1.807,3.0,0.0,0.364,0.0,0.0,0.0,0.0,0.0,-1.0,-9.999999999999999e-31,0.0,0.6831,0.3015,0.00175,0.002097,0.006403,-1.0,0.01541,-1.153,-0.906,-0.232,-1.701
0.0152,0.01508,9.2,1.8192456961,2.5599726481,1.818,2.403,3.6291,1.762,3.0,0.0,0.364,0.0,0.0,0.0,0.0,0.0,-1.0,-9.999999999999999e-31,0.0,0.6831,0.3015,0.00175,0.002097,0.006402,-1.0,0.01541,-1.239,-0.978,-0.295,-1.778
0.0152,0.01508,9.2,1.819580555,2.5599903431,1.818,2.444,3.6259,1.709,3.0,0.0,0.364,0.0,0.0,0.0,0.0,0.0,-1.0,-9.999999999999999e-31,0.0,0.6831,0.3015,0.00175,0.002097,0.006402,-1.0,0.01541,-1.341,-1.063,-0.369,-1.87
0.0152,0.01508,9.2,1.8198976517,2.5600070926,1.819,2.485,3.6229,1.656,3.0,0.0,0.364,0.0,0.0,0.0,0.0,0.0,-1.0,-9.999999999999999e-31,0.0,0.6831,0.3015,0.00175,0.002098,0.006402,-1.0,0.01541,-1.442,-1.147,-0.444,-1.961
0.0152,0.01508,9.2,1.8201944828,2.5600227655,1.819,2.525,3.6198,1.604,3.0,0.0,0.364,7.49,5.46,3.95,2.96,2.41,4.0,-9.999999999999999e-31,0.0,0.6831,0.3015,0.00175,0.002098,0.006401,-1.0,0.01541,-1.542,-1.229,-0.517,-2.05
0.0152,0.01508,9.2,1.8204660416,2.5600370988,1.819,2.563,3.6168,1.554,3.0,0.0,0.364,8.29,5.98,4.31,3.24,2.63,4.0,-9.999999999999999e-31,0.0,0.6831,0.3015,0.00175,0.002098,0.006401,-1.0,0.01541,-1.638,-1.306,-0.584,-2.134
0.0152,0.01508,9.2,1.8207212687,2.5600505657,1.82,2.601,3.6138,1.504,3.0,0.0,0.364,9.16,6.54,4.7,3.53,2.88,4.0,-9.999999999999999e-31,0.0,0.6831,0.3015,0.00175,0.002098,0.006401,-1.0,0.01541,-1.733,-1.383,-0.651,-2.218
0.0152,0.01508,9.2,1.8209593296,2.5600631229,1.82,2.639,3.6109,1.455,3.0,0.0,0.364,10.1,7.15,5.11,3.85,3.13,4.0,-9.999999999999999e-31,0.0,0.6831,0.3015,0.00175,0.002099,0.006401,-1.0,0.01541,-1.826,-1.458,-0.714,-2.302
0.0152,0.01508,9.2,1.8211821318,2.5600748718,1.82,2.675,3.6079,1.406,3.0,0.0,0.364,11.14,7.81,5.56,4.19,3.41,4.0,-9.999999999999999e-31,0.0,0.6831,0.3015,0.00175,0.002099,0.006401,-1.0,0.01541,-1.918,-1.53,-0.771,-2.383
0.0152,0.01508,9.2,1.8213847876,2.5600855555,1.82,2.71,3.605,1.36,3.0,0.0,0.364,12.22,8.49,6.03,4.55,3.71,4.0,-9.999999999999999e-31,0.0,0.6831,0.3015,0.00175,0.002099,0.0064,-1.0,0.01541,-2.006,-1.598,-0.824,-2.459
0.0152,0.01508,9.2,1.8215743303,2.5600955454,1.82,2.745,3.6022,1.314,3.0,0.0,0.364,13.4,9.23,6.52,4.93,4.02,4.0,-9.999999999999999e-31,0.0,0.6831,0.3015,0.00175,0.002099,0.0064,-1.0,0.01541,-2.092,-1.664,-0.876,-2.535
0.0152,0.01508,9.2,1.8217523098,2.5601049236,1.821,2.779,3.5994,1.269,3.0,0.0,0.364,14.66,10.01,7.05,5.33,4.35,4.0,-9.999999999999999e-31,0.0,0.6831,0.3015,0.001749,0.002099,0.0064,-1.0,0.01541,-2.177,-1.729,-0.927,-2.609
0.0152,0.01508,9.2,1.8219181299,2.5601136593,1.821,2.812,3.5967,1.225,3.0,0.0,0.364,16.02,10.84,7.61,5.76,4.7,4.0,-9.999999999999999e-31,0.0,0.6831,0.3015,0.001749,0.002099,0.0064,-1.0,0.01541,-2.26,-1.79,-0.972,-2.68
0.0152,0.01508,9.2,1.8220710754,2.5601217151,1.821,2.844,3.594,1.182,3.0,0.0,0.364,17.46,11.72,8.19,6.21,5.07,4.0,-9.999999999999999e-31,0.0,0.6831,0.3015,0.001749,0.0021,0.0064,-1.0,0.01541,-2.34,-1.848,-1.013,-2.748
0.0152,0.01508,9.2,1.8222123384,2.5601291542,1.821,2.875,3.5912,1.14,3.0,0.0,0.364,18.98,12.64,8.81,6.68,5.45,4.0,-9.999999999999999e-31,0.0,0.6831,0.3015,0.001749,0.0021,0.0064,-1.0,0.01541,-2.418,-1.904,-1.053,-2.813
0.0152,0.01508,9.2,1.82234478,2.5601361275,1.821,2.906,3.5886,1.099,3.0,0.0,0.364,20.61,13.61,9.45,7.18,5.86,4.0,-9.999999999999999e-31,0.0,0.6831,0.3015,0.001749,0.0021,0.0064,-1.0,0.01541,-2.494,-1.957,-1.089,-2.876
