Zini,MH,logAge,Mini,int_IMF,Mass,LogL,LogTe,logg,label,McoreTP,C_O,period0,period1,period2,period3,period4,pmode,Mloss,tau1m,X,Y,Xc,Xn,Xo,Cexcess,Z,mbolmag,Gmag,G_BPmag,G_RPmag
0.0152,0.01508,7.1,0.0900000036,1.0816895926,0.09,-2.134,3.399,4.075,0.0,0.0,0.545,0.0,0.0,0.0,0.0,0.0,-1.0,-2.86e-15,0.0,0.7092,0.2755,0.002746,0.0007408,0.006719,-1.0,0.01527,10.105,12.128,14.706,10.674
0.0152,0.01508,7.1,0.0900000036,1.0816895926,0.09,-2.134,3.399,4.075,0.0,0.0,0.545,0.0,0.0,0.0,0.0,0.0,-1.0,-2.86e-15,0.0,0.7092,0.2755,0.002746,0.0007408,0.006719,-1.0,0.01527,10.105,12.128,14.706,10.674
0.0152,0.01508,7.1,0.09903799,1.1630197876,0.099,-2.075,3.4053,4.082,0.0,0.0,0.545,0.0,0.0,0.0,0.0,0.0,-1.0,-3.09e-15,0.0,0.7092,0.2755,0.002746,0.0007408,0.006719,-1.0,0.01527,9.959,11.982,14.562,10.528
0.0152,0.01508,7.1,0.1000000015,1.1711064122,0.1,-2.069,3.4059,4.083,0.0,0.0,0.545,0.0,0.0,0.0,0.0,0.0,-1.0,-3.12e-15,0.0,0.7092,0.2755,0.002746,0.0007408,0.006719,-1.0,0.01527,9.943,11.966,14.547,10.512
0.0152,0.01508,7.1,0.1200000122,1.3193155232,0.12,-1.955,3.4178,4.095,0.0,0.0,0.545,0.0,0.0,0.0,0.0,0.0,-1.0,-3.65e-15,0.0,0.7092,0.2755,0.002746,0.0007408,0.006719,-1.0,0.01527,9.658,11.661,14.222,10.211
0.0152,0.01508,7.1,0.1341504753,1.4060163054,0.134,-1.884,3.4253,4.103,0.0,0.0,0.545,0.0,0.0,0.0,0.0,0.0,-1.0,-4.03e-15,0.0,0.7092,0.2755,0.002746,0.0007408,0.006719,-1.0,0.01527,9.48,11.391,13.848,9.962
0.0152,0.01508,7.1,0.1479111165,1.47962107,0.148,-1.821,3.4323,4.111,0.0,0.0,0.545,0.0,0.0,0.0,0.0,0.0,-1.0,-4.39e-15,0.0,0.7092,0.2755,0.002746,0.0007408,0.006719,-1.0,0.01527,9.324,11.139,13.487,9.731
0.0152,0.01508,7.1,0.1584280878,1.5301198963,0.158,-1.776,3.4374,4.116,0.0,0.0,0.545,0.0,0.0,0.0,0.0,0.0,-1.0,-4.67e-15,0.0,0.7092,0.2755,0.002746,0.0007408,0.006719,-1.0,0.01527,9.211,10.961,13.241,9.568
0.0152,0.01508,7.1,0.1615154296,1.5441224834,0.162,-1.764,3.4388,4.118,0.0,0.0,0.545,0.0,0.0,0.0,0.0,0.0,-1.0,-4.74e-15,0.0,0.7092,0.2755,0.002746,0.0007408,0.006719,-1.0,0.01527,9.181,10.914,13.174,9.525
0.0152,0.01508,7.1,0.1716481298,1.5877408554,0.172,-1.724,3.4432,4.121,0.0,0.0,0.545,0.0,0.0,0.0,0.0,0.0,-1.0,-5.04e-15,0.0,0.7092,0.2755,0.002746,0.0007408,0.006719,-1.0,0.01527,9.08,10.759,12.961,9.383
0.0152,0.01508,7.1,0.1852657944,1.6413555804,0.185,-1.675,3.4488,4.128,0.0,0.0,0.545,0.0,0.0,0.0,0.0,0.0,-1.0,-5.4e-15,0.0,0.7092,0.2755,0.002746,0.0007408,0.006719,-1.0,0.01527,8.956,10.566,12.693,9.206
0.0152,0.01508,7.1,0.2135837078,1.7380278029,0.214,-1.583,3.4593,4.139,0.0,0.0,0.545,0.0,0.0,0.0,0.0,0.0,-1.0,-6.12e-15,0.0,0.7092,0.2755,0.002746,0.0007408,0.006719,-1.0,0.01527,8.727,10.213,12.2,8.885
0.0152,0.01508,7.1,0.232462585,1.7936654803,0.232,-1.528,3.4654,4.146,0.0,0.0,0.545,0.0,0.0,0.0,0.0,0.0,-1.0,-6.61e-15,0.0,0.7092,0.2755,0.002746,0.0007408,0.006719,-1.0,0.01527,8.59,10.013,11.93,8.702
0.0152,0.01508,7.1,0.25,1.8403257998,0.25,-1.481,3.4707,4.152,0.0,0.0,0.545,0.0,0.0,0.0,0.0,0.0,-1.0,-7.05e-15,0.0,0.7092,0.2755,0.002746,0.0007408,0.006719,-1.0,0.01527,8.473,9.842,11.699,8.546
0.0152,0.01508,7.1,0.2748961747,1.8997171641,0.275,-1.42,3.4777,4.16,0.0,0.0,0.545,0.0,0.0,0.0,0.0,0.0,-1.0,-7.67e-15,0.0,0.7092,0.2755,0.002746,0.0007408,0.006719,-1.0,0.01527,8.321,9.621,11.403,8.344
0.0152,0.01508,7.1,0.3000000119,1.9529139769,0.3,-1.364,3.4843,4.168,0.0,0.0,0.545,0.0,0.0,0.0,0.0,0.0,-1.0,-8.28e-15,0.0,0.7092,0.2755,0.002746,0.0007408,0.006719,-1.0,0.01527,8.179,9.416,11.125,8.159
0.0152,0.01508,7.1,0.329683274,2.0088038287,0.33,-1.304,3.4913,4.178,0.0,0.0,0.545,0.0,0.0,0.0,0.0,0.0,-1.0,-8.96e-15,0.0,0.7092,0.2755,0.002746,0.0007408,0.006719,-1.0,0.01527,8.031,9.202,10.838,7.967
0.0152,0.01508,7.1,0.3500000238,2.0434175133,0.35,-1.266,3.4958,4.183,0.0,0.0,0.545,0.0,0.0,0.0,0.0,0.0,-1.0,-9.43e-15,0.0,0.7092,0.2755,0.002746,0.0007408,0.006719,-1.0,0.01527,7.935,9.071,10.667,7.847
0.0152,0.01508,7.1,0.362137109,2.0628730526,0.362,-1.245,3.4982,4.187,0.0,0.0,0.545,0.0,0.0,0.0,0.0,0.0,-1.0,-9.69e-15,0.0,0.7092,0.2755,0.002746,0.0007408,0.006719,-1.0,0.01527,7.883,9.0,10.575,7.782
0.0152,0.01508,7.1,0.4000000358,2.118502481,0.4,-1.183,3.5055,4.197,0.0,0.0,0.545,0.0,0.0,0.0,0.0,0.0,-1.0,-1.05e-14,0.0,0.7092,0.2755,0.002746,0.0007408,0.006719,-1.0,0.01527,7.727,8.789,10.306,7.59
0.0152,0.01508,7.1,0.4377438724,2.1675299898,0.437,-1.127,3.5125,4.208,0.0,0.0,0.545,0.0,0.0,0.0,0.0,0.0,-1.0,-1.13e-14,0.0,0.7092,0.2755,0.002746,0.0007408,0.006719,-1.0,0.01527,7.587,8.597,10.058,7.416
0.0152,0.01508,7.1,0.4500000477,2.1822809714,0.45,-1.109,3.5147,4.211,0.0,0.0,0.545,0.0,0.0,0.0,0.0,0.0,-1.0,-1.16e-14,0.0,0.7092,0.2755,0.002746,0.0007408,0.006719,-1.0,0.01527,7.542,8.536,9.98,7.362
0.0152,0.01508,7.1,0.477617085,2.2136852143,0.478,-1.072,3.5196,4.22,0.0,0.0,0.545,0.0,0.0,0.0,0.0,0.0,-1.0,-1.21e-14,0.0,0.7092,0.2755,0.002746,0.0007408,0.006719,-1.0,0.01527,7.451,8.41,9.815,7.248
0.0152,0.01508,7.1,0.5,2.2374541529,0.5,-1.042,3.5235,4.225,0.0,0.0,0.545,0.0,0.0,0.0,0.0,0.0,-1.0,-1.26e-14,0.0,0.7092,0.2755,0.002746,0.0007408,0.006719,-1.0,0.01527,7.376,8.307,9.682,7.156
0.0152,0.01508,7.1,0.5121895671,2.2496767754,0.512,-1.028,3.5258,4.231,0.0,0.0,0.545,0.0,0.0,0.0,0.0,0.0,-1.0,-1.28e-14,0.0,0.7092,0.2755,0.002746,0.0007408,0.006719,-1.0,0.01527,7.34,8.255,9.613,7.11
0.0152,0.01508,7.1,0.5376136303,2.2731308243,0.537,-0.996,3.5301,4.237,0.0,0.0,0.545,0.0,0.0,0.0,0.0,0.0,-1.0,-1.33e-14,0.0,0.7092,0.2755,0.002746,0.0007408,0.006719,-1.0,0.01527,7.261,8.146,9.473,7.014
0.0152,0.01508,7.1,0.5500000119,2.2836582633,0.55,-0.983,3.5318,4.24,0.0,0.0,0.545,0.0,0.0,0.0,0.0,0.0,-1.0,-1.35e-14,0.0,0.7092,0.2755,0.002746,0.0007408,0.006719,-1.0,0.01527,7.227,8.1,9.414,6.972
0.0152,0.01508,7.1,0.5803467631,2.3072804516,0.58,-0.947,3.5371,4.249,0.0,0.0,0.545,0.0,0.0,0.0,0.0,0.0,-1.0,-1.41e-14,0.0,0.7092,0.2755,0.002746,0.0007408,0.006719,-1.0,0.01527,7.138,7.975,9.251,6.862
0.0152,0.01508,7.1,0.6000000238,2.3211213258,0.6,-0.924,3.5402,4.253,0.0,0.0,0.545,0.0,0.0,0.0,0.0,0.0,-1.0,-1.46e-14,0.0,0.7092,0.2755,0.002746,0.0007408,0.006719,-1.0,0.01527,7.08,7.897,9.151,6.793
0.0152,0.01508,7.1,0.6147561669,2.3308471778,0.615,-0.907,3.5433,4.258,0.0,0.0,0.545,0.0,0.0,0.0,0.0,0.0,-1.0,-1.49e-14,0.0,0.7092,0.2755,0.002746,0.0007408,0.006719,-1.0,0.01527,7.037,7.834,9.066,6.738
0.0152,0.01508,7.1,0.6499999762,2.3520353107,0.65,-0.867,3.5494,4.267,0.0,0.0,0.545,0.0,0.0,0.0,0.0,0.0,-1.0,-1.57e-14,0.0,0.7092,0.2755,0.002746,0.0007408,0.006719,-1.0,0.01527,6.937,7.693,8.882,6.615
0.0152,0.01508,7.1,0.6589964628,2.3570280528,0.659,-0.855,3.5516,4.27,0.0,0.0,0.545,0.0,0.0,0.0,0.0,0.0,-1.0,-1.6e-14,0.0,0.7092,0.2755,0.002746,0.0007408,0.006719,-1.0,0.01527,6.908,7.65,8.824,6.578
0.0152,0.01508,7.1,0.6980195045,2.3769820046,0.698,-0.803,3.5604,4.278,0.0,0.0,0.545,0.0,0.0,0.0,0.0,0.0,-1.0,-1.74e-14,0.0,0.7092,0.2755,0.002746,0.0007408,0.006719,-1.0,0.01527,6.777,7.46,8.574,6.415
0.0152,0.01508,7.1,0.7000000477,2.3779267258,0.7,-0.8,3.5609,4.279,0.0,0.0,0.545,0.0,0.0,0.0,0.0,0.0,-1.0,-1.75e-14,0.0,0.7092,0.2755,0.002746,0.0007408,0.006719,-1.0,0.01527,6.77,7.45,8.561,6.407
0.0152,0.01508,7.1,0.75,2.3998889087,0.75,-0.635,3.6191,4.376,0.0,0.0,0.538,0.0,0.0,0.0,0.0,0.0,-1.0,-2.21e-14,0.0,0.7092,0.2755,0.00271,0.0007399,0.00672,-1.0,0.01527,6.357,6.687,7.475,5.82
0.0152,0.01508,7.1,0.7669714689,2.4065991612,0.767,-0.618,3.6212,4.377,0.0,0.0,0.538,0.0,0.0,0.0,0.0,0.0,-1.0,-2.27e-14,0.0,0.7092,0.2755,0.00271,0.0007399,0.00672,-1.0,0.01527,6.315,6.634,7.412,5.773
0.0152,0.01508,7.1,0.8000000119,2.4187244405,0.8,-0.58,3.6253,4.374,0.0,0.0,0.538,0.0,0.0,0.0,0.0,0.0,-1.0,-2.43e-14,0.0,0.7092,0.2755,0.00271,0.0007399,0.00672,-1.0,0.01527,6.22,6.516,7.274,5.668
0.0152,0.01508,7.1,0.8261139393,2.4275261161,0.826,-0.552,3.629,4.374,0.0,0.0,0.538,0.0,0.0,0.0,0.0,0.0,-1.0,-2.55e-14,0.0,0.7092,0.2755,0.00271,0.0007399,0.00672,-1.0,0.01527,6.149,6.425,7.166,5.588
0.0152,0.01508,7.1,0.8500000238,2.435034684,0.85,-0.52,3.6327,4.37,0.0,0.0,0.538,0.0,0.0,0.0,0.0,0.0,-1.0,-2.72e-14,0.0,0.7092,0.2755,0.00271,0.0007399,0.00672,-1.0,0.01527,6.069,6.326,7.049,5.5
0.0152,0.01508,7.1,0.9000000358,2.4492786175,0.899,-0.451,3.6421,4.363,0.0,0.0,0.538,0.0,0.0,0.0,0.0,0.0,-1.0,-3.11e-14,0.0,0.7092,0.2755,0.00271,0.0007399,0.00672,-1.0,0.01527,5.898,6.107,6.786,5.31
0.0152,0.01508,7.1,0.9500000477,2.4618122009,0.95,-0.386,3.6517,4.361,0.0,0.0,0.538,0.0,0.0,0.0,0.0,0.0,-1.0,-3.52e-14,0.0,0.7092,0.2755,0.00271,0.0007399,0.00672,-1.0,0.01527,5.736,5.897,6.535,5.128
0.0152,0.01508,7.1,0.9733940959,2.4671705167,0.973,-0.355,3.6566,4.36,0.0,0.0,0.538,0.0,0.0,0.0,0.0,0.0,-1.0,-3.75e-14,0.0,0.7092,0.2755,0.00271,0.0007399,0.00672,-1.0,0.01527,5.658,5.795,6.414,5.04
0.0152,0.01508,7.1,0.9991136789,2.4727297255,0.999,-0.312,3.6632,4.354,0.0,0.0,0.538,0.0,0.0,0.0,0.0,0.0,-1.0,-4.1e-14,0.0,0.7092,0.2755,0.00271,0.0007399,0.00672,-1.0,0.01527,5.55,5.657,6.251,4.921
0.0152,0.01508,7.1,1.0,2.4729154477,1.0,-0.31,3.6634,4.354,0.0,0.0,0.538,0.0,0.0,0.0,0.0,0.0,-1.0,-4.11e-14,0.0,0.7092,0.2755,0.00271,0.0007399,0.00672,-1.0,0.01527,5.546,5.653,6.246,4.917
0.0152,0.01508,7.1,1.0142322779,2.4758466689,1.014,-0.287,3.6671,4.352,0.0,0.0,0.538,0.0,0.0,0.0,0.0,0.0,-1.0,-4.22e-14,0.0,0.7092,0.2755,0.00271,0.0007399,0.00672,-1.0,0.01527,5.488,5.579,6.159,4.854
0.0152,0.01508,7.1,1.0499999523,2.482811486,1.05,-0.225,3.6771,4.344,0.0,0.0,0.538,0.0,0.0,0.0,0.0,0.0,-1.0,-4.57e-14,0.0,0.7092,0.2755,0.00271,0.0007399,0.00672,-1.0,0.01527,5.332,5.385,5.931,4.686
0.0152,0.01508,7.1,1.0776865482,2.4878392368,1.077,-0.176,3.685,4.338,0.0,0.0,0.538,0.0,0.0,0.0,0.0,0.0,-1.0,-4.85e-14,0.0,0.7092,0.2755,0.00271,0.0007399,0.00672,-1.0,0.01527,5.21,5.236,5.757,4.558
0.0152,0.01508,7.1,1.1000000238,2.491680148,1.099,-0.135,3.6917,4.332,0.0,0.0,0.538,0.0,0.0,0.0,0.0,0.0,-1.0,-5.13e-14,0.0,0.7092,0.2755,0.00271,0.0007399,0.00672,-1.0,0.01527,5.106,5.112,5.613,4.451
0.0152,0.01508,7.1,1.1050111055,2.4925182333,1.104,-0.126,3.6931,4.331,0.0,0.0,0.538,0.0,0.0,0.0,0.0,0.0,-1.0,-5.19e-14,0.0,0.7092,0.2755,0.00271,0.0007399,0.00672,-1.0,0.01527,5.084,5.085,5.582,4.427
0.0152,0.01508,7.1,1.1499999762,2.4996678137,1.149,-0.036,3.7073,4.315,0.0,0.0,0.538,0.0,0.0,0.0,0.0,0.0,-1.0,-5.88e-14,0.0,0.7092,0.2755,0.002709,0.0007399,0.00672,-1.0,0.01527,4.859,4.823,5.281,4.199
0.0152,0.01508,7.1,1.1831411123,2.5045365099,1.183,0.035,3.718,4.3,0.0,0.0,0.538,0.0,0.0,0.0,0.0,0.0,-1.0,-6.5e-14,0.0,0.7092,0.2755,0.002709,0.0007399,0.00672,-1.0,0.01527,4.683,4.623,5.055,4.024
0.0152,0.01508,7.1,1.2000000477,2.5068948796,1.2,0.073,3.7237,4.291,0.0,0.0,0.538,0.0,0.0,0.0,0.0,0.0,-1.0,-6.91e-14,0.0,0.7092,0.2755,0.002709,0.0007399,0.00672,-1.0,0.01527,4.587,4.515,4.934,3.929
0.0152,0.01508,7.1,1.2161798477,2.5090876805,1.216,0.111,3.7291,4.28,0.0,0.0,0.538,0.0,0.0,0.0,0.0,0.0,-1.0,-7.32e-14,0.0,0.7092,0.2755,0.002709,0.0007399,0.00672,-1.0,0.01527,4.493,4.412,4.818,3.837
0.0152,0.01508,7.1,1.2442722321,2.512739629,1.244,0.181,3.7388,4.259,0.0,0.0,0.538,0.0,0.0,0.0,0.0,0.0,-1.0,-8.21e-14,0.0,0.7092,0.2755,0.002709,0.0007399,0.00672,-1.0,0.01527,4.318,4.221,4.605,3.668
0.0152,0.01508,7.1,1.25,2.5134610955,1.25,0.196,3.7408,4.254,0.0,0.0,0.538,0.0,0.0,0.0,0.0,0.0,-1.0,-8.42e-14,0.0,0.7092,0.2755,0.002709,0.0007399,0.00672,-1.0,0.01527,4.281,4.181,4.56,3.632
0.0152,0.01508,7.1,1.2712681293,2.5160747208,1.271,0.253,3.7483,4.234,0.0,0.0,0.538,0.0,0.0,0.0,0.0,0.0,-1.0,-9.28e-14,0.0,0.7092,0.2755,0.002709,0.0007399,0.00672,-1.0,0.01527,4.136,4.028,4.39,3.496
0.0152,0.01508,7.1,1.2999999523,2.5194498592,1.3,0.338,3.7588,4.201,0.0,0.0,0.538,0.0,0.0,0.0,0.0,0.0,-1.0,-1.08e-13,0.0,0.7092,0.2755,0.002709,0.0007398,0.00672,-1.0,0.01527,3.925,3.807,4.145,3.3
0.0152,0.01508,7.1,1.3025553226,2.5197417586,1.303,0.346,3.7598,4.198,0.0,0.0,0.538,0.0,0.0,0.0,0.0,0.0,-1.0,-1.1e-13,0.0,0.7092,0.2755,0.002709,0.0007398,0.00672,-1.0,0.01527,3.905,3.786,4.123,3.281
0.0152,0.01508,7.1,1.323977828,2.5221379687,1.324,0.415,3.7679,4.168,0.0,0.0,0.538,0.0,0.0,0.0,0.0,0.0,-1.0,-1.24e-13,0.0,0.7092,0.2755,0.002709,0.0007398,0.00672,-1.0,0.01527,3.733,3.609,3.927,3.123
0.0152,0.01508,7.1,1.3439404964,2.5242919962,1.344,0.482,3.7758,4.139,0.0,0.0,0.538,0.0,0.0,0.0,0.0,0.0,-1.0,-1.42e-13,0.0,0.7092,0.2755,0.002709,0.0007398,0.00672,-1.0,0.01527,3.564,3.437,3.737,2.97
0.0152,0.01508,7.1,1.3500001431,2.5249313723,1.35,0.503,3.7783,4.13,0.0,0.0,0.538,0.0,0.0,0.0,0.0,0.0,-1.0,-1.47e-13,0.0,0.7092,0.2755,0.002709,0.0007398,0.00672,-1.0,0.01527,3.512,3.383,3.678,2.923
0.0152,0.01508,7.1,1.3513469696,2.5250725856,1.351,0.508,3.7788,4.128,0.0,0.0,0.538,0.0,0.0,0.0,0.0,0.0,-1.0,-1.49e-13,0.0,0.7092,0.2755,0.002709,0.0007398,0.00672,-1.0,0.01527,3.5,3.371,3.665,2.913
0.0152,0.01508,7.1,1.3710221052,2.5270991809,1.371,0.574,3.7871,4.101,0.0,0.0,0.538,0.0,0.0,0.0,0.0,0.0,-1.0,-1.67e-13,0.0,0.7092,0.2755,0.002709,0.0007398,0.00672,-1.0,0.01527,3.335,3.204,3.481,2.765
0.0152,0.01508,7.1,1.3914732933,2.5291360063,1.392,0.64,3.7961,4.078,0.0,0.0,0.538,0.0,0.0,0.0,0.0,0.0,-1.0,-1.86e-13,0.0,0.7092,0.2755,0.002709,0.0007398,0.00672,-1.0,0.01527,3.171,3.039,3.297,2.623
0.0152,0.01508,7.1,1.4000000954,2.5299650415,1.4,0.665,3.8001,4.071,0.0,0.0,0.538,0.0,0.0,0.0,0.0,0.0,-1.0,-1.93e-13,0.0,0.7092,0.2755,0.002709,0.0007398,0.00672,-1.0,0.01527,3.106,2.975,3.225,2.568
0.0152,0.01508,7.1,1.4095979929,2.5308844311,1.41,0.694,3.8046,4.064,0.0,0.0,0.538,0.0,0.0,0.0,0.0,0.0,-1.0,-2e-13,0.0,0.7092,0.2755,0.002709,0.0007398,0.00672,-1.0,0.01527,3.035,2.905,3.145,2.509
0.0152,0.01508,7.1,1.4382896423,2.5335488803,1.438,0.76,3.8187,4.063,0.0,0.0,0.538,0.0,0.0,0.0,0.0,0.0,-1.0,-2.08e-13,0.0,0.7092,0.2755,0.002709,0.0007398,0.006719,-1.0,0.01527,2.871,2.742,2.957,2.381
0.0152,0.01508,7.1,1.4500000477,2.5346015836,1.45,0.782,3.8248,4.068,0.0,0.0,0.538,0.0,0.0,0.0,0.0,0.0,-1.0,-2.09e-13,0.0,0.7092,0.2755,0.002709,0.0007398,0.006719,-1.0,0.01527,2.814,2.685,2.889,2.338
0.0152,0.01508,7.1,1.4540603161,2.5349620307,1.454,0.789,3.827,4.071,0.0,0.0,0.538,0.0,0.0,0.0,0.0,0.0,-1.0,-2.08e-13,0.0,0.7092,0.2755,0.002709,0.0007398,0.006719,-1.0,0.01527,2.797,2.669,2.869,2.327
0.0152,0.01508,7.1,1.4607408047,2.535550074,1.461,0.794,3.8301,4.081,0.0,0.0,0.538,0.0,0.0,0.0,0.0,0.0,-1.0,-2.01e-13,0.0,0.7092,0.2755,0.002709,0.0007398,0.006719,-1.0,0.01527,2.784,2.657,2.852,2.321
0.0152,0.01508,7.1,1.4840047359,2.5375504252,1.484,0.797,3.8395,4.122,0.0,0.0,0.538,0.0,0.0,0.0,0.0,0.0,-1.0,-1.74e-13,0.0,0.7092,0.2755,0.002709,0.0007398,0.006719,-1.0,0.01527,2.777,2.653,2.833,2.339
0.0152,0.01508,7.1,1.5,2.5388844597,1.5,0.781,3.8429,4.156,0.0,0.0,0.538,0.0,0.0,0.0,0.0,0.0,-1.0,-1.5e-13,0.0,0.7092,0.2755,0.002709,0.0007398,0.006719,-1.0,0.01527,2.817,2.695,2.87,2.389
0.0152,0.01508,7.1,1.5031391382,2.5391424398,1.503,0.777,3.8436,4.164,0.0,0.0,0.538,0.0,0.0,0.0,0.0,0.0,-1.0,-1.44e-13,0.0,0.7092,0.2755,0.002709,0.0007398,0.006719,-1.0,0.01527,2.826,2.704,2.878,2.4
0.0152,0.01508,7.1,1.5202003717,2.5405231633,1.52,0.75,3.8445,4.2,0.0,0.0,0.538,0.0,0.0,0.0,0.0,0.0,-1.0,-1.17e-13,0.0,0.7092,0.2755,0.002709,0.0007398,0.006719,-1.0,0.01527,2.895,2.775,2.948,2.472
0.0152,0.01508,7.1,1.53741014,2.5418802643,1.537,0.727,3.8441,4.227,0.0,0.0,0.538,0.0,0.0,0.0,0.0,0.0,-1.0,-9.67e-14,0.0,0.7092,0.2755,0.002709,0.0007398,0.006719,-1.0,0.01527,2.954,2.834,3.008,2.529
0.0152,0.01508,7.1,1.5499999523,2.5428511323,1.55,0.723,3.8443,4.235,0.0,0.0,0.538,0.0,0.0,0.0,0.0,0.0,-1.0,-8.8e-14,0.0,0.7092,0.2755,0.002709,0.0007398,0.006719,-1.0,0.01527,2.963,2.844,3.017,2.539
0.0152,0.01508,7.1,1.5574771166,2.5434192007,1.557,0.719,3.8444,4.241,0.0,0.0,0.538,0.0,0.0,0.0,0.0,0.0,-1.0,-8.14e-14,0.0,0.7092,0.2755,0.002709,0.0007398,0.006719,-1.0,0.01527,2.972,2.852,3.026,2.548
0.0152,0.01508,7.1,1.5790272951,2.5450218923,1.579,0.723,3.8454,4.248,0.0,0.0,0.538,0.0,0.0,0.0,0.0,0.0,-1.0,-6.76e-14,0.0,0.7092,0.2755,0.002709,0.0007397,0.006719,-1.0,0.01527,2.964,2.845,3.017,2.543
0.0152,0.01508,7.1,1.6000000238,2.5465340628,1.6,0.757,3.8503,4.239,0.0,0.0,0.538,0.0,0.0,0.0,0.0,0.0,-1.0,-6.17e-14,0.0,0.7092,0.2755,0.002709,0.0007397,0.006719,-1.0,0.01527,2.878,2.761,2.925,2.471
0.0152,0.01508,7.1,1.6161843538,2.5476701802,1.616,0.783,3.8548,4.234,0.0,0.0,0.538,0.0,0.0,0.0,0.0,0.0,-1.0,-5.22e-14,0.0,0.7092,0.2755,0.002709,0.0007397,0.006719,-1.0,0.01527,2.811,2.696,2.853,2.417
0.0152,0.01508,7.1,1.6500000954,2.5499614852,1.649,0.845,3.8671,4.231,0.0,0.0,0.538,0.0,0.0,0.0,0.0,0.0,-1.0,-3.74e-14,0.0,0.7092,0.2755,0.002709,0.0007397,0.006719,-1.0,0.01524,2.657,2.548,2.686,2.298
0.0152,0.01508,7.1,1.6672331095,2.5510881377,1.667,0.878,3.8747,4.233,0.0,0.0,0.538,0.0,0.0,0.0,0.0,0.0,-1.0,-6.5e-20,0.0,0.7092,0.2755,0.002709,0.0007397,0.006719,-1.0,0.01524,2.575,2.47,2.597,2.24
0.0152,0.01508,7.1,1.6993697882,2.5531191307,1.698,0.942,3.8922,4.247,0.0,0.0,0.538,0.0,0.0,0.0,0.0,0.0,-1.0,-1.61e-30,0.0,0.7093,0.2755,0.002709,0.0007397,0.006718,-1.0,0.01527,2.415,2.324,2.425,2.137
0.0152,0.01508,7.1,1.7000000477,2.5531580802,1.699,0.943,3.8926,4.247,0.0,0.0,0.538,0.0,0.0,0.0,0.0,0.0,-1.0,-9.999999999999999e-31,0.0,0.7093,0.2755,0.002709,0.0007397,0.006718,-1.0,0.01527,2.412,2.321,2.422,2.135
0.0152,0.01508,7.1,1.7233115435,2.5545757254,1.722,0.989,3.9067,4.264,0.0,0.0,0.538,0.0,0.0,0.0,0.0,0.0,-1.0,-9.999999999999999e-31,0.0,0.7093,0.2755,0.002709,0.0007397,0.006718,-1.0,0.01527,2.297,2.223,2.303,2.073
0.0152,0.01508,7.1,1.742220521,2.5556936495,1.741,1.019,3.9169,4.279,0.0,0.0,0.538,0.0,0.0,0.0,0.0,0.0,-1.0,-9.999999999999999e-31,0.0,0.7093,0.2754,0.002709,0.0007397,0.006718,-1.0,0.01527,2.222,2.163,2.229,2.038
0.0152,0.01508,7.1,1.75,2.5561455243,1.749,1.029,3.9205,4.286,0.0,0.0,0.538,0.0,0.0,0.0,0.0,0.0,-1.0,-9.999999999999999e-31,0.0,0.7093,0.2754,0.002709,0.0007397,0.006718,-1.0,0.01527,2.198,2.145,2.206,2.028
0.0152,0.01508,7.1,1.760481596,2.5567470964,1.759,1.044,3.926,4.296,0.0,0.0,0.538,0.0,0.0,0.0,0.0,0.0,-1.0,-9.999999999999999e-31,0.0,0.7093,0.2754,0.002709,0.0007397,0.006718,-1.0,0.01527,2.161,2.118,2.173,2.015
0.0152,0.01508,7.1,1.7999999523,2.5589429085,1.799,1.07,3.9378,4.326,0.0,0.0,0.538,0.0,0.0,0.0,0.0,0.0,-1.0,-9.999999999999999e-31,0.0,0.7093,0.2754,0.002709,0.0007397,0.006718,-1.0,0.01527,2.094,2.078,2.119,2.001
0.0152,0.01508,7.1,1.8148987293,2.5597422596,1.814,1.079,3.9413,4.334,0.0,0.0,0.538,0.0,0.0,0.0,0.0,0.0,-1.0,-9.999999999999999e-31,0.0,0.7093,0.2754,0.002709,0.0007397,0.006718,-1.0,0.01527,2.071,2.064,2.102,1.994
0.0152,0.01508,7.1,1.8500000238,2.5615671203,1.849,1.106,3.9476,4.341,0.0,0.0,0.538,0.0,0.0,0.0,0.0,0.0,-1.0,-9.999999999999999e-31,0.0,0.7093,0.2754,0.002709,0.0007397,0.006718,-1.0,0.01527,2.005,2.016,2.046,1.958
0.0152,0.01508,7.1,1.9000000954,2.5640331317,1.899,1.143,3.9569,4.353,0.0,0.0,0.538,0.0,0.0,0.0,0.0,0.0,-1.0,-9.999999999999999e-31,0.0,0.7093,0.2754,0.002708,0.0007396,0.006718,-1.0,0.01527,1.912,1.952,1.974,1.91
0.0152,0.01508,7.1,1.9049904346,2.5642710986,1.904,1.146,3.9576,4.354,0.0,0.0,0.538,0.0,0.0,0.0,0.0,0.0,-1.0,-9.999999999999999e-31,0.0,0.7093,0.2754,0.002708,0.0007396,0.006718,-1.0,0.01527,1.904,1.947,1.968,1.907
0.0152,0.01508,7.1,1.9500001669,2.5663542767,1.95,1.188,3.9661,4.356,0.0,0.0,0.538,0.0,0.0,0.0,0.0,0.0,-1.0,-9.999999999999999e-31,0.0,0.7093,0.2754,0.002708,0.0007396,0.006717,-1.0,0.01527,1.8,1.872,1.887,1.846
0.0152,0.01508,7.1,2.0,2.5685424513,2.0,1.233,3.975,4.358,0.0,0.0,0.538,0.0,0.0,0.0,0.0,0.0,-1.0,-9.999999999999999e-31,0.0,0.7093,0.2754,0.002709,0.0007396,0.006717,-1.0,0.01527,1.688,1.795,1.803,1.782
0.0152,0.01508,7.1,2.0499999523,2.5706083333,2.05,1.276,3.9834,4.36,0.0,0.0,0.538,0.0,0.0,0.0,0.0,0.0,-1.0,-9.999999999999999e-31,0.0,0.7093,0.2754,0.002709,0.0007395,0.006717,-1.0,0.01527,1.581,1.723,1.724,1.721
0.0152,0.01508,7.1,2.0999999046,2.5725614918,2.099,1.318,3.9915,4.36,0.0,0.0,0.538,0.0,0.0,0.0,0.0,0.0,-1.0,-9.999999999999999e-31,0.0,0.7094,0.2754,0.002708,0.0007395,0.006717,-1.0,0.01527,1.475,1.652,1.649,1.661
0.0152,0.01508,7.1,2.1500000954,2.5744105556,2.149,1.359,3.9995,4.361,0.0,0.0,0.538,0.0,0.0,0.0,0.0,0.0,-1.0,-9.999999999999999e-31,0.0,0.7094,0.2754,0.002709,0.0007395,0.006717,-1.0,0.01527,1.373,1.586,1.577,1.603
0.0152,0.01508,7.1,2.2000000477,2.5761632879,2.199,1.399,4.0071,4.362,0.0,0.0,0.538,0.0,0.0,0.0,0.0,0.0,-1.0,-9.999999999999999e-31,0.0,0.7094,0.2754,0.002709,0.0007395,0.006717,-1.0,0.01527,1.273,1.521,1.508,1.546
0.0152,0.01508,7.1,2.25,2.5778267375,2.249,1.438,4.0145,4.362,0.0,0.0,0.538,0.0,0.0,0.0,0.0,0.0,-1.0,-9.999999999999999e-31,0.0,0.7094,0.2754,0.002708,0.0007394,0.006716,-1.0,0.01527,1.175,1.458,1.442,1.491
0.0152,0.01508,7.1,2.2999999523,2.5794072884,2.299,1.476,4.0216,4.362,0.0,0.0,0.538,0.0,0.0,0.0,0.0,0.0,-1.0,-9.999999999999999e-31,0.0,0.7094,0.2753,0.002708,0.0007395,0.006716,-1.0,0.01527,1.081,1.398,1.378,1.437
0.0152,0.01508,7.1,2.4000000954,2.5823423892,2.399,1.548,4.0351,4.362,0.0,0.0,0.538,0.0,0.0,0.0,0.0,0.0,-1.0,-9.999999999999999e-31,0.0,0.7094,0.2754,0.002708,0.0007395,0.006716,-1.0,0.01526,0.899,1.282,1.256,1.333
0.0152,0.01508,7.1,2.5300514698,2.5857632685,2.53,1.637,4.0514,4.361,0.0,0.0,0.538,0.0,0.0,0.0,0.0,0.0,-1.0,-9.999999999999999e-31,0.0,0.7093,0.2755,0.002709,0.0007397,0.006718,-1.0,0.01527,0.677,1.141,1.109,1.204
0.0152,0.01508,7.1,2.5999999046,2.5874412955,2.6,1.683,4.0598,4.361,0.0,0.0,0.538,0.0,0.0,0.0,0.0,0.0,-1.0,-9.999999999999999e-31,0.0,0.7092,0.2755,0.00271,0.0007399,0.00672,-1.0,0.01527,0.561,1.069,1.033,1.138
0.0152,0.01508,7.1,2.8000001907,2.5917117867,2.8,1.808,4.0817,4.356,1.0,0.0,0.538,0.0,0.0,0.0,0.0,0.0,-1.0,-9.999999999999999e-31,0.0,0.7092,0.2755,0.00271,0.0007399,0.00672,-1.0,0.01527,0.25,0.871,0.827,0.954
0.0152,0.01508,7.1,3.0,2.5953341962,3.0,1.924,4.1017,4.35,1.0,0.0,0.538,0.0,0.0,0.0,0.0,0.0,-1.0,-9.999999999999999e-31,0.0,0.7092,0.2755,0.00271,0.0007399,0.00672,-1.0,0.01527,-0.039,0.689,0.638,0.784
0.0152,0.01508,7.1,3.2000000477,2.5984409005,3.199,2.031,4.12,4.344,1.0,0.0,0.538,0.0,0.0,0.0,0.0,0.0,-1.0,-9.999999999999999e-31,0.0,0.7092,0.2755,0.00271,0.0007399,0.00672,-1.0,0.01527,-0.307,0.521,0.465,0.626
0.0152,0.01508,7.1,3.4000000954,2.6011310876,3.398,2.131,4.1367,4.337,1.0,0.0,0.538,0.0,0.0,0.0,0.0,0.0,-1.0,-9.999999999999999e-31,0.0,0.7092,0.2755,0.00271,0.0007399,0.00672,-1.0,0.01527,-0.557,0.364,0.302,0.478
0.0152,0.01508,7.1,3.4348013401,2.6015625453,3.433,2.148,4.1394,4.336,1.0,0.0,0.538,0.0,0.0,0.0,0.0,0.0,-1.0,-9.999999999999999e-31,0.0,0.7092,0.2755,0.00271,0.0007399,0.00672,-1.0,0.01527,-0.599,0.337,0.275,0.453
0.0152,0.01508,7.1,3.6000001431,2.6034804607,3.598,2.225,4.1522,4.329,1.0,0.0,0.538,0.0,0.0,0.0,0.0,0.0,-1.0,-9.999999999999999e-31,0.0,0.7092,0.2755,0.00271,0.0007399,0.00672,-1.0,0.01527,-0.793,0.216,0.149,0.339
0.0152,0.01508,7.1,3.8000001907,2.6055477311,3.798,2.314,4.167,4.323,1.0,0.0,0.538,0.0,0.0,0.0,0.0,0.0,-1.0,-9.999999999999999e-31,0.0,0.7092,0.2755,0.00271,0.0007399,0.00672,-1.0,0.01527,-1.016,0.078,0.008,0.21
0.0152,0.01508,7.1,4.0,2.607379084,4.001,2.398,4.1805,4.316,1.0,0.0,0.538,0.0,0.0,0.0,0.0,0.0,-1.0,-9.999999999999999e-31,0.0,0.7092,0.2755,0.00271,0.0007399,0.00672,-1.0,0.01527,-1.225,-0.053,-0.128,0.086
0.0152,0.01508,7.1,4.1999998093,2.6090113217,4.198,2.478,4.1932,4.308,1.0,0.0,0.538,0.0,0.0,0.0,0.0,0.0,-1.0,-9.999999999999999e-31,0.0,0.7092,0.2755,0.00271,0.0007399,0.00672,-1.0,0.01527,-1.425,-0.178,-0.256,-0.031
0.0152,0.01508,7.1,4.4000000954,2.6104741055,4.397,2.554,4.205,4.3,1.0,0.0,0.538,0.0,0.0,0.0,0.0,0.0,-1.0,-9.999999999999999e-31,0.0,0.7092,0.2755,0.00271,0.0007399,0.00672,-1.0,0.01527,-1.614,-0.297,-0.379,-0.145
0.0152,0.01508,7.1,4.4497900009,2.6108148365,4.447,2.572,4.2079,4.298,1.0,0.0,0.538,0.0,0.0,0.0,0.0,0.0,-1.0,-9.999999999999999e-31,0.0,0.7092,0.2755,0.00271,0.0007399,0.00672,-1.0,0.01527,-1.659,-0.326,-0.409,-0.172
0.0152,0.01508,7.1,4.5999999046,2.6117915791,4.597,2.626,4.2164,4.292,1.0,0.0,0.538,0.0,0.0,0.0,0.0,0.0,-1.0,-9.999999999999999e-31,0.0,0.7092,0.2755,0.00271,0.0007399,0.00672,-1.0,0.01527,-1.795,-0.412,-0.497,-0.252
0.0152,0.01508,7.1,4.8000001907,2.6129836005,4.798,2.695,4.2273,4.285,1.0,0.0,0.538,0.0,0.0,0.0,0.0,0.0,-1.0,-9.999999999999999e-31,0.0,0.7092,0.2755,0.00271,0.0007399,0.00672,-1.0,0.01527,-1.968,-0.521,-0.609,-0.355
0.0152,0.01508,7.1,5.0,2.6140666223,4.999,2.761,4.2375,4.277,1.0,0.0,0.538,0.0,0.0,0.0,0.0,0.0,-1.0,-9.999999999999999e-31,0.0,0.7092,0.2755,0.00271,0.0007399,0.00672,-1.0,0.01527,-2.133,-0.626,-0.718,-0.455
0.0152,0.01508,7.1,5.1999998093,2.6150544,5.2,2.825,4.2471,4.269,1.0,0.0,0.538,0.0,0.0,0.0,0.0,0.0,-1.0,-9.999999999999999e-31,0.0,0.7092,0.2755,0.00271,0.0007399,0.00672,-1.0,0.01527,-2.292,-0.729,-0.823,-0.552
0.0152,0.01508,7.1,5.3999996185,2.6159585084,5.401,2.886,4.2564,4.262,1.0,0.0,0.538,0.0,0.0,0.0,0.0,0.0,-1.0,-9.999999999999999e-31,0.0,0.7092,0.2755,0.00271,0.0007399,0.00672,-1.0,0.01527,-2.446,-0.828,-0.925,-0.646
0.0152,0.01508,7.1,5.5856318474,2.6167313873,5.586,2.941,4.2647,4.254,1.0,0.0,0.538,0.0,0.0,0.0,0.0,0.0,-1.0,-9.999999999999999e-31,0.0,0.7092,0.2755,0.00271,0.0007399,0.00672,-1.0,0.01527,-2.583,-0.917,-1.017,-0.73
0.0152,0.01508,7.1,5.5999994278,2.6167887546,5.601,2.945,4.2653,4.254,1.0,0.0,0.538,0.0,0.0,0.0,0.0,0.0,-1.0,-9.999999999999999e-31,0.0,0.7092,0.2755,0.00271,0.0007399,0.00672,-1.0,0.01527,-2.594,-0.924,-1.024,-0.737
0.0152,0.01508,7.1,5.8000001907,2.6175535027,5.801,3.002,4.2737,4.246,1.0,0.0,0.538,0.0,0.0,0.0,0.0,0.0,-1.0,-9.999999999999999e-31,0.0,0.7092,0.2755,0.00271,0.0007399,0.00672,-1.0,0.01527,-2.736,-1.017,-1.119,-0.825
0.0152,0.01508,7.1,6.0,2.6182599138,6.0,3.058,4.2818,4.238,1.0,0.0,0.538,0.0,0.0,0.0,0.0,0.0,-1.0,-9.999999999999999e-31,0.0,0.7092,0.2755,0.00271,0.0007399,0.00672,-1.0,0.01527,-2.874,-1.108,-1.213,-0.912
0.0152,0.01508,7.1,6.1833162308,2.6188614523,6.183,3.106,4.289,4.231,1.0,0.0,0.538,0.0,0.0,0.0,0.0,0.0,-1.0,-9.999999999999999e-31,0.0,0.7092,0.2755,0.00271,0.0007399,0.00672,-1.0,0.01527,-2.996,-1.189,-1.296,-0.989
0.0152,0.01508,7.1,6.1999998093,2.6189141709,6.2,3.111,4.2896,4.23,1.0,0.0,0.538,0.0,0.0,0.0,0.0,0.0,-1.0,-9.999999999999999e-31,0.0,0.7092,0.2755,0.00271,0.0007399,0.00672,-1.0,0.01527,-3.007,-1.197,-1.303,-0.996
0.0152,0.01508,7.1,6.4000000954,2.6195216279,6.399,3.162,4.2971,4.222,1.0,0.0,0.538,0.0,0.0,0.0,0.0,0.0,-1.0,-9.999999999999999e-31,0.0,0.7092,0.2755,0.00271,0.0007399,0.00672,-1.0,0.01527,-3.136,-1.283,-1.392,-1.078
0.0152,0.01508,7.1,6.4512863159,2.6196704375,6.45,3.175,4.2989,4.22,1.0,0.0,0.538,0.0,0.0,0.0,0.0,0.0,-1.0,-9.999999999999999e-31,0.0,0.7092,0.2755,0.00271,0.0007399,0.00672,-1.0,0.01527,-3.168,-1.305,-1.414,-1.098
0.0152,0.01508,7.1,6.9995789528,2.6211059246,6.995,3.309,4.3178,4.197,1.0,0.0,0.538,0.0,0.0,0.0,0.0,0.0,-1.0,-9.999999999999999e-31,0.0,0.7092,0.2755,0.00271,0.0007399,0.00672,-1.0,0.01527,-3.502,-1.531,-1.646,-1.314
0.0152,0.01508,7.1,7.0,2.621106928,6.996,3.309,4.3178,4.197,1.0,0.0,0.538,0.0,0.0,0.0,0.0,0.0,-1.0,-9.999999999999999e-31,0.0,0.7092,0.2755,0.00271,0.0007399,0.00672,-1.0,0.01527,-3.502,-1.531,-1.646,-1.314
0.0152,0.01508,7.1,7.5762085915,2.6223608056,7.575,3.439,4.3354,4.172,1.0,0.0,0.538,0.0,0.0,0.0,0.0,0.0,-1.0,-9.999999999999999e-31,0.0,0.7092,0.2755,0.00271,0.0007399,0.00672,-1.0,0.01527,-3.826,-1.757,-1.877,-1.531
0.0152,0.01508,7.1,8.0,2.6231516585,8.001,3.53,4.3473,4.152,1.0,0.0,0.538,0.0,0.0,0.0,0.0,0.0,-1.0,-9.999999999999999e-31,0.0,0.7092,0.2755,0.00271,0.0007399,0.00672,-1.0,0.01527,-4.055,-1.92,-2.043,-1.688
0.0152,0.01508,7.1,8.2905139923,2.6236404127,8.289,3.589,4.3547,4.138,1.0,0.0,0.538,0.0,0.0,0.0,0.0,0.0,-1.0,-9.999999999999999e-31,0.0,0.7092,0.2755,0.00271,0.0007399,0.00672,-1.0,0.01527,-4.203,-2.028,-2.152,-1.792
0.0152,0.01508,7.1,8.7513923645,2.6243397638,8.747,3.681,4.3658,4.114,1.0,0.0,0.538,0.0,0.0,0.0,0.0,0.0,-1.0,-9.999999999999999e-31,0.0,0.7092,0.2755,0.00271,0.0007399,0.00672,-1.0,0.01527,-4.432,-2.197,-2.324,-1.955
0.0152,0.01508,7.1,9.0,2.6246829947,8.995,3.729,4.3714,4.1,1.0,0.0,0.538,0.0,0.0,0.0,0.0,0.0,-1.0,-9.999999999999999e-31,0.0,0.7092,0.2755,0.00271,0.0007399,0.00672,-1.0,0.01527,-4.553,-2.287,-2.416,-2.043
0.0152,0.01508,7.1,9.0026845932,2.6246865823,8.997,3.73,4.3714,4.1,1.0,0.0,0.538,0.0,0.0,0.0,0.0,0.0,-1.0,-9.999999999999999e-31,0.0,0.7092,0.2755,0.00271,0.0007399,0.00672,-1.0,0.01527,-4.554,-2.288,-2.417,-2.044
0.0152,0.01508,7.1,9.4171972275,2.6252124241,9.413,3.806,4.3799,4.077,1.0,0.0,0.538,0.0,0.0,0.0,0.0,0.0,-1.0,-9.999999999999999e-31,0.0,0.7092,0.2755,0.00271,0.0007399,0.00672,-1.0,0.01527,-4.745,-2.435,-2.566,-2.186
0.0152,0.01508,7.1,9.7999048233,2.6256527777,9.797,3.876,4.3869,4.053,1.0,0.0,0.538,0.0,0.0,0.0,0.0,0.0,-1.0,-9.999999999999999e-31,0.0,0.7092,0.2755,0.00271,0.0007399,0.00672,-1.0,0.01527,-4.919,-2.572,-2.704,-2.32
0.0152,0.01508,7.1,10.0,2.6258676431,9.998,3.912,4.3904,4.04,1.0,0.0,0.538,0.0,0.0,0.0,0.0,0.0,-1.0,-9.999999999999999e-31,0.0,0.7092,0.2755,0.00271,0.0007399,0.00672,-1.0,0.01527,-5.009,-2.644,-2.778,-2.391
0.0152,0.01508,7.1,10.0234298706,2.625892158,10.022,3.916,4.3907,4.038,1.0,0.0,0.538,0.0,0.0,0.0,0.0,0.0,-1.0,-9.999999999999999e-31,0.0,0.7092,0.2755,0.00271,0.0007399,0.00672,-1.0,0.01527,-5.02,-2.652,-2.786,-2.399
0.0152,0.01508,7.1,10.3807096481,2.6262502739,10.38,3.978,4.3961,4.013,1.0,0.0,0.538,0.0,0.0,0.0,0.0,0.0,-1.0,-9.999999999999999e-31,0.0,0.7092,0.2755,0.00271,0.0007399,0.00672,-1.0,0.01527,-5.174,-2.78,-2.915,-2.524
0.0152,0.01508,7.1,10.6738920212,2.6265236403,10.674,4.028,4.4001,3.991,1.0,0.0,0.538,0.0,0.0,0.0,0.0,0.0,-1.0,-9.999999999999999e-31,0.0,0.7092,0.2755,0.00271,0.0007399,0.00672,-1.0,0.01527,-5.299,-2.879,-3.016,-2.629
0.0152,0.01508,7.1,10.9870300293,2.6267971623,10.988,4.081,4.4038,3.965,1.0,0.0,0.538,0.0,0.0,0.0,0.0,0.0,-1.0,-9.999999999999999e-31,0.0,0.7092,0.2755,0.00271,0.0007399,0.00672,-1.0,0.01527,-5.432,-2.999,-3.138,-2.743
0.0152,0.01508,7.1,11.0,2.6268081058,11.001,4.083,4.4039,3.964,1.0,0.0,0.538,0.0,0.0,0.0,0.0,0.0,-1.0,-9.999999999999999e-31,0.0,0.7092,0.2755,0.00271,0.0007399,0.00672,-1.0,0.01527,-5.437,-3.004,-3.143,-2.748
0.0152,0.01508,7.1,11.247885704,2.6270116948,11.249,4.123,4.4064,3.944,1.0,0.0,0.538,0.0,0.0,0.0,0.0,0.0,-1.0,-9.999999999999999e-31,0.0,0.7092,0.2755,0.00271,0.0007399,0.00672,-1.0,0.01527,-5.538,-3.097,-3.237,-2.837
0.0152,0.01508,7.1,11.6456785202,2.6273176662,11.647,4.188,4.4093,3.905,1.0,0.0,0.538,0.0,0.0,0.0,0.0,0.0,-1.0,-9.999999999999999e-31,0.0,0.7092,0.2755,0.00271,0.0007399,0.00672,-1.0,0.01527,-5.7,-3.254,-3.396,-2.99
0.0152,0.01508,7.1,12.0,2.6275706487,12.001,4.246,4.4109,3.867,1.0,0.0,0.538,0.0,0.0,0.0,0.0,0.0,-1.0,-9.999999999999999e-31,0.0,0.7092,0.2755,0.00271,0.0007399,0.00672,-1.0,0.01527,-5.844,-3.398,-3.541,-3.132
0.0152,0.01508,7.1,12.2061443329,2.6277100867,12.201,4.277,4.4114,3.845,1.0,0.0,0.538,0.0,0.0,0.0,0.0,0.0,-1.0,-2.59e-28,0.0,0.7092,0.2755,0.002714,0.00074,0.00672,-1.0,0.01527,-5.923,-3.478,-3.621,-3.212
0.0152,0.01508,7.1,12.5467729568,2.6279289854,12.532,4.329,4.4112,3.804,1.0,0.0,0.54,0.0,0.0,0.0,0.0,0.0,-1.0,-2.08e-24,0.0,0.7092,0.2755,0.00272,0.0007402,0.00672,-1.0,0.01527,-6.052,-3.617,-3.759,-3.352
0.0152,0.01508,7.1,12.8403759003,2.6281069857,12.816,4.374,4.4096,3.763,1.0,0.0,0.541,0.0,0.0,0.0,0.0,0.0,-1.0,-3.97e-21,0.0,0.7092,0.2755,0.002726,0.0007403,0.006719,-1.0,0.01527,-6.164,-3.746,-3.887,-3.484
0.0152,0.01508,7.1,13.2089223862,2.6283175914,13.17,4.43,4.4061,3.704,1.0,0.0,0.542,0.0,0.0,0.0,0.0,0.0,-1.0,-4.1e-17,0.0,0.7092,0.2755,0.002732,0.0007405,0.006719,-1.0,0.01527,-6.305,-3.917,-4.057,-3.661
0.0152,0.01508,7.1,13.5555362701,2.628503694,13.502,4.482,4.4011,3.642,1.0,0.0,0.543,0.0,0.0,0.0,0.0,0.0,-1.0,-1.91e-13,0.0,0.7092,0.2755,0.002738,0.0007406,0.006719,-1.0,0.01527,-6.436,-4.089,-4.226,-3.84
0.0152,0.01508,7.1,13.8285741806,2.6286427627,13.763,4.525,4.3945,3.582,1.0,0.0,0.544,0.0,0.0,0.0,0.0,0.0,-1.0,-1.23e-10,0.0,0.7092,0.2755,0.002743,0.0007408,0.006719,-1.0,0.01527,-6.543,-4.188,-4.323,-3.933
0.0152,0.01508,7.1,14.0,2.6287268957,13.928,4.552,4.3893,3.539,0.0,0.0,0.545,0.0,0.0,0.0,0.0,0.0,-1.0,-6.65e-09,0.0,0.7092,0.2755,0.002746,0.0007408,0.006719,-1.0,0.01527,-6.61,-4.285,-4.42,-4.034
0.0152,0.01508,7.1,14.0273809433,2.628740115,13.954,4.556,4.3885,3.533,0.0,0.0,0.545,0.0,0.0,0.0,0.0,0.0,-1.0,-6.71e-09,0.0,0.7092,0.2755,0.002746,0.0007408,0.006719,-1.0,0.01527,-6.62,-4.3,-4.434,-4.049
0.0152,0.01508,7.1,14.2834100723,2.6288609085,14.2,4.594,4.3802,3.47,0.0,0.0,0.545,0.0,0.0,0.0,0.0,0.0,-1.0,-7.07e-09,0.0,0.7092,0.2755,0.002746,0.0007408,0.006719,-1.0,0.01527,-6.714,-4.442,-4.574,-4.195
0.0152,0.01508,7.1,14.5061759949,2.6289620289,14.413,4.627,4.3708,3.405,0.0,0.0,0.545,0.0,0.0,0.0,0.0,0.0,-1.0,-1.36e-08,0.0,0.7092,0.2755,0.002746,0.0007408,0.006719,-1.0,0.01527,-6.798,-4.654,-4.785,-4.417
0.0152,0.01508,7.1,14.6588773727,2.6290293068,14.554,4.65,4.3632,3.355,0.0,0.0,0.545,0.0,0.0,0.0,0.0,0.0,-1.0,-3.34e-08,0.0,0.7092,0.2755,0.002746,0.0007408,0.006719,-1.0,0.01527,-6.856,-4.726,-4.855,-4.491
0.0152,0.01508,7.1,14.860909462,2.6291158802,14.728,4.682,4.3544,3.294,0.0,0.0,0.545,0.0,0.0,0.0,0.0,0.0,-1.0,-8.04e-08,0.0,0.7092,0.2755,0.002746,0.0007408,0.006719,-1.0,0.01527,-6.936,-4.822,-4.949,-4.59
0.0152,0.01508,7.1,15.055642128,2.6291968018,14.887,4.719,4.3595,3.282,0.0,0.0,0.545,0.0,0.0,0.0,0.0,0.0,-1.0,-3.22e-08,0.0,0.7092,0.2755,0.002746,0.0007408,0.006719,-1.0,0.01527,-7.026,-4.928,-5.056,-4.695
0.0152,0.01508,7.1,15.0868968964,2.6292095663,14.913,4.729,4.3684,3.308,0.0,0.0,0.545,0.0,0.0,0.0,0.0,0.0,-1.0,-2.03e-08,0.0,0.7092,0.2755,0.002746,0.0007408,0.006719,-1.0,0.01527,-7.052,-4.925,-5.054,-4.689
0.0152,0.01508,7.1,15.0983572006,2.6292142314,14.923,4.739,4.3787,3.34,0.0,0.0,0.545,0.0,0.0,0.0,0.0,0.0,-1.0,-1.36e-08,0.0,0.7092,0.2755,0.002746,0.0007408,0.006719,-1.0,0.01527,-7.078,-4.908,-5.04,-4.67
0.0152,0.01508,7.1,15.1044359207,2.6292167026,14.929,4.754,4.391,3.374,0.0,0.0,0.545,0.0,0.0,0.0,0.0,0.0,-1.0,-1.71e-08,0.0,0.7092,0.2755,0.002746,0.0007408,0.006719,-1.0,0.01527,-7.116,-4.867,-5.001,-4.624
0.0152,0.01508,7.1,15.106762886,2.629217648,14.932,4.769,4.4002,3.396,0.0,0.0,0.545,0.0,0.0,0.0,0.0,0.0,-1.0,-2.07e-08,0.0,0.7092,0.2755,0.002746,0.0007408,0.006719,-1.0,0.01527,-7.153,-4.872,-5.007,-4.627
0.0152,0.01508,7.1,15.1075639725,2.6292179734,14.932,4.776,4.4044,3.406,0.0,0.0,0.545,0.0,0.0,0.0,0.0,0.0,-1.0,-2.27e-08,0.0,0.7092,0.2755,0.002746,0.0007408,0.006719,-1.0,0.01527,-7.171,-4.865,-5.002,-4.617
0.0152,0.01508,7.1,15.1092329025,2.6292186511,14.934,4.767,4.4027,3.408,1.0,0.0,0.545,0.0,0.0,0.0,0.0,0.0,-1.0,-2.15e-08,0.0,0.7092,0.2755,0.002746,0.0007408,0.006719,-1.0,0.01527,-7.148,-4.85,-4.986,-4.604
0.0152,0.01508,7.1,15.1104297638,2.629219137,14.935,4.757,4.3969,3.395,1.0,0.0,0.545,0.0,0.0,0.0,0.0,0.0,-1.0,-1.91e-08,0.0,0.7092,0.2755,0.002746,0.0007408,0.006719,-1.0,0.01527,-7.121,-4.833,-4.968,-4.587
0.0152,0.01508,7.1,15.1114788055,2.6292195629,14.936,4.749,4.3863,3.36,1.0,0.0,0.545,0.0,0.0,0.0,0.0,0.0,-1.0,-1.61e-08,0.0,0.7092,0.2755,0.002746,0.0007408,0.006719,-1.0,0.01527,-7.102,-4.883,-5.016,-4.642
0.0152,0.01508,7.1,15.1121301651,2.6292198272,14.937,4.748,4.3769,3.324,1.0,0.0,0.545,0.0,0.0,0.0,0.0,0.0,-1.0,-2.63e-08,0.0,0.7092,0.2755,0.002746,0.0007408,0.006719,-1.0,0.01527,-7.099,-4.913,-5.045,-4.674
0.0152,0.01508,7.1,15.1126861572,2.6292200529,14.937,4.748,4.368,3.289,1.0,0.0,0.545,0.0,0.0,0.0,0.0,0.0,-1.0,-4.24e-08,0.0,0.7092,0.2755,0.002746,0.0007408,0.006719,-1.0,0.01527,-7.099,-4.944,-5.073,-4.707
0.0152,0.01508,7.1,15.1132526398,2.6292202828,14.938,4.749,4.358,3.248,1.0,0.0,0.545,0.0,0.0,0.0,0.0,0.0,-1.0,-5.32e-08,0.0,0.7092,0.2755,0.002746,0.0007408,0.006719,-1.0,0.01527,-7.102,-4.993,-5.12,-4.761
0.0152,0.01508,7.1,15.1137132645,2.6292204697,14.938,4.75,4.3493,3.211,1.0,0.0,0.545,0.0,0.0,0.0,0.0,0.0,-1.0,-8.09e-08,0.0,0.7092,0.2755,0.002746,0.0007408,0.006719,-1.0,0.01527,-7.106,-5.026,-5.151,-4.798
0.0152,0.01508,7.1,15.1141805649,2.6292206593,14.938,4.752,4.3399,3.172,1.0,0.0,0.545,0.0,0.0,0.0,0.0,0.0,-1.0,-1.31e-07,0.0,0.7092,0.2755,0.002746,0.0007408,0.006719,-1.0,0.01527,-7.11,-5.161,-5.286,-4.936
0.0152,0.01508,7.1,15.114657402,2.6292208528,14.939,4.754,4.3299,3.13,1.0,0.0,0.545,0.0,0.0,0.0,0.0,0.0,-1.0,-2.05e-07,0.0,0.7092,0.2755,0.002746,0.0007408,0.006719,-1.0,0.01527,-7.115,-5.222,-5.346,-5.0
0.0152,0.01508,7.1,15.1151390076,2.6292210481,14.939,4.756,4.3193,3.086,1.0,0.0,0.545,0.0,0.0,0.0,0.0,0.0,-1.0,-2.5e-07,0.0,0.7092,0.2755,0.002746,0.0007408,0.006719,-1.0,0.01527,-7.119,-5.287,-5.409,-5.07
0.0152,0.01508,7.1,15.1156282425,2.6292212466,14.939,4.757,4.3079,3.038,1.0,0.0,0.545,0.0,0.0,0.0,0.0,0.0,-1.0,-2.46e-07,0.0,0.7092,0.2755,0.002746,0.0007408,0.006719,-1.0,0.01527,-7.124,-5.354,-5.474,-5.14
0.0152,0.01508,7.1,15.1159992218,2.6292213971,14.94,4.759,4.2989,3.001,1.0,0.0,0.545,0.0,0.0,0.0,0.0,0.0,-1.0,-2.41e-07,0.0,0.7092,0.2755,0.002746,0.0007408,0.006719,-1.0,0.01527,-7.127,-5.315,-5.428,-5.111
0.0152,0.01508,7.1,15.1163759232,2.6292215499,14.94,4.76,4.2895,2.963,1.0,0.0,0.545,0.0,0.0,0.0,0.0,0.0,-1.0,-2.37e-07,0.0,0.7092,0.2755,0.002746,0.0007408,0.006719,-1.0,0.01527,-7.129,-5.369,-5.479,-5.171
0.0152,0.01508,7.1,15.1167564392,2.6292217042,14.94,4.761,4.2796,2.922,1.0,0.0,0.545,0.0,0.0,0.0,0.0,0.0,-1.0,-2.32e-07,0.0,0.7092,0.2755,0.002746,0.0007408,0.006719,-1.0,0.01527,-7.131,-5.427,-5.533,-5.235
0.0152,0.01508,7.1,15.1171398163,2.6292218597,14.94,4.761,4.2691,2.88,1.0,0.0,0.545,0.0,0.0,0.0,0.0,0.0,-1.0,-2.27e-07,0.0,0.7092,0.2755,0.002746,0.0007408,0.006719,-1.0,0.01527,-7.133,-5.487,-5.59,-5.302
0.0152,0.01508,7.1,15.1175289154,2.6292220175,14.941,4.762,4.2581,2.835,1.0,0.0,0.545,0.0,0.0,0.0,0.0,0.0,-1.0,-2.23e-07,0.0,0.7092,0.2755,0.002746,0.0007408,0.006719,-1.0,0.01527,-7.134,-5.549,-5.65,-5.371
0.0152,0.01508,7.1,15.1179208755,2.6292221765,14.941,4.762,4.2465,2.789,1.0,0.0,0.545,0.0,0.0,0.0,0.0,0.0,-1.0,-2.17e-07,0.0,0.7092,0.2755,0.002746,0.0007408,0.006719,-1.0,0.01527,-7.134,-5.615,-5.711,-5.443
0.0152,0.01508,7.1,15.1183166504,2.6292223369,14.941,4.762,4.2343,2.74,1.0,0.0,0.545,0.0,0.0,0.0,0.0,0.0,-1.0,-2.1e-07,0.0,0.7092,0.2755,0.002746,0.0007408,0.006719,-1.0,0.01527,-7.134,-5.683,-5.776,-5.519
0.0152,0.01508,7.1,15.1185827255,2.6292224448,14.942,4.761,4.2257,2.706,1.0,0.0,0.545,0.0,0.0,0.0,0.0,0.0,-1.0,-2.06e-07,0.0,0.7092,0.2755,0.002746,0.0007408,0.006719,-1.0,0.01527,-7.133,-5.73,-5.821,-5.572
0.0152,0.01508,7.1,15.118850708,2.6292225535,14.942,4.761,4.2168,2.671,1.0,0.0,0.545,0.0,0.0,0.0,0.0,0.0,-1.0,-2e-07,0.0,0.7092,0.2755,0.002746,0.0007408,0.006719,-1.0,0.01527,-7.132,-5.779,-5.867,-5.626
0.0152,0.01508,7.1,15.1191205978,2.6292226629,14.942,4.76,4.2074,2.634,1.0,0.0,0.545,0.0,0.0,0.0,0.0,0.0,-1.0,-1.96e-07,0.0,0.7092,0.2755,0.002746,0.0007408,0.006719,-1.0,0.01527,-7.131,-5.83,-5.915,-5.683
0.0152,0.01508,7.1,15.1193914413,2.6292227727,14.942,4.76,4.1978,2.596,1.0,0.0,0.545,0.0,0.0,0.0,0.0,0.0,-1.0,-1.9e-07,0.0,0.7092,0.2755,0.002746,0.0007408,0.006719,-1.0,0.01527,-7.129,-5.882,-5.964,-5.741
0.0152,0.01508,7.1,15.1196651459,2.6292228837,14.942,4.758,4.1876,2.556,1.0,0.0,0.545,0.0,0.0,0.0,0.0,0.0,-1.0,-1.84e-07,0.0,0.7092,0.2755,0.002746,0.0007408,0.006719,-1.0,0.01527,-7.126,-5.937,-6.016,-5.803
0.0152,0.01508,7.1,15.1199388504,2.6292229946,14.943,4.757,4.177,2.515,1.0,0.0,0.545,0.0,0.0,0.0,0.0,0.0,-1.0,-1.78e-07,0.0,0.7092,0.2755,0.002746,0.0007408,0.006719,-1.0,0.01527,-7.123,-5.993,-6.069,-5.866
0.0152,0.01508,7.1,15.1202144623,2.6292231064,14.943,4.756,4.1658,2.472,1.0,0.0,0.545,0.0,0.0,0.0,0.0,0.0,-1.0,-1.73e-07,0.0,0.7092,0.2755,0.002746,0.0007408,0.006719,-1.0,0.01527,-7.119,-6.052,-6.123,-5.931
0.0152,0.01508,7.1,15.1204938889,2.6292232196,14.943,4.754,4.154,2.426,1.0,0.0,0.545,0.0,0.0,0.0,0.0,0.0,-1.0,-1.67e-07,0.0,0.7092,0.2755,0.002746,0.0007408,0.006719,-1.0,0.01527,-7.115,-6.112,-6.179,-6.0
0.0152,0.01508,7.1,15.1207733154,2.6292233329,14.943,4.752,4.1414,2.378,1.0,0.0,0.545,0.0,0.0,0.0,0.0,0.0,-1.0,-1.6e-07,0.0,0.7092,0.2755,0.002746,0.0007408,0.006719,-1.0,0.01527,-7.11,-6.175,-6.238,-6.073
0.0152,0.01508,7.1,15.1210536957,2.6292234465,14.943,4.75,4.1282,2.328,1.0,0.0,0.545,0.0,0.0,0.0,0.0,0.0,-1.0,-1.54e-07,0.0,0.7092,0.2755,0.002746,0.0007408,0.006719,-1.0,0.01527,-7.104,-6.244,-6.302,-6.148
0.0152,0.01508,7.1,15.121336937,2.6292235613,14.944,4.747,4.1141,2.274,1.0,0.0,0.545,0.0,0.0,0.0,0.0,0.0,-1.0,-2.35e-07,0.0,0.7092,0.2755,0.002746,0.0007408,0.006719,-1.0,0.01527,-7.097,-6.317,-6.372,-6.228
0.0152,0.01508,7.1,15.1214790344,2.6292236189,14.944,4.745,4.1066,2.246,1.0,0.0,0.545,0.0,0.0,0.0,0.0,0.0,-1.0,-2.28e-07,0.0,0.7092,0.2755,0.002746,0.0007408,0.006719,-1.0,0.01527,-7.094,-6.355,-6.407,-6.269
0.0152,0.01508,7.1,15.1216211319,2.6292236765,14.944,4.744,4.0989,2.216,1.0,0.0,0.545,0.0,0.0,0.0,0.0,0.0,-1.0,-2.21e-07,0.0,0.7092,0.2755,0.002746,0.0007408,0.006719,-1.0,0.01527,-7.09,-6.393,-6.443,-6.312
0.0152,0.01508,7.1,15.1217660904,2.6292237353,14.944,4.742,4.0908,2.186,1.0,0.0,0.545,0.0,0.0,0.0,0.0,0.0,-1.0,-2.43e-07,0.0,0.7092,0.2755,0.002746,0.0007408,0.006719,-1.0,0.01527,-7.086,-6.432,-6.48,-6.356
0.0152,0.01508,7.1,15.1219100952,2.6292237936,14.944,4.74,4.0825,2.154,1.0,0.0,0.545,0.0,0.0,0.0,0.0,0.0,-1.0,-3.96e-07,0.0,0.7092,0.2755,0.002746,0.0007408,0.006719,-1.0,0.01527,-7.081,-6.472,-6.517,-6.401
0.0152,0.01508,7.1,15.1220550537,2.6292238524,14.944,4.739,4.0737,2.121,1.0,0.0,0.545,0.0,0.0,0.0,0.0,0.0,-1.0,-3.85e-07,0.0,0.7092,0.2755,0.002746,0.0007408,0.006719,-1.0,0.01527,-7.076,-6.507,-6.546,-6.449
0.0152,0.01508,7.1,15.1222009659,2.6292239115,14.944,4.736,4.0646,2.086,1.0,0.0,0.545,0.0,0.0,0.0,0.0,0.0,-1.0,-3.72e-07,0.0,0.7092,0.2755,0.002746,0.0007408,0.006719,-1.0,0.01527,-7.071,-6.544,-6.578,-6.498
0.0152,0.01508,7.1,15.1223478317,2.629223971,14.944,4.734,4.055,2.05,1.0,0.0,0.545,0.0,0.0,0.0,0.0,0.0,-1.0,-3.61e-07,0.0,0.7092,0.2755,0.002746,0.0007408,0.006719,-1.0,0.01527,-7.066,-6.587,-6.618,-6.548
0.0152,0.01508,7.1,15.1224956512,2.6292240309,14.944,4.732,4.045,2.013,1.0,0.0,0.545,0.0,0.0,0.0,0.0,0.0,-1.0,-3.67e-07,0.0,0.7092,0.2755,0.002746,0.0007408,0.006719,-1.0,0.01527,-7.06,-6.632,-6.658,-6.599
0.0152,0.01508,7.1,15.1226444244,2.6292240912,14.944,4.729,4.0344,1.973,1.0,0.0,0.545,0.0,0.0,0.0,0.0,0.0,-1.0,-4.77e-07,0.0,0.7092,0.2755,0.002746,0.0007408,0.006719,-1.0,0.01527,-7.053,-6.678,-6.7,-6.652
0.0152,0.01508,7.1,15.1227970123,2.629224153,14.944,4.727,4.0233,1.931,1.0,0.0,0.545,0.0,0.0,0.0,0.0,0.0,-1.0,-6.06e-07,0.0,0.7092,0.2755,0.002746,0.0007408,0.006719,-1.0,0.01527,-7.046,-6.725,-6.743,-6.705
0.0152,0.01508,7.1,15.1229505539,2.6292242152,14.944,4.723,4.0113,1.886,1.0,0.0,0.545,0.0,0.0,0.0,0.0,0.0,-1.0,-5.82e-07,0.0,0.7092,0.2755,0.002746,0.0007408,0.006719,-1.0,0.01527,-7.038,-6.774,-6.788,-6.761
0.0152,0.01508,7.1,15.1231088638,2.6292242794,14.944,4.72,3.9985,1.839,1.0,0.0,0.545,0.0,0.0,0.0,0.0,0.0,-1.0,-5.57e-07,0.0,0.7092,0.2755,0.002746,0.0007408,0.006719,-1.0,0.01527,-7.03,-6.823,-6.834,-6.818
0.0152,0.01508,7.1,15.1232709885,2.6292243451,14.944,4.716,3.9846,1.787,1.0,0.0,0.545,0.0,0.0,0.0,0.0,0.0,-1.0,-5.33e-07,0.0,0.7092,0.2755,0.002746,0.0007408,0.006719,-1.0,0.01527,-7.02,-6.875,-6.88,-6.878
0.0152,0.01508,7.1,15.1234369278,2.6292244123,14.944,4.711,3.9693,1.731,1.0,0.0,0.545,0.0,0.0,0.0,0.0,0.0,-1.0,-6.09e-07,0.0,0.7092,0.2755,0.002746,0.0007408,0.006719,-1.0,0.01527,-7.008,-6.928,-6.928,-6.941
0.0152,0.01508,7.1,15.1236066818,2.6292244811,14.944,4.705,3.9529,1.671,1.0,0.0,0.545,0.0,0.0,0.0,0.0,0.0,-1.0,-6.96e-07,0.0,0.7092,0.2755,0.002746,0.0007408,0.006719,-1.0,0.01527,-6.994,-6.97,-6.958,-7.007
0.0152,0.01508,7.1,15.1237821579,2.6292245522,14.944,4.698,3.9344,1.604,1.0,0.0,0.545,0.0,0.0,0.0,0.0,0.0,-1.0,-8.13e-07,0.0,0.7092,0.2755,0.002746,0.0007408,0.006719,-1.0,0.01527,-6.976,-7.02,-6.999,-7.073
0.0152,0.01508,7.1,15.123963356,2.6292246256,14.944,4.689,3.9139,1.531,1.0,0.0,0.545,0.0,0.0,0.0,0.0,0.0,-1.0,-9.2e-07,0.0,0.7092,0.2755,0.002746,0.0007408,0.006719,-1.0,0.01527,-6.951,-7.06,-7.027,-7.133
0.0152,0.01508,7.1,15.1241569519,2.629224704,14.944,4.674,3.8899,1.45,1.0,0.0,0.545,0.0,0.0,0.0,0.0,0.0,-1.0,-8.79e-07,0.0,0.7092,0.2755,0.002746,0.0007408,0.006719,-1.0,0.01527,-6.916,-7.075,-7.021,-7.188
0.0152,0.01508,7.1,15.1243629456,2.6292247875,14.944,4.653,3.8639,1.367,1.0,0.0,0.545,0.0,0.0,0.0,0.0,0.0,-1.0,-7.71e-07,0.0,0.7092,0.2755,0.002746,0.0007408,0.006719,-1.0,0.01527,-6.863,-7.049,-6.959,-7.224
0.0152,0.01508,7.1,15.1245889664,2.629224879,14.944,4.629,3.8372,1.285,1.0,0.0,0.545,0.0,0.0,0.0,0.0,0.0,-1.0,-6.85e-07,0.0,0.7092,0.2755,0.002746,0.0007408,0.006719,-1.0,0.01527,-6.802,-6.997,-6.859,-7.249
0.0152,0.01508,7.1,15.1248455048,2.629224983,14.944,4.602,3.8074,1.192,1.0,0.0,0.545,0.0,0.0,0.0,0.0,0.0,-1.0,-5.95e-07,0.0,0.7092,0.2755,0.002746,0.0007408,0.006719,-1.0,0.01527,-6.735,-6.927,-6.722,-7.273
0.0152,0.01508,7.1,15.1251296997,2.6292250981,14.944,4.605,3.7787,1.074,1.0,0.0,0.544,0.0,0.0,0.0,0.0,0.0,-1.0,-5.08e-07,0.0,0.7092,0.2755,0.00274,0.0007418,0.006719,-1.0,0.01527,-6.743,-6.918,-6.637,-7.358
0.0152,0.01508,7.1,15.1254472733,2.6292252267,14.944,4.652,3.7462,0.897,1.0,0.0,0.518,0.0,0.0,0.0,0.0,0.0,-1.0,-5.84e-07,0.0,0.7038,0.2809,0.002543,0.001115,0.006546,-1.0,0.01529,-6.861,-6.995,-6.617,-7.538
0.0152,0.01508,7.1,15.1257867813,2.6292253642,14.944,4.733,3.7084,0.665,1.0,0.0,0.486,0.0,0.0,0.0,0.0,0.0,-1.0,-6.92e-07,0.0,0.6971,0.2876,0.002341,0.001502,0.006362,-1.0,0.01529,-7.062,-7.114,-6.633,-7.754
0.0152,0.01508,7.1,15.1259469986,2.6292254291,14.944,4.742,3.693,0.594,1.0,0.0,0.485,0.0,0.0,0.0,0.0,0.0,-1.0,-7.14e-07,0.0,0.6961,0.2886,0.002328,0.001541,0.006335,-1.0,0.0153,-7.086,-7.093,-6.572,-7.768
0.0152,0.01508,7.1,15.1260356903,2.629225465,14.944,4.744,3.6836,0.555,1.0,0.0,0.484,0.0,0.0,0.0,0.0,0.0,-1.0,-7.14e-07,0.0,0.6956,0.2891,0.002322,0.00156,0.006322,-1.0,0.01531,-7.091,-7.069,-6.523,-7.763
0.0152,0.01508,7.1,15.1261367798,2.629225506,14.944,4.746,3.6728,0.51,1.0,0.0,0.484,0.0,0.0,0.0,0.0,0.0,-1.0,-7.13e-07,0.0,0.695,0.2896,0.002314,0.001581,0.006307,-1.0,0.01531,-7.096,-7.04,-6.466,-7.756
0.0152,0.01508,7.1,15.126250267,2.6292255519,14.944,4.741,3.6613,0.469,1.0,0.0,0.484,0.0,0.0,0.0,0.0,0.0,-1.0,-6.83e-07,0.0,0.6949,0.2898,0.002313,0.001587,0.006303,-1.0,0.01531,-7.083,-6.985,-6.378,-7.726
0.0152,0.01508,7.1,15.1263742447,2.6292256021,14.944,4.733,3.6491,0.427,1.0,0.0,0.483,0.0,0.0,0.0,0.0,0.0,-1.0,-6.46e-07,0.0,0.6948,0.2899,0.002312,0.00159,0.006301,-1.0,0.01531,-7.064,-6.909,-6.264,-7.679
0.0152,0.01508,7.1,15.1265144348,2.6292256589,14.944,4.719,3.6373,0.394,1.0,0.0,0.483,0.0,0.0,0.0,0.0,0.0,-1.0,-5.96e-07,0.0,0.6947,0.29,0.002311,0.001594,0.006299,-1.0,0.01531,-7.028,-6.813,-6.127,-7.61
0.0152,0.01508,7.1,15.1266708374,2.6292257223,14.944,4.702,3.6243,0.36,1.0,0.0,0.483,0.0,0.0,0.0,0.0,0.0,-1.0,-5.39e-07,0.0,0.6947,0.29,0.00231,0.001595,0.006298,-1.0,0.01531,-6.984,-6.695,-5.96,-7.525
0.0152,0.01508,7.1,15.126991272,2.629225852,14.944,4.68,3.6022,0.293,1.0,0.0,0.482,0.0,0.0,0.0,0.0,0.0,-1.0,-4.54e-07,0.0,0.6947,0.29,0.002302,0.001601,0.006298,-1.0,0.01531,-6.93,-6.495,-5.663,-7.387
