Zini,MH,logAge,Mini,int_IMF,Mass,LogL,LogTe,logg,label,McoreTP,C_O,period0,period1,period2,period3,period4,pmode,Mloss,tau1m,X,Y,Xc,Xn,Xo,Cexcess,Z,mbolmag,Gmag,G_BPmag,G_RPmag
0.0152,0.01508,8.3,0.0900000036,1.0816895926,0.09,-2.985,3.3921,4.898,0.0,0.0,0.545,0.0,0.0,0.0,0.0,0.0,-1.0,-1.56e-16,0.0,0.7092,0.2755,0.002746,0.0007408,0.006719,-1.0,0.01527,12.232,14.278,17.093,12.797
0.0152,0.01508,8.3,0.0900000036,1.0816895926,0.09,-2.985,3.3921,4.898,0.0,0.0,0.545,0.0,0.0,0.0,0.0,0.0,-1.0,-1.56e-16,0.0,0.7092,0.2755,0.002746,0.0007408,0.006719,-1.0,0.01527,12.232,14.278,17.093,12.797
0.0152,0.01508,8.3,0.094367981,1.1222600083,0.094,-2.946,3.3983,4.904,0.0,0.0,0.545,0.0,0.0,0.0,0.0,0.0,-1.0,-1.66e-16,0.0,0.7092,0.2755,0.002746,0.0007408,0.006719,-1.0,0.01527,12.135,14.181,16.998,12.7
0.0152,0.01508,8.3,0.1000000015,1.1711064122,0.1,-2.895,3.4065,4.911,0.0,0.0,0.545,0.0,0.0,0.0,0.0,0.0,-1.0,-1.79e-16,0.0,0.7092,0.2755,0.002746,0.0007408,0.006719,-1.0,0.01527,12.008,14.054,16.873,12.573
0.0152,0.01508,8.3,0.1037606224,1.201773722,0.104,-2.867,3.4107,4.915,0.0,0.0,0.545,0.0,0.0,0.0,0.0,0.0,-1.0,-1.87e-16,0.0,0.7092,0.2755,0.002746,0.0007408,0.006719,-1.0,0.01527,11.937,13.982,16.803,12.501
0.0152,0.01508,8.3,0.1135100573,1.2749740268,0.113,-2.791,3.4221,4.925,0.0,0.0,0.545,0.0,0.0,0.0,0.0,0.0,-1.0,-2.1e-16,0.0,0.7092,0.2755,0.002746,0.0007408,0.006719,-1.0,0.01527,11.748,13.725,16.457,12.26
0.0152,0.01508,8.3,0.1200000122,1.3193155232,0.12,-2.742,3.43,4.931,0.0,0.0,0.545,0.0,0.0,0.0,0.0,0.0,-1.0,-2.28e-16,0.0,0.7092,0.2755,0.002746,0.0007408,0.006719,-1.0,0.01527,11.625,13.485,16.062,12.047
0.0152,0.01508,8.3,0.1318851262,1.3929567661,0.132,-2.671,3.4387,4.936,0.0,0.0,0.545,0.0,0.0,0.0,0.0,0.0,-1.0,-2.54e-16,0.0,0.7092,0.2755,0.002746,0.0007408,0.006719,-1.0,0.01527,11.448,13.194,15.631,11.782
0.0152,0.01508,8.3,0.1400000006,1.4384526719,0.14,-2.625,3.4446,4.939,0.0,0.0,0.545,0.0,0.0,0.0,0.0,0.0,-1.0,-2.73e-16,0.0,0.7092,0.2755,0.002746,0.0007408,0.006719,-1.0,0.01527,11.333,13.004,15.349,11.61
0.0152,0.01508,8.3,0.1429109424,1.4539447793,0.143,-2.61,3.4464,4.94,0.0,0.0,0.545,0.0,0.0,0.0,0.0,0.0,-1.0,-2.8e-16,0.0,0.7092,0.2755,0.002746,0.0007408,0.006719,-1.0,0.01527,11.295,12.944,15.26,11.555
0.0152,0.01508,8.3,0.1599999964,1.5372931554,0.16,-2.524,3.4563,4.943,0.0,0.0,0.545,0.0,0.0,0.0,0.0,0.0,-1.0,-3.21e-16,0.0,0.7092,0.2755,0.002746,0.0007408,0.006719,-1.0,0.01527,11.08,12.602,14.756,11.247
0.0152,0.01508,8.3,0.1937723458,1.6723136234,0.194,-2.381,3.4715,4.944,0.0,0.0,0.545,0.0,0.0,0.0,0.0,0.0,-1.0,-4.03e-16,0.0,0.7092,0.2755,0.002746,0.0007408,0.006719,-1.0,0.01527,10.723,12.07,13.998,10.764
0.0152,0.01508,8.3,0.200000003,1.6938790862,0.2,-2.357,3.4741,4.945,0.0,0.0,0.545,0.0,0.0,0.0,0.0,0.0,-1.0,-4.19e-16,0.0,0.7092,0.2755,0.002746,0.0007408,0.006719,-1.0,0.01527,10.663,11.982,13.875,10.685
0.0152,0.01508,8.3,0.2034367919,1.7054098781,0.203,-2.345,3.4753,4.945,0.0,0.0,0.545,0.0,0.0,0.0,0.0,0.0,-1.0,-4.27e-16,0.0,0.7092,0.2755,0.002746,0.0007408,0.006719,-1.0,0.01527,10.632,11.938,13.813,10.644
0.0152,0.01508,8.3,0.2332564145,1.7958753439,0.233,-2.237,3.4853,4.936,0.0,0.0,0.545,0.0,0.0,0.0,0.0,0.0,-1.0,-5.16e-16,0.0,0.7091,0.2756,0.002746,0.0007408,0.006719,-1.0,0.01527,10.364,11.561,13.299,10.302
0.0152,0.01508,8.3,0.25,1.8403257998,0.25,-2.18,3.4903,4.93,0.0,0.0,0.545,0.0,0.0,0.0,0.0,0.0,-1.0,-5.73e-16,0.0,0.7091,0.2756,0.002746,0.0007408,0.006719,-1.0,0.01527,10.221,11.364,13.033,10.124
0.0152,0.01508,8.3,0.3000000119,1.9529139769,0.3,-2.035,3.502,4.91,0.0,0.0,0.545,0.0,0.0,0.0,0.0,0.0,-1.0,-7.47e-16,0.0,0.7092,0.2755,0.002746,0.0007408,0.006719,-1.0,0.01527,9.859,10.898,12.44,9.694
0.0152,0.01508,8.3,0.3500000238,2.0434175133,0.35,-1.893,3.5131,4.88,0.0,0.0,0.545,0.0,0.0,0.0,0.0,0.0,-1.0,-9.97e-16,0.0,0.7092,0.2755,0.002746,0.0007408,0.006719,-1.0,0.01527,9.503,10.45,11.884,9.281
0.0152,0.01508,8.3,0.4000000358,2.118502481,0.4,-1.75,3.5252,4.843,0.0,0.0,0.545,0.0,0.0,0.0,0.0,0.0,-1.0,-1.35e-15,0.0,0.7092,0.2755,0.002746,0.0007408,0.006719,-1.0,0.01527,9.145,10.002,11.332,8.869
0.0152,0.01508,8.3,0.4500000477,2.1822809714,0.45,-1.601,3.5396,4.803,0.0,0.0,0.545,0.0,0.0,0.0,0.0,0.0,-1.0,-1.87e-15,0.0,0.7092,0.2755,0.002746,0.0007408,0.006719,-1.0,0.01527,8.773,9.533,10.757,8.441
0.0152,0.01508,8.3,0.5,2.2374541529,0.5,-1.448,3.5564,4.763,0.0,0.0,0.545,0.0,0.0,0.0,0.0,0.0,-1.0,-2.65e-15,0.0,0.7092,0.2755,0.002746,0.0007408,0.006719,-1.0,0.01527,8.391,9.046,10.16,8.001
0.0152,0.01508,8.3,0.5207182169,2.2578383673,0.521,-1.383,3.5641,4.746,0.0,0.0,0.545,0.0,0.0,0.0,0.0,0.0,-1.0,-3.07e-15,0.0,0.7093,0.2754,0.002745,0.0007406,0.006717,-1.0,0.01527,8.228,8.836,9.903,7.814
0.0152,0.01508,8.3,0.5500000119,2.2836582633,0.55,-1.301,3.5743,4.728,0.0,0.0,0.545,0.0,0.0,0.0,0.0,0.0,-1.0,-3.69e-15,0.0,0.7095,0.2752,0.002743,0.0007399,0.006711,-1.0,0.01523,8.022,8.568,9.573,7.576
0.0152,0.01508,8.3,0.5556508303,2.2882821054,0.555,-1.285,3.5765,4.726,0.0,0.0,0.545,0.0,0.0,0.0,0.0,0.0,-1.0,-3.81e-15,0.0,0.7095,0.2752,0.002743,0.0007399,0.006711,-1.0,0.01522,7.983,8.516,9.51,7.53
0.0152,0.01508,8.3,0.5776257515,2.3052786264,0.577,-1.227,3.5841,4.715,0.0,0.0,0.545,0.0,0.0,0.0,0.0,0.0,-1.0,-4.32e-15,0.0,0.7096,0.2752,0.002742,0.0007398,0.00671,-1.0,0.0152,7.837,8.327,9.281,7.363
0.0152,0.01508,8.3,0.6000000238,2.3211213258,0.6,-1.157,3.5941,4.701,0.0,0.0,0.545,0.0,0.0,0.0,0.0,0.0,-1.0,-5.06e-15,0.0,0.7096,0.2752,0.002742,0.0007398,0.00671,-1.0,0.01519,7.662,8.099,9.003,7.163
0.0152,0.01508,8.3,0.6366990805,2.344355664,0.637,-1.04,3.6136,4.688,0.0,0.0,0.545,0.0,0.0,0.0,0.0,0.0,-1.0,-6.52e-15,0.0,0.7096,0.2751,0.002742,0.0007397,0.006709,-1.0,0.01525,7.37,7.713,8.529,6.827
0.0152,0.01508,8.3,0.6499999762,2.3520353107,0.65,-0.999,3.6203,4.684,0.0,0.0,0.545,0.0,0.0,0.0,0.0,0.0,-1.0,-7.12e-15,0.0,0.7096,0.2751,0.002742,0.0007397,0.006708,-1.0,0.01527,7.268,7.579,8.367,6.712
0.0152,0.01508,8.3,0.7000000477,2.3779267258,0.7,-0.847,3.6473,4.671,0.0,0.0,0.545,0.0,0.0,0.0,0.0,0.0,-1.0,-9.91e-15,0.0,0.7097,0.275,0.002741,0.0007394,0.006707,-1.0,0.01524,6.887,7.068,7.737,6.279
0.0152,0.01508,8.3,0.7145710588,2.3846923783,0.715,-0.804,3.6552,4.668,0.0,0.0,0.543,0.0,0.0,0.0,0.0,0.0,-1.0,-1.09e-14,0.0,0.7098,0.275,0.00273,0.000739,0.006706,-1.0,0.01523,6.779,6.923,7.558,6.157
0.0152,0.01508,8.3,0.7422444224,2.3967047421,0.742,-0.724,3.6697,4.663,0.0,0.0,0.539,0.0,0.0,0.0,0.0,0.0,-1.0,-1.28e-14,0.0,0.7099,0.2748,0.002708,0.0007382,0.006704,-1.0,0.01526,6.579,6.661,7.241,5.936
0.0152,0.01508,8.3,0.75,2.3998889087,0.75,-0.702,3.6741,4.664,0.0,0.0,0.538,0.0,0.0,0.0,0.0,0.0,-1.0,-1.34e-14,0.0,0.7098,0.2749,0.002704,0.0007383,0.006706,-1.0,0.01526,6.525,6.59,7.155,5.877
0.0152,0.01508,8.3,0.8000000119,2.4187244405,0.8,-0.573,3.694,4.642,0.0,0.0,0.538,0.0,0.0,0.0,0.0,0.0,-1.0,-1.79e-14,0.0,0.7099,0.2749,0.002703,0.0007381,0.006704,-1.0,0.01526,6.204,6.202,6.704,5.54
0.0152,0.01508,8.3,0.8500000238,2.435034684,0.85,-0.452,3.7127,4.622,0.0,0.0,0.538,0.0,0.0,0.0,0.0,0.0,-1.0,-2.36e-14,0.0,0.71,0.2748,0.002702,0.0007379,0.006703,-1.0,0.01519,5.899,5.848,6.299,5.232
0.0152,0.01508,8.3,0.9000000358,2.4492786175,0.899,-0.337,3.7297,4.599,0.0,0.0,0.538,0.0,0.0,0.0,0.0,0.0,-1.0,-3.06e-14,0.0,0.7101,0.2746,0.002701,0.0007376,0.0067,-1.0,0.01524,5.611,5.527,5.937,4.949
0.0152,0.01508,8.3,0.9500000477,2.4618122009,0.95,-0.227,3.7448,4.574,0.0,0.0,0.538,0.0,0.0,0.0,0.0,0.0,-1.0,-3.95e-14,0.0,0.7103,0.2744,0.0027,0.0007372,0.006696,-1.0,0.01523,5.338,5.231,5.606,4.688
0.0152,0.01508,8.3,1.0,2.4729154477,1.0,-0.118,3.7588,4.544,0.0,0.0,0.538,0.0,0.0,0.0,0.0,0.0,-1.0,-5.11e-14,0.0,0.7106,0.2742,0.002698,0.0007367,0.006691,-1.0,0.01522,5.066,4.947,5.289,4.437
0.0152,0.01508,8.3,1.0499999523,2.482811486,1.05,-0.015,3.7714,4.512,0.0,0.0,0.538,0.0,0.0,0.0,0.0,0.0,-1.0,-6.1e-14,0.0,0.7109,0.2739,0.002695,0.0007359,0.006685,-1.0,0.01518,4.808,4.683,4.996,4.202
0.0152,0.01508,8.3,1.1000000238,2.491680148,1.099,0.083,3.783,4.48,0.0,0.0,0.538,0.0,0.0,0.0,0.0,0.0,-1.0,-7.15e-14,0.0,0.7115,0.2733,0.00269,0.0007347,0.006673,-1.0,0.01521,4.561,4.433,4.721,3.981
0.0152,0.01508,8.3,1.1499999762,2.4996678137,1.149,0.177,3.7934,4.447,0.0,0.0,0.537,0.0,0.0,0.0,0.0,0.0,-1.0,-8.26e-14,0.0,0.7123,0.2726,0.002684,0.000733,0.006658,-1.0,0.01509,4.328,4.199,4.465,3.773
0.0152,0.01508,8.3,1.2000000477,2.5068948796,1.2,0.268,3.8033,4.415,0.0,0.0,0.537,0.0,0.0,0.0,0.0,0.0,-1.0,-9.38e-14,0.0,0.7124,0.2725,0.002685,0.0007331,0.00666,-1.0,0.01513,4.101,3.974,4.22,3.572
0.0152,0.01508,8.3,1.25,2.5134610955,1.25,0.354,3.8129,4.385,1.0,0.0,0.537,0.0,0.0,0.0,0.0,0.0,-1.0,-1.05e-13,0.0,0.7124,0.2724,0.002684,0.0007331,0.00666,-1.0,0.01512,3.886,3.761,3.989,3.382
0.0152,0.01508,8.3,1.2999999523,2.5194498592,1.3,0.435,3.822,4.357,1.0,0.0,0.537,0.0,0.0,0.0,0.0,0.0,-1.0,-1.14e-13,0.0,0.7125,0.2723,0.002684,0.0007329,0.006658,-1.0,0.01513,3.682,3.559,3.77,3.201
0.0152,0.01508,8.3,1.3500001431,2.5249313723,1.35,0.512,3.8314,4.334,1.0,0.0,0.537,0.0,0.0,0.0,0.0,0.0,-1.0,-1.2e-13,0.0,0.7125,0.2724,0.002684,0.000733,0.006659,-1.0,0.0151,3.49,3.368,3.564,3.032
0.0152,0.01508,8.3,1.4000000954,2.5299650415,1.4,0.585,3.841,4.315,1.0,0.0,0.537,0.0,0.0,0.0,0.0,0.0,-1.0,-1.22e-13,0.0,0.7125,0.2724,0.002684,0.000733,0.006659,-1.0,0.0151,3.307,3.188,3.368,2.874
0.0152,0.01508,8.3,1.4500000477,2.5346015836,1.45,0.655,3.8515,4.303,1.0,0.0,0.537,0.0,0.0,0.0,0.0,0.0,-1.0,-1.19e-13,0.0,0.7126,0.2723,0.002683,0.0007328,0.006657,-1.0,0.01514,3.134,3.019,3.182,2.73
0.0152,0.01508,8.3,1.5,2.5388844597,1.5,0.722,3.8636,4.299,1.0,0.0,0.537,0.0,0.0,0.0,0.0,0.0,-1.0,-1.09e-13,0.0,0.7127,0.2722,0.002682,0.0007326,0.006655,-1.0,0.01515,2.966,2.857,3.001,2.598
0.0152,0.01508,8.3,1.5499999523,2.5428511323,1.55,0.786,3.8769,4.302,1.0,0.0,0.537,0.0,0.0,0.0,0.0,0.0,-1.0,-9.32e-14,0.0,0.7128,0.272,0.002681,0.0007323,0.006653,-1.0,0.01514,2.805,2.704,2.829,2.477
0.0152,0.01508,8.3,1.6000000238,2.5465340628,1.6,0.848,3.8899,4.306,1.0,0.0,0.537,0.0,0.0,0.0,0.0,0.0,-1.0,-7.02e-14,0.0,0.713,0.2719,0.00268,0.0007321,0.006651,-1.0,0.01513,2.651,2.56,2.665,2.365
0.0152,0.01508,8.3,1.6381438971,2.5491705072,1.638,0.893,3.8994,4.309,1.0,0.0,0.537,0.0,0.0,0.0,0.0,0.0,-1.0,-4.51e-14,0.0,0.713,0.2719,0.00268,0.000732,0.00665,-1.0,0.01511,2.538,2.456,2.548,2.285
0.0152,0.01508,8.3,1.6500000954,2.5499614852,1.649,0.907,3.9022,4.309,1.0,0.0,0.537,0.0,0.0,0.0,0.0,0.0,-1.0,-3.94e-14,0.0,0.713,0.2719,0.00268,0.0007319,0.006649,-1.0,0.01511,2.503,2.425,2.513,2.261
0.0152,0.01508,8.3,1.7000000477,2.5531580802,1.699,0.964,3.9137,4.312,1.0,0.0,0.537,0.0,0.0,0.0,0.0,0.0,-1.0,-9.999999999999999e-31,0.0,0.7131,0.2718,0.002679,0.0007318,0.006648,-1.0,0.01511,2.361,2.298,2.37,2.164
0.0152,0.01508,8.3,1.75,2.5561455243,1.749,1.018,3.9243,4.312,1.0,0.0,0.537,0.0,0.0,0.0,0.0,0.0,-1.0,-9.999999999999999e-31,0.0,0.7132,0.2717,0.002678,0.0007316,0.006647,-1.0,0.01509,2.225,2.179,2.237,2.071
0.0152,0.01508,8.3,1.7999999523,2.5589429085,1.799,1.071,3.9341,4.311,1.0,0.0,0.537,0.0,0.0,0.0,0.0,0.0,-1.0,-9.999999999999999e-31,0.0,0.7132,0.2716,0.002678,0.0007314,0.006645,-1.0,0.01513,2.094,2.068,2.113,1.984
0.0152,0.01508,8.3,1.8466815948,2.5613980123,1.845,1.118,3.9426,4.309,1.0,0.0,0.537,0.0,0.0,0.0,0.0,0.0,-1.0,-9.999999999999999e-31,0.0,0.7133,0.2716,0.002678,0.0007314,0.006644,-1.0,0.01512,1.976,1.972,2.007,1.905
0.0152,0.01508,8.3,1.8500000238,2.5615671203,1.849,1.121,3.9432,4.309,1.0,0.0,0.537,0.0,0.0,0.0,0.0,0.0,-1.0,-9.999999999999999e-31,0.0,0.7133,0.2716,0.002678,0.0007313,0.006644,-1.0,0.01511,1.968,1.965,2.0,1.9
0.0152,0.01508,8.3,1.9000000954,2.5640331317,1.899,1.17,3.9517,4.305,1.0,0.0,0.537,0.0,0.0,0.0,0.0,0.0,-1.0,-9.999999999999999e-31,0.0,0.7133,0.2716,0.002678,0.0007313,0.006643,-1.0,0.0151,1.845,1.867,1.893,1.818
0.0152,0.01508,8.3,1.9500001669,2.5663542767,1.95,1.218,3.9596,4.301,1.0,0.0,0.537,0.0,0.0,0.0,0.0,0.0,-1.0,-9.999999999999999e-31,0.0,0.7134,0.2715,0.002677,0.0007312,0.006642,-1.0,0.0151,1.726,1.774,1.793,1.739
0.0152,0.01508,8.3,1.9570971727,2.5666727045,1.957,1.224,3.9607,4.3,1.0,0.0,0.537,0.0,0.0,0.0,0.0,0.0,-1.0,-9.999999999999999e-31,0.0,0.7134,0.2715,0.002677,0.0007312,0.006642,-1.0,0.01509,1.71,1.761,1.779,1.728
0.0152,0.01508,8.3,2.0,2.5685424513,2.0,1.264,3.9671,4.295,1.0,0.0,0.537,0.0,0.0,0.0,0.0,0.0,-1.0,-9.999999999999999e-31,0.0,0.7134,0.2715,0.002677,0.0007311,0.006642,-1.0,0.01508,1.61,1.685,1.698,1.662
0.0152,0.01508,8.3,2.0499999523,2.5706083333,2.05,1.309,3.9744,4.29,1.0,0.0,0.537,0.0,0.0,0.0,0.0,0.0,-1.0,-9.999999999999999e-31,0.0,0.7134,0.2714,0.002677,0.000731,0.006641,-1.0,0.01511,1.496,1.6,1.607,1.587
0.0152,0.01508,8.3,2.0999999046,2.5725614918,2.099,1.354,3.9813,4.283,1.0,0.0,0.537,0.0,0.0,0.0,0.0,0.0,-1.0,-9.999999999999999e-31,0.0,0.7135,0.2714,0.002677,0.000731,0.006641,-1.0,0.01508,1.385,1.517,1.519,1.514
0.0152,0.01508,8.3,2.1232478619,2.5734336858,2.122,1.374,3.9844,4.28,1.0,0.0,0.537,0.0,0.0,0.0,0.0,0.0,-1.0,-9.999999999999999e-31,0.0,0.7135,0.2714,0.002676,0.000731,0.00664,-1.0,0.01507,1.334,1.479,1.48,1.48
0.0152,0.01508,8.3,2.1500000954,2.5744105556,2.149,1.397,3.9879,4.276,1.0,0.0,0.537,0.0,0.0,0.0,0.0,0.0,-1.0,-9.999999999999999e-31,0.0,0.7135,0.2714,0.002676,0.0007309,0.00664,-1.0,0.01507,1.276,1.437,1.434,1.442
0.0152,0.01508,8.3,2.2000000477,2.5761632879,2.199,1.44,3.9943,4.269,1.0,0.0,0.537,0.0,0.0,0.0,0.0,0.0,-1.0,-9.999999999999999e-31,0.0,0.7135,0.2714,0.002676,0.0007309,0.00664,-1.0,0.0151,1.169,1.358,1.352,1.371
0.0152,0.01508,8.3,2.25,2.5778267375,2.249,1.482,4.0005,4.262,1.0,0.0,0.537,0.0,0.0,0.0,0.0,0.0,-1.0,-9.999999999999999e-31,0.0,0.7135,0.2714,0.002676,0.0007309,0.006639,-1.0,0.01514,1.065,1.281,1.271,1.301
0.0152,0.01508,8.3,2.2999999523,2.5794072884,2.299,1.523,4.0064,4.254,1.0,0.0,0.537,0.0,0.0,0.0,0.0,0.0,-1.0,-9.999999999999999e-31,0.0,0.7136,0.2714,0.002676,0.0007309,0.006639,-1.0,0.01507,0.962,1.206,1.192,1.232
0.0152,0.01508,8.3,2.3972649574,2.5822658485,2.396,1.602,4.0173,4.237,1.0,0.0,0.537,0.0,0.0,0.0,0.0,0.0,-1.0,-9.999999999999999e-31,0.0,0.7136,0.2713,0.002676,0.0007308,0.006639,-1.0,0.01508,0.766,1.061,1.042,1.098
0.0152,0.01508,8.3,2.4000000954,2.5823423892,2.399,1.604,4.0176,4.237,1.0,0.0,0.537,0.0,0.0,0.0,0.0,0.0,-1.0,-9.999999999999999e-31,0.0,0.7136,0.2713,0.002676,0.0007308,0.006639,-1.0,0.01507,0.76,1.057,1.038,1.094
0.0152,0.01508,8.3,2.5088946819,2.5852344864,2.508,1.689,4.0291,4.217,1.0,0.0,0.538,0.0,0.0,0.0,0.0,0.0,-1.0,-9.999999999999999e-31,0.0,0.7114,0.2735,0.002693,0.0007354,0.00668,-1.0,0.01517,0.548,0.9,0.875,0.947
0.0152,0.01508,8.3,2.5999999046,2.5874412955,2.6,1.759,4.0381,4.198,1.0,0.0,0.538,0.0,0.0,0.0,0.0,0.0,-1.0,-9.999999999999999e-31,0.0,0.7092,0.2755,0.00271,0.0007399,0.00672,-1.0,0.01527,0.373,0.769,0.741,0.823
0.0152,0.01508,8.3,2.636310339,2.5882720989,2.636,1.786,4.0414,4.191,1.0,0.0,0.538,0.0,0.0,0.0,0.0,0.0,-1.0,-9.999999999999999e-31,0.0,0.7092,0.2755,0.00271,0.0007399,0.00672,-1.0,0.01527,0.305,0.717,0.688,0.774
0.0152,0.01508,8.3,2.7474215031,2.5906582537,2.748,1.869,4.0509,4.164,1.0,0.0,0.538,0.0,0.0,0.0,0.0,0.0,-1.0,-9.999999999999999e-31,0.0,0.7092,0.2755,0.00271,0.0007399,0.00672,-1.0,0.01527,0.099,0.559,0.525,0.622
0.0152,0.01508,8.3,2.8000001907,2.5917117867,2.8,1.907,4.0552,4.151,1.0,0.0,0.538,0.0,0.0,0.0,0.0,0.0,-1.0,-9.999999999999999e-31,0.0,0.7092,0.2755,0.00271,0.0007399,0.00672,-1.0,0.01527,0.003,0.484,0.448,0.55
0.0152,0.01508,8.3,2.8092331886,2.5918921154,2.81,1.914,4.0559,4.149,1.0,0.0,0.538,0.0,0.0,0.0,0.0,0.0,-1.0,-9.999999999999999e-31,0.0,0.7092,0.2755,0.00271,0.0007399,0.00672,-1.0,0.01527,-0.014,0.471,0.435,0.538
0.0152,0.01508,8.3,2.9136471748,2.5938402842,2.914,1.989,4.0635,4.12,1.0,0.0,0.538,0.0,0.0,0.0,0.0,0.0,-1.0,-9.999999999999999e-31,0.0,0.7092,0.2755,0.00271,0.0007399,0.00672,-1.0,0.01527,-0.202,0.321,0.282,0.393
0.0152,0.01508,8.3,2.9984097481,2.5953075778,2.999,2.05,4.0689,4.092,1.0,0.0,0.538,0.0,0.0,0.0,0.0,0.0,-1.0,-9.999999999999999e-31,0.0,0.7092,0.2755,0.00271,0.0007399,0.00672,-1.0,0.01527,-0.356,0.195,0.154,0.27
0.0152,0.01508,8.3,3.0,2.5953341962,3.0,2.051,4.069,4.092,1.0,0.0,0.538,0.0,0.0,0.0,0.0,0.0,-1.0,-9.999999999999999e-31,0.0,0.7092,0.2755,0.00271,0.0007399,0.00672,-1.0,0.01527,-0.359,0.192,0.152,0.268
0.0152,0.01508,8.3,3.0840375423,2.5966960659,3.084,2.112,4.0735,4.062,1.0,0.0,0.538,0.0,0.0,0.0,0.0,0.0,-1.0,-9.999999999999999e-31,0.0,0.7092,0.2755,0.00271,0.0007399,0.00672,-1.0,0.01527,-0.509,0.065,0.023,0.144
0.0152,0.01508,8.3,3.1538450718,2.5977640979,3.153,2.161,4.0767,4.035,1.0,0.0,0.538,0.0,0.0,0.0,0.0,0.0,-1.0,-9.999999999999999e-31,0.0,0.7092,0.2755,0.00271,0.0007399,0.00672,-1.0,0.01527,-0.633,-0.043,-0.086,0.038
0.0152,0.01508,8.3,3.2000000477,2.5984409005,3.199,2.194,4.0785,4.015,1.0,0.0,0.538,0.0,0.0,0.0,0.0,0.0,-1.0,-9.999999999999999e-31,0.0,0.7092,0.2755,0.00271,0.0007399,0.00672,-1.0,0.01527,-0.715,-0.116,-0.16,-0.034
0.0152,0.01508,8.3,3.2135190964,2.5986349112,3.213,2.203,4.079,4.01,1.0,0.0,0.538,0.0,0.0,0.0,0.0,0.0,-1.0,-9.999999999999999e-31,0.0,0.7092,0.2755,0.00271,0.0007399,0.00672,-1.0,0.01527,-0.738,-0.137,-0.181,-0.055
0.0152,0.01508,8.3,3.2743127346,2.5994846317,3.273,2.247,4.0804,3.98,1.0,0.0,0.538,0.0,0.0,0.0,0.0,0.0,-1.0,-9.999999999999999e-31,0.0,0.7092,0.2755,0.00271,0.0007399,0.00672,-1.0,0.01527,-0.846,-0.238,-0.283,-0.155
0.0152,0.01508,8.3,3.3535242081,2.6005388004,3.352,2.303,4.081,3.936,1.0,0.0,0.538,0.0,0.0,0.0,0.0,0.0,-1.0,-9.999999999999999e-31,0.0,0.7092,0.2755,0.00271,0.0007399,0.00672,-1.0,0.01527,-0.988,-0.377,-0.423,-0.294
0.0152,0.01508,8.3,3.4000000954,2.6011310876,3.398,2.337,4.0809,3.908,1.0,0.0,0.538,0.0,0.0,0.0,0.0,0.0,-1.0,-9.999999999999999e-31,0.0,0.7092,0.2755,0.00271,0.0007399,0.00672,-1.0,0.01527,-1.072,-0.462,-0.507,-0.379
0.0152,0.01508,8.3,3.4008030891,2.6011411575,3.399,2.337,4.0809,3.908,1.0,0.0,0.538,0.0,0.0,0.0,0.0,0.0,-1.0,-9.999999999999999e-31,0.0,0.7092,0.2755,0.00271,0.0007399,0.00672,-1.0,0.01527,-1.074,-0.464,-0.509,-0.381
0.0152,0.01508,8.3,3.4627654552,2.6019020207,3.461,2.382,4.0798,3.866,1.0,0.0,0.538,0.0,0.0,0.0,0.0,0.0,-1.0,-9.999999999999999e-31,0.0,0.7092,0.2755,0.00271,0.0007399,0.00672,-1.0,0.01527,-1.185,-0.582,-0.627,-0.499
0.0152,0.01508,8.3,3.5142436028,2.6025107331,3.512,2.42,4.0773,3.825,1.0,0.0,0.538,0.0,0.0,0.0,0.0,0.0,-1.0,-9.999999999999999e-31,0.0,0.7092,0.2755,0.00271,0.0007399,0.00672,-1.0,0.01527,-1.279,-0.689,-0.733,-0.608
0.0152,0.01508,8.3,3.5768942833,2.6032244415,3.574,2.466,4.0728,3.768,1.0,0.0,0.538,0.0,0.0,0.0,0.0,0.0,-1.0,-9.999999999999999e-31,0.0,0.7092,0.2755,0.00271,0.0007399,0.00672,-1.0,0.01527,-1.394,-0.829,-0.872,-0.751
0.0152,0.01508,8.3,3.6000001431,2.6034804607,3.598,2.483,4.0704,3.745,1.0,0.0,0.538,0.0,0.0,0.0,0.0,0.0,-1.0,-9.999999999999999e-31,0.0,0.7092,0.2755,0.00271,0.0007399,0.00672,-1.0,0.01527,-1.437,-0.884,-0.926,-0.808
0.0152,0.01508,8.3,3.62981987,2.6038053373,3.628,2.505,4.0672,3.714,1.0,0.0,0.538,0.0,0.0,0.0,0.0,0.0,-1.0,-9.999999999999999e-31,0.0,0.7092,0.2755,0.00271,0.0007399,0.00672,-1.0,0.01527,-1.491,-0.955,-0.996,-0.881
0.0152,0.01508,8.3,3.6709039211,2.6042430084,3.669,2.535,4.0609,3.663,1.0,0.0,0.538,0.0,0.0,0.0,0.0,0.0,-1.0,-9.999999999999999e-31,0.0,0.7092,0.2755,0.00271,0.0007399,0.00672,-1.0,0.01527,-1.567,-1.064,-1.103,-0.993
0.0152,0.01508,8.3,3.707572937,2.6046242393,3.705,2.562,4.054,3.612,1.0,0.0,0.538,0.0,0.0,0.0,0.0,0.0,-1.0,-9.999999999999999e-31,0.0,0.7092,0.2755,0.00271,0.0007399,0.00672,-1.0,0.01527,-1.636,-1.168,-1.205,-1.102
0.0152,0.01508,8.3,3.7415003777,2.6049693243,3.739,2.588,4.0466,3.561,1.0,0.0,0.538,0.0,0.0,0.0,0.0,0.0,-1.0,-9.999999999999999e-31,0.0,0.7092,0.2755,0.00271,0.0007399,0.00672,-1.0,0.01527,-1.7,-1.27,-1.304,-1.208
0.0152,0.01508,8.3,3.7701413631,2.6052550863,3.768,2.611,4.0391,3.512,1.0,0.0,0.538,0.0,0.0,0.0,0.0,0.0,-1.0,-9.999999999999999e-31,0.0,0.7092,0.2755,0.00271,0.0007399,0.00672,-1.0,0.01527,-1.757,-1.364,-1.395,-1.307
0.0152,0.01508,8.3,3.7996253967,2.6055440905,3.797,2.637,4.0322,3.461,1.0,0.0,0.538,0.0,0.0,0.0,0.0,0.0,-1.0,-9.999999999999999e-31,0.0,0.7092,0.2755,0.00271,0.0007399,0.00672,-1.0,0.01527,-1.822,-1.464,-1.493,-1.412
0.0152,0.01508,8.3,3.8000001907,2.6055477311,3.798,2.637,4.0321,3.461,1.0,0.0,0.538,0.0,0.0,0.0,0.0,0.0,-1.0,-9.999999999999999e-31,0.0,0.7092,0.2755,0.00271,0.0007399,0.00672,-1.0,0.01527,-1.823,-1.465,-1.494,-1.413
0.0152,0.01508,8.3,3.8046307564,2.6055926422,3.803,2.641,4.0311,3.453,1.0,0.0,0.538,0.0,0.0,0.0,0.0,0.0,-1.0,-9.999999999999999e-31,0.0,0.7092,0.2755,0.00271,0.0007399,0.00672,-1.0,0.01527,-1.834,-1.481,-1.509,-1.43
0.0152,0.01508,8.3,3.8146681786,2.605689563,3.813,2.652,4.03,3.439,1.0,0.0,0.538,0.0,0.0,0.0,0.0,0.0,-1.0,-9.999999999999999e-31,0.0,0.7092,0.2755,0.00271,0.0007399,0.00672,-1.0,0.01527,-1.86,-1.512,-1.54,-1.462
0.0152,0.01508,8.3,3.8193473816,2.605734545,3.818,2.659,4.032,3.44,1.0,0.0,0.538,0.0,0.0,0.0,0.0,0.0,-1.0,-9.999999999999999e-31,0.0,0.7092,0.2755,0.00271,0.0007399,0.00672,-1.0,0.01527,-1.879,-1.521,-1.55,-1.47
0.0152,0.01508,8.3,3.8311834335,2.6058477633,3.83,2.684,4.0422,3.458,1.0,0.0,0.538,0.0,0.0,0.0,0.0,0.0,-1.0,-9.999999999999999e-31,0.0,0.7092,0.2755,0.00271,0.0007399,0.00672,-1.0,0.01527,-1.941,-1.533,-1.566,-1.475
0.0152,0.01508,8.3,3.8343491554,2.6058779089,3.833,2.699,4.0516,3.481,1.0,0.0,0.538,0.0,0.0,0.0,0.0,0.0,-1.0,-9.999999999999999e-31,0.0,0.7092,0.2755,0.00271,0.0007399,0.00672,-1.0,0.01527,-1.977,-1.523,-1.56,-1.459
0.0152,0.01508,8.3,3.8359982967,2.6058935902,3.835,2.714,4.0617,3.506,1.0,0.0,0.538,0.0,0.0,0.0,0.0,0.0,-1.0,-9.999999999999999e-31,0.0,0.7092,0.2755,0.00271,0.0007399,0.00672,-1.0,0.01527,-2.016,-1.51,-1.55,-1.44
0.0152,0.01508,8.3,3.8368821144,2.6059019878,3.836,2.73,4.0714,3.529,1.0,0.0,0.538,0.0,0.0,0.0,0.0,0.0,-1.0,-9.999999999999999e-31,0.0,0.7092,0.2755,0.00271,0.0007399,0.00672,-1.0,0.01527,-2.055,-1.5,-1.543,-1.423
0.0152,0.01508,8.3,3.8374068737,2.6059069717,3.836,2.748,4.0807,3.549,1.0,0.0,0.538,0.0,0.0,0.0,0.0,0.0,-1.0,-9.999999999999999e-31,0.0,0.7092,0.2755,0.00271,0.0007399,0.00672,-1.0,0.01527,-2.099,-1.495,-1.541,-1.413
0.0152,0.01508,8.3,3.8377621174,2.6059103448,3.836,2.766,4.0896,3.566,1.0,0.0,0.538,0.0,0.0,0.0,0.0,0.0,-1.0,-9.999999999999999e-31,0.0,0.7092,0.2755,0.00271,0.0007399,0.00672,-1.0,0.01527,-2.145,-1.495,-1.543,-1.407
0.0152,0.01508,8.3,3.8379576206,2.6059122008,3.837,2.774,4.0939,3.575,1.0,0.0,0.538,0.0,0.0,0.0,0.0,0.0,-1.0,-9.999999999999999e-31,0.0,0.7092,0.2755,0.00271,0.0007399,0.00672,-1.0,0.01527,-2.165,-1.491,-1.541,-1.401
0.0152,0.01508,8.3,3.8380613327,2.6059131853,3.837,2.758,4.0902,3.577,2.0,0.0,0.538,0.0,0.0,0.0,0.0,0.0,-1.0,-9.999999999999999e-31,0.0,0.7092,0.2755,0.00271,0.0007399,0.00672,-1.0,0.01527,-2.125,-1.47,-1.519,-1.383
0.0152,0.01508,8.3,3.8382081985,2.6059145793,3.837,2.725,4.08,3.569,2.0,0.0,0.538,0.0,0.0,0.0,0.0,0.0,-1.0,-9.999999999999999e-31,0.0,0.7092,0.2755,0.00271,0.0007399,0.00672,-1.0,0.01527,-2.043,-1.443,-1.489,-1.361
0.0152,0.01508,8.3,3.8383088112,2.6059155343,3.837,2.71,4.0706,3.546,2.0,0.0,0.538,0.0,0.0,0.0,0.0,0.0,-1.0,-9.999999999999999e-31,0.0,0.7092,0.2755,0.00271,0.0007399,0.00672,-1.0,0.01527,-2.005,-1.454,-1.496,-1.378
0.0152,0.01508,8.3,3.8384392262,2.605916772,3.837,2.708,4.0589,3.502,2.0,0.0,0.538,0.0,0.0,0.0,0.0,0.0,-1.0,-9.999999999999999e-31,0.0,0.7092,0.2755,0.00271,0.0007399,0.00672,-1.0,0.01527,-1.999,-1.508,-1.547,-1.439
0.0152,0.01508,8.3,3.8385853767,2.6059181589,3.837,2.718,4.0473,3.445,2.0,0.0,0.538,0.0,0.0,0.0,0.0,0.0,-1.0,-9.999999999999999e-31,0.0,0.7092,0.2755,0.00271,0.0007399,0.00672,-1.0,0.01527,-2.025,-1.593,-1.628,-1.531
0.0152,0.01508,8.3,3.8387491703,2.6059197131,3.837,2.731,4.0355,3.385,2.0,0.0,0.538,0.0,0.0,0.0,0.0,0.0,-1.0,-9.999999999999999e-31,0.0,0.7092,0.2755,0.00271,0.0007399,0.00672,-1.0,0.01527,-2.058,-1.684,-1.714,-1.63
0.0152,0.01508,8.3,3.8389260769,2.6059213916,3.838,2.741,4.0237,3.328,2.0,0.0,0.538,0.0,0.0,0.0,0.0,0.0,-1.0,-9.999999999999999e-31,0.0,0.7092,0.2755,0.00271,0.0007399,0.00672,-1.0,0.01527,-2.082,-1.765,-1.791,-1.72
0.0152,0.01508,8.3,3.8391125202,2.6059231604,3.838,2.747,4.0119,3.275,2.0,0.0,0.538,0.0,0.0,0.0,0.0,0.0,-1.0,-9.999999999999999e-31,0.0,0.7092,0.2755,0.00271,0.0007399,0.00672,-1.0,0.01527,-2.097,-1.836,-1.858,-1.8
0.0152,0.01508,8.3,3.8393061161,2.6059249968,3.838,2.75,4.0,3.224,2.0,0.0,0.538,0.0,0.0,0.0,0.0,0.0,-1.0,-9.999999999999999e-31,0.0,0.7092,0.2755,0.00271,0.0007399,0.00672,-1.0,0.01527,-2.106,-1.9,-1.916,-1.872
0.0152,0.01508,8.3,3.8395042419,2.6059268759,3.838,2.752,3.9881,3.175,2.0,0.0,0.538,0.0,0.0,0.0,0.0,0.0,-1.0,-9.999999999999999e-31,0.0,0.7092,0.2755,0.00271,0.0007399,0.00672,-1.0,0.01527,-2.109,-1.956,-1.967,-1.939
0.0152,0.01508,8.3,3.8397042751,2.605928773,3.838,2.751,3.9762,3.127,2.0,0.0,0.538,0.0,0.0,0.0,0.0,0.0,-1.0,-9.999999999999999e-31,0.0,0.7092,0.2755,0.00271,0.0007399,0.00672,-1.0,0.01527,-2.109,-2.007,-2.012,-2.001
0.0152,0.01508,8.3,3.8399035931,2.605930663,3.839,2.75,3.9642,3.081,2.0,0.0,0.538,0.0,0.0,0.0,0.0,0.0,-1.0,-9.999999999999999e-31,0.0,0.7092,0.2755,0.00271,0.0007399,0.00672,-1.0,0.01527,-2.105,-2.051,-2.05,-2.059
0.0152,0.01508,8.3,3.84010005,2.6059325256,3.839,2.747,3.9522,3.036,2.0,0.0,0.538,0.0,0.0,0.0,0.0,0.0,-1.0,-9.999999999999999e-31,0.0,0.7092,0.2755,0.00271,0.0007399,0.00672,-1.0,0.01527,-2.098,-2.091,-2.082,-2.112
0.0152,0.01508,8.3,3.8402915001,2.6059343406,3.839,2.743,3.9401,2.991,2.0,0.0,0.538,0.0,0.0,0.0,0.0,0.0,-1.0,-9.999999999999999e-31,0.0,0.7092,0.2755,0.00271,0.0007399,0.00672,-1.0,0.01527,-2.089,-2.123,-2.106,-2.162
0.0152,0.01508,8.3,3.8404762745,2.6059360921,3.839,2.739,3.928,2.947,2.0,0.0,0.538,0.0,0.0,0.0,0.0,0.0,-1.0,-9.999999999999999e-31,0.0,0.7092,0.2755,0.00271,0.0007399,0.00672,-1.0,0.01527,-2.077,-2.147,-2.119,-2.206
0.0152,0.01508,8.3,3.8406534195,2.6059377711,3.839,2.734,3.9159,2.904,2.0,0.0,0.538,0.0,0.0,0.0,0.0,0.0,-1.0,-9.999999999999999e-31,0.0,0.7092,0.2755,0.00271,0.0007399,0.00672,-1.0,0.01527,-2.064,-2.161,-2.12,-2.244
0.0152,0.01508,8.3,3.8408219814,2.6059393686,3.84,2.728,3.9037,2.861,2.0,0.0,0.538,0.0,0.0,0.0,0.0,0.0,-1.0,-9.999999999999999e-31,0.0,0.7092,0.2755,0.00271,0.0007399,0.00672,-1.0,0.01527,-2.049,-2.169,-2.114,-2.277
0.0152,0.01508,8.3,3.8409817219,2.6059408823,3.84,2.721,3.8915,2.819,2.0,0.0,0.538,0.0,0.0,0.0,0.0,0.0,-1.0,-9.999999999999999e-31,0.0,0.7092,0.2755,0.00271,0.0007399,0.00672,-1.0,0.01527,-2.032,-2.17,-2.099,-2.307
0.0152,0.01508,8.3,3.8411331177,2.6059423168,3.84,2.714,3.8793,2.778,2.0,0.0,0.538,0.0,0.0,0.0,0.0,0.0,-1.0,-9.999999999999999e-31,0.0,0.7092,0.2755,0.00271,0.0007399,0.00672,-1.0,0.01527,-2.014,-2.164,-2.075,-2.334
0.0152,0.01508,8.3,3.8412761688,2.6059436722,3.84,2.706,3.8671,2.737,2.0,0.0,0.538,0.0,0.0,0.0,0.0,0.0,-1.0,-9.999999999999999e-31,0.0,0.7092,0.2755,0.00271,0.0007399,0.00672,-1.0,0.01527,-1.995,-2.154,-2.044,-2.358
0.0152,0.01508,8.3,3.8414106369,2.6059449461,3.84,2.698,3.8548,2.696,2.0,0.0,0.538,0.0,0.0,0.0,0.0,0.0,-1.0,-9.999999999999999e-31,0.0,0.7092,0.2755,0.00271,0.0007399,0.00672,-1.0,0.01527,-1.974,-2.139,-2.008,-2.377
0.0152,0.01508,8.3,3.841537714,2.6059461499,3.84,2.689,3.8426,2.656,2.0,0.0,0.538,0.0,0.0,0.0,0.0,0.0,-1.0,-9.999999999999999e-31,0.0,0.7092,0.2755,0.00271,0.0007399,0.00672,-1.0,0.01527,-1.953,-2.12,-1.967,-2.393
0.0152,0.01508,8.3,3.8416574001,2.6059472836,3.84,2.68,3.8304,2.616,2.0,0.0,0.538,0.0,0.0,0.0,0.0,0.0,-1.0,-9.999999999999999e-31,0.0,0.7092,0.2755,0.00271,0.0007399,0.00672,-1.0,0.01527,-1.93,-2.098,-1.922,-2.404
0.0152,0.01508,8.3,3.8417701721,2.6059483517,3.841,2.671,3.8181,2.576,2.0,0.0,0.538,0.0,0.0,0.0,0.0,0.0,-1.0,-9.999999999999999e-31,0.0,0.7092,0.2755,0.00271,0.0007399,0.00672,-1.0,0.01527,-1.907,-2.073,-1.873,-2.411
0.0152,0.01508,8.3,3.8418767452,2.605949361,3.841,2.661,3.8059,2.537,2.0,0.0,0.538,0.0,0.0,0.0,0.0,0.0,-1.0,-9.999999999999999e-31,0.0,0.7092,0.2755,0.00271,0.0007399,0.00672,-1.0,0.01527,-1.882,-2.045,-1.821,-2.417
0.0152,0.01508,8.3,3.8419775963,2.6059503161,3.841,2.651,3.7937,2.498,2.0,0.0,0.538,0.0,0.0,0.0,0.0,0.0,-1.0,-9.999999999999999e-31,0.0,0.7092,0.2755,0.00271,0.0007399,0.00672,-1.0,0.01527,-1.857,-2.014,-1.764,-2.42
0.0152,0.01508,8.3,3.8420732021,2.6059512215,3.841,2.64,3.7817,2.461,2.0,0.0,0.538,0.0,0.0,0.0,0.0,0.0,-1.0,-9.999999999999999e-31,0.0,0.7092,0.2755,0.00271,0.0007399,0.00672,-1.0,0.01527,-1.831,-1.981,-1.703,-2.419
0.0152,0.01508,8.3,3.842164278,2.6059520839,3.841,2.629,3.7701,2.425,2.0,0.0,0.538,0.0,0.0,0.0,0.0,0.0,-1.0,-9.999999999999999e-31,0.0,0.7092,0.2755,0.00271,0.0007399,0.00672,-1.0,0.01527,-1.804,-1.943,-1.638,-2.413
0.0152,0.01508,8.3,3.8422520161,2.6059529147,3.841,2.618,3.7593,2.394,2.0,0.0,0.538,0.0,0.0,0.0,0.0,0.0,-1.0,-9.999999999999999e-31,0.0,0.7092,0.2755,0.00271,0.0007399,0.00672,-1.0,0.01527,-1.775,-1.902,-1.573,-2.4
0.0152,0.01508,8.3,3.8423426151,2.6059537725,3.841,2.605,3.7492,2.366,2.0,0.0,0.538,0.0,0.0,0.0,0.0,0.0,-1.0,-9.999999999999999e-31,0.0,0.7092,0.2755,0.00271,0.0007399,0.00672,-1.0,0.01527,-1.743,-1.857,-1.504,-2.378
0.0152,0.01508,8.3,3.8424406052,2.6059547003,3.841,2.59,3.7397,2.343,2.0,0.0,0.538,0.0,0.0,0.0,0.0,0.0,-1.0,-9.999999999999999e-31,0.0,0.7092,0.2755,0.00271,0.0007399,0.00672,-1.0,0.01527,-1.705,-1.804,-1.43,-2.348
0.0152,0.01508,8.3,3.8425552845,2.605955786,3.841,2.571,3.7307,2.327,2.0,0.0,0.538,0.0,0.0,0.0,0.0,0.0,-1.0,-9.999999999999999e-31,0.0,0.7092,0.2755,0.00271,0.0007399,0.00672,-1.0,0.01527,-1.657,-1.741,-1.346,-2.305
0.0152,0.01508,8.3,3.8426749706,2.605956919,3.841,2.549,3.7228,2.317,2.0,0.0,0.538,0.0,0.0,0.0,0.0,0.0,-1.0,-9.999999999999999e-31,0.0,0.7092,0.2755,0.00271,0.0007399,0.00672,-1.0,0.01527,-1.603,-1.671,-1.259,-2.253
0.0152,0.01508,8.3,3.8428103924,2.6059582008,3.842,2.523,3.7149,2.311,2.0,0.0,0.538,0.0,0.0,0.0,0.0,0.0,-1.0,-9.999999999999999e-31,0.0,0.7092,0.2755,0.00271,0.0007399,0.00672,-1.0,0.01527,-1.539,-1.591,-1.159,-2.19
0.0152,0.01508,8.3,3.8429603577,2.6059596202,3.842,2.497,3.7069,2.305,2.0,0.0,0.538,0.0,0.0,0.0,0.0,0.0,-1.0,-9.999999999999999e-31,0.0,0.7092,0.2755,0.00271,0.0007399,0.00672,-1.0,0.01527,-1.473,-1.507,-1.057,-2.124
0.0152,0.01508,8.3,3.8431243896,2.6059611726,3.842,2.479,3.6986,2.29,2.0,0.0,0.538,0.0,0.0,0.0,0.0,0.0,-1.0,-9.999999999999999e-31,0.0,0.7092,0.2755,0.00271,0.0007399,0.00672,-1.0,0.01527,-1.427,-1.44,-0.97,-2.075
0.0152,0.01508,8.3,3.8432404995,2.6059622714,3.842,2.47,3.6929,2.276,2.0,0.0,0.538,0.0,0.0,0.0,0.0,0.0,-1.0,-9.999999999999999e-31,0.0,0.7092,0.2755,0.00271,0.0007399,0.00672,-1.0,0.01527,-1.406,-1.403,-0.918,-2.05
0.0152,0.01508,8.3,3.8433632851,2.6059634333,3.842,2.482,3.687,2.241,3.0,0.0,0.538,0.0,0.0,0.0,0.0,0.0,-1.0,-9.999999999999999e-31,0.0,0.7092,0.2755,0.00271,0.0007399,0.00672,-1.0,0.01527,-1.435,-1.415,-0.914,-2.076
0.0152,0.01508,8.3,3.8435463905,2.6059651658,3.842,2.516,3.6785,2.173,3.0,0.0,0.538,2.62,2.36,1.81,1.3,1.06,4.0,-9.999999999999999e-31,0.0,0.7092,0.2756,0.002709,0.00074,0.00672,-1.0,0.01527,-1.519,-1.472,-0.948,-2.153
0.0152,0.01508,8.3,3.8437020779,2.6059666387,3.842,2.557,3.672,2.105,3.0,0.0,0.537,3.01,2.67,2.03,1.47,1.2,4.0,-9.999999999999999e-31,0.0,0.7091,0.2756,0.002705,0.0007406,0.00672,-1.0,0.01527,-1.623,-1.554,-1.011,-2.25
0.0152,0.01508,8.3,3.8438384533,2.6059679288,3.843,2.594,3.6673,2.05,3.0,0.0,0.533,3.38,2.96,2.24,1.62,1.32,4.0,-9.999999999999999e-31,0.0,0.7091,0.2757,0.002685,0.0007476,0.00672,-1.0,0.01527,-1.715,-1.629,-1.072,-2.336
0.0152,0.01508,8.3,3.8439862728,2.605969327,3.843,2.628,3.6634,2.001,3.0,0.0,0.521,3.74,3.23,2.43,1.76,1.44,4.0,-9.999999999999999e-31,0.0,0.709,0.2757,0.002625,0.0007905,0.00672,-1.0,0.01527,-1.799,-1.698,-1.128,-2.415
0.0152,0.01508,8.3,3.84420228,2.6059713701,3.843,2.666,3.6591,1.945,3.0,0.0,0.491,4.2,3.57,2.68,1.94,1.59,4.0,-9.999999999999999e-31,0.0,0.7089,0.2758,0.002473,0.0009456,0.00672,-1.0,0.01528,-1.896,-1.778,-1.195,-2.505
0.0152,0.01508,8.3,3.8443791866,2.6059730431,3.843,2.693,3.6562,1.907,3.0,0.0,0.464,4.53,3.83,2.86,2.08,1.7,4.0,-9.999999999999999e-31,0.0,0.7088,0.2758,0.002337,0.001107,0.00672,-1.0,0.01535,-1.962,-1.832,-1.24,-2.566
0.0152,0.01508,8.3,3.8444628716,2.6059738344,3.843,2.703,3.6551,1.892,3.0,0.0,0.454,4.68,3.93,2.94,2.13,1.74,4.0,-9.999999999999999e-31,0.0,0.7088,0.2759,0.002288,0.001167,0.00672,-1.0,0.01536,-1.988,-1.854,-1.259,-2.591
0.0152,0.01508,8.3,3.8446302414,2.605975417,3.843,2.725,3.6529,1.862,3.0,0.0,0.435,4.98,4.15,3.09,2.25,1.84,4.0,-9.999999999999999e-31,0.0,0.7087,0.2759,0.002193,0.001283,0.00672,-1.0,0.01536,-2.042,-1.898,-1.297,-2.64
0.0152,0.01508,8.3,3.8446743488,2.605975834,3.843,2.73,3.6524,1.854,3.0,0.0,0.431,5.06,4.21,3.13,2.28,1.86,4.0,-9.999999999999999e-31,0.0,0.7087,0.2759,0.002175,0.001306,0.00672,-1.0,0.01536,-2.055,-1.909,-1.306,-2.652
0.0152,0.01508,8.3,3.8449833393,2.6059787552,3.844,2.768,3.6487,1.802,3.0,0.0,0.41,5.63,4.63,3.43,2.5,2.04,4.0,-9.999999999999999e-31,0.0,0.7085,0.2761,0.002065,0.001441,0.00672,-1.0,0.01537,-2.15,-1.988,-1.374,-2.739
0.0152,0.01508,8.3,3.8452923298,2.6059816758,3.844,2.805,3.6451,1.75,3.0,0.0,0.394,6.27,5.09,3.75,2.74,2.24,4.0,-9.999999999999999e-31,0.0,0.7082,0.2764,0.001983,0.001554,0.006706,-1.0,0.01537,-2.244,-2.065,-1.439,-2.824
0.0152,0.01508,8.3,3.8456013203,2.6059845959,3.844,2.843,3.6416,1.698,3.0,0.0,0.386,6.97,5.58,4.1,2.99,2.45,4.0,-9.999999999999999e-31,0.0,0.7069,0.2777,0.00192,0.001694,0.006633,-1.0,0.0154,-2.338,-2.143,-1.507,-2.91
0.0152,0.01508,8.3,3.8459541798,2.6059879299,3.845,2.886,3.6379,1.641,3.0,0.0,0.382,7.85,6.19,4.53,3.31,2.71,4.0,-9.999999999999999e-31,0.0,0.7034,0.2812,0.001861,0.001894,0.006487,-1.0,0.01537,-2.445,-2.232,-1.585,-3.007
0.0152,0.01508,8.3,3.8462629318,2.6059908466,3.845,2.924,3.6348,1.59,3.0,0.0,0.381,8.7,6.78,4.94,3.62,2.96,4.0,-9.999999999999999e-31,0.0,0.699,0.2856,0.001817,0.002067,0.006352,-1.0,0.01537,-2.539,-2.31,-1.653,-3.092
0.0152,0.01508,8.3,3.8465716839,2.6059937628,3.845,2.962,3.6317,1.54,3.0,0.0,0.381,9.65,7.43,5.39,3.95,3.24,4.0,-9.999999999999999e-31,0.0,0.6941,0.2905,0.001781,0.002213,0.006235,-1.0,0.0154,-2.634,-2.389,-1.724,-3.178
0.0152,0.01508,8.3,3.8468804359,2.6059966784,3.846,3.0,3.6287,1.49,3.0,0.0,0.38,10.71,8.14,5.88,4.32,3.54,4.0,-9.999999999999999e-31,0.0,0.6892,0.2954,0.001752,0.002335,0.006138,-1.0,0.01536,-2.73,-2.469,-1.794,-3.264
0.0152,0.01508,8.3,3.847189188,2.6059995935,3.846,3.039,3.6255,1.438,3.0,0.0,0.38,11.9,8.93,6.43,4.72,3.87,4.0,-9.999999999999999e-31,0.0,0.6849,0.2998,0.00173,0.002428,0.006063,-1.0,0.01534,-2.826,-2.547,-1.859,-3.351
0.0152,0.01508,8.3,3.8474977016,2.6060025057,3.846,3.075,3.6225,1.39,3.0,0.0,0.38,13.15,9.75,6.99,5.14,4.21,4.0,-9.999999999999999e-31,0.0,0.6813,0.3034,0.001713,0.002498,0.006006,-1.0,0.01537,-2.918,-2.622,-1.922,-3.434
0.0152,0.01508,8.3,3.8478243351,2.6060055885,3.847,3.101,3.6204,1.355,3.0,0.0,0.38,14.12,10.38,7.42,5.46,4.48,4.0,-9.999999999999999e-31,0.0,0.6792,0.3054,0.001704,0.002537,0.005975,-1.0,0.01535,-2.983,-2.675,-1.966,-3.494
0.0152,0.01508,8.3,3.8484723568,2.6060117027,3.847,3.13,3.618,1.317,3.0,0.0,0.38,15.27,11.11,7.92,5.84,4.79,4.0,-9.999999999999999e-31,0.0,0.677,0.3077,0.001695,0.002576,0.005943,-1.0,0.01531,-3.055,-2.732,-2.013,-3.557
0.0152,0.01508,8.3,3.850830555,2.6060339328,3.85,3.109,3.6201,1.347,4.0,0.0,0.38,0.0,0.0,0.0,0.0,0.0,-1.0,-9.999999999999999e-31,0.0,0.677,0.3077,0.001695,0.002576,0.005943,-1.0,0.01531,-3.002,-2.692,-1.982,-3.512
0.0152,0.01508,8.3,3.853430748,2.6060584078,3.852,3.075,3.6233,1.394,4.0,0.0,0.38,0.0,0.0,0.0,0.0,0.0,-1.0,-9.999999999999999e-31,0.0,0.677,0.3077,0.001695,0.002576,0.005943,-1.0,0.01531,-2.917,-2.625,-1.928,-3.436
0.0152,0.01508,8.3,3.8553740978,2.6060766753,3.854,3.041,3.6263,1.44,4.0,0.0,0.38,0.0,0.0,0.0,0.0,0.0,-1.0,-9.999999999999999e-31,0.0,0.677,0.3076,0.001695,0.002576,0.005943,-1.0,0.01531,-2.833,-2.558,-1.873,-3.36
0.0152,0.01508,8.3,3.8569736481,2.6060916952,3.856,3.008,3.6294,1.486,4.0,0.0,0.38,0.0,0.0,0.0,0.0,0.0,-1.0,-9.999999999999999e-31,0.0,0.677,0.3076,0.001695,0.002576,0.005943,-1.0,0.01531,-2.749,-2.492,-1.819,-3.285
0.0152,0.01508,8.3,3.8584218025,2.6061052812,3.857,2.973,3.6325,1.534,4.0,0.0,0.38,0.0,0.0,0.0,0.0,0.0,-1.0,-9.999999999999999e-31,0.0,0.677,0.3076,0.001695,0.002576,0.005943,-1.0,0.01531,-2.662,-2.421,-1.758,-3.207
0.0152,0.01508,8.3,3.8597340584,2.606117582,3.859,2.938,3.6355,1.58,4.0,0.0,0.38,0.0,0.0,0.0,0.0,0.0,-1.0,-9.999999999999999e-31,0.0,0.6771,0.3076,0.001695,0.002576,0.005943,-1.0,0.01531,-2.576,-2.351,-1.697,-3.131
0.0152,0.01508,8.3,3.8610651493,2.6061300497,3.86,2.902,3.6388,1.63,4.0,0.0,0.38,0.0,0.0,0.0,0.0,0.0,-1.0,-9.999999999999999e-31,0.0,0.6771,0.3076,0.001695,0.002576,0.005943,-1.0,0.01531,-2.485,-2.276,-1.633,-3.049
0.0152,0.01508,8.3,3.8624100685,2.6061426368,3.861,2.864,3.6422,1.681,4.0,0.0,0.38,0.0,0.0,0.0,0.0,0.0,-1.0,-9.999999999999999e-31,0.0,0.6771,0.3076,0.001695,0.002576,0.005943,-1.0,0.01531,-2.391,-2.199,-1.566,-2.965
0.0152,0.01508,8.3,3.8638033867,2.6061556662,3.863,2.827,3.6456,1.733,4.0,0.0,0.38,0.0,0.0,0.0,0.0,0.0,-1.0,-9.999999999999999e-31,0.0,0.6771,0.3076,0.001695,0.002576,0.005943,-1.0,0.01531,-2.297,-2.121,-1.498,-2.879
0.0152,0.01508,8.3,3.8653085232,2.6061697292,3.864,2.789,3.6491,1.784,4.0,0.0,0.38,0.0,0.0,0.0,0.0,0.0,-1.0,-9.999999999999999e-31,0.0,0.6771,0.3076,0.001695,0.002576,0.005943,-1.0,0.01531,-2.203,-2.044,-1.431,-2.793
0.0152,0.01508,8.3,3.8670084476,2.6061855969,3.866,2.752,3.6528,1.836,4.0,0.0,0.38,0.0,0.0,0.0,0.0,0.0,-1.0,-9.999999999999999e-31,0.0,0.6771,0.3076,0.001695,0.002576,0.005943,-1.0,0.01531,-2.11,-1.966,-1.364,-2.708
0.0152,0.01508,8.3,3.8690233231,2.6062043838,3.868,2.715,3.6565,1.888,4.0,0.0,0.38,0.0,0.0,0.0,0.0,0.0,-1.0,-9.999999999999999e-31,0.0,0.6771,0.3076,0.001695,0.002576,0.005943,-1.0,0.01531,-2.018,-1.889,-1.298,-2.622
0.0152,0.01508,8.3,3.871587038,2.6062282556,3.871,2.68,3.6604,1.94,4.0,0.0,0.38,0.0,0.0,0.0,0.0,0.0,-1.0,-9.999999999999999e-31,0.0,0.6771,0.3076,0.001695,0.002576,0.005943,-1.0,0.01531,-1.929,-1.817,-1.239,-2.541
0.0152,0.01508,8.3,3.8754959106,2.6062645829,3.875,2.643,3.6654,1.997,4.0,0.0,0.38,0.0,0.0,0.0,0.0,0.0,-1.0,-9.999999999999999e-31,0.0,0.6771,0.3076,0.001695,0.002575,0.005943,-1.0,0.01531,-1.838,-1.744,-1.18,-2.457
0.0152,0.01508,8.3,3.8829421997,2.6063335526,3.882,2.613,3.6726,2.057,4.0,0.0,0.38,0.0,0.0,0.0,0.0,0.0,-1.0,-9.999999999999999e-31,0.0,0.6771,0.3076,0.001696,0.002575,0.005943,-1.0,0.01531,-1.761,-1.694,-1.153,-2.39
0.0152,0.01508,8.3,3.8852074146,2.6063544734,3.884,2.608,3.6746,2.07,4.0,0.0,0.38,0.0,0.0,0.0,0.0,0.0,-1.0,-9.999999999999999e-31,0.0,0.6771,0.3076,0.001696,0.002575,0.005943,-1.0,0.01531,-1.75,-1.69,-1.154,-2.381
0.0152,0.01508,8.3,3.8904221058,2.6064025281,3.89,2.621,3.6788,2.074,5.0,0.0,0.38,0.0,0.0,0.0,0.0,0.0,-1.0,-9.999999999999999e-31,0.0,0.6771,0.3075,0.001696,0.002575,0.005943,-1.0,0.01531,-1.783,-1.738,-1.213,-2.419
0.0152,0.01508,8.3,3.8991026878,2.6064821941,3.898,2.642,3.6835,2.073,5.0,0.0,0.38,0.0,0.0,0.0,0.0,0.0,-1.0,-9.999999999999999e-31,0.0,0.6772,0.3075,0.001696,0.002575,0.005943,-1.0,0.01531,-1.836,-1.806,-1.294,-2.477
0.0152,0.01508,8.3,3.9111125469,2.6065917442,3.911,2.666,3.6853,2.058,5.0,0.0,0.38,0.0,0.0,0.0,0.0,0.0,-1.0,-9.999999999999999e-31,0.0,0.6772,0.3075,0.001696,0.002575,0.005943,-1.0,0.01531,-1.894,-1.87,-1.362,-2.536
0.0152,0.01508,8.3,3.9575135708,2.6070078253,3.958,2.742,3.6877,1.997,5.0,0.0,0.381,0.0,0.0,0.0,0.0,0.0,-1.0,-9.999999999999999e-31,0.0,0.6773,0.3074,0.001697,0.002574,0.005942,-1.0,0.01531,-2.085,-2.069,-1.566,-2.731
0.0152,0.01508,8.3,3.9645137787,2.607069625,3.965,2.753,3.6879,1.987,5.0,0.0,0.381,0.0,0.0,0.0,0.0,0.0,-1.0,-9.999999999999999e-31,0.0,0.6773,0.3073,0.001697,0.002574,0.005942,-1.0,0.01531,-2.112,-2.096,-1.594,-2.758
