Zini,MH,logAge,Mini,int_IMF,Mass,LogL,LogTe,logg,label,McoreTP,C_O,period0,period1,period2,period3,period4,pmode,Mloss,tau1m,X,Y,Xc,Xn,Xo,Cexcess,Z,mbolmag,Gmag,G_BPmag,G_RPmag
0.0152,0.01508,8.2,0.0900000036,1.0816895926,0.09,-2.907,3.3961,4.835,0.0,0.0,0.545,0.0,0.0,0.0,0.0,0.0,-1.0,-2.01e-16,0.0,0.7092,0.2755,0.002746,0.0007408,0.006719,-1.0,0.01527,12.037,14.083,16.883,12.604
0.0152,0.01508,8.2,0.0900000036,1.0816895926,0.09,-2.907,3.3961,4.835,0.0,0.0,0.545,0.0,0.0,0.0,0.0,0.0,-1.0,-2.01e-16,0.0,0.7092,0.2755,0.002746,0.0007408,0.006719,-1.0,0.01527,12.037,14.083,16.883,12.604
0.0152,0.01508,8.2,0.0917667001,1.0984009802,0.092,-2.892,3.3983,4.838,0.0,0.0,0.545,0.0,0.0,0.0,0.0,0.0,-1.0,-2.05e-16,0.0,0.7092,0.2755,0.002746,0.0007408,0.006719,-1.0,0.01527,11.999,14.046,16.846,12.567
0.0152,0.01508,8.2,0.0992176682,1.1645378899,0.099,-2.828,3.4083,4.847,0.0,0.0,0.545,0.0,0.0,0.0,0.0,0.0,-1.0,-2.26e-16,0.0,0.7092,0.2755,0.002746,0.0007408,0.006719,-1.0,0.01527,11.839,13.885,16.688,12.406
0.0152,0.01508,8.2,0.1000000015,1.1711064122,0.1,-2.821,3.4093,4.848,0.0,0.0,0.545,0.0,0.0,0.0,0.0,0.0,-1.0,-2.28e-16,0.0,0.7092,0.2755,0.002746,0.0007408,0.006719,-1.0,0.01527,11.823,13.869,16.673,12.39
0.0152,0.01508,8.2,0.1097034067,1.2474020314,0.11,-2.749,3.4195,4.857,0.0,0.0,0.545,0.0,0.0,0.0,0.0,0.0,-1.0,-2.55e-16,0.0,0.7092,0.2755,0.002746,0.0007408,0.006719,-1.0,0.01527,11.642,13.654,16.415,12.183
0.0152,0.01508,8.2,0.1200000122,1.3193155232,0.12,-2.675,3.4308,4.867,0.0,0.0,0.545,0.0,0.0,0.0,0.0,0.0,-1.0,-2.86e-16,0.0,0.7092,0.2755,0.002746,0.0007408,0.006719,-1.0,0.01527,11.457,13.307,15.857,11.872
0.0152,0.01508,8.2,0.1215277463,1.329301671,0.121,-2.666,3.4319,4.868,0.0,0.0,0.545,0.0,0.0,0.0,0.0,0.0,-1.0,-2.9e-16,0.0,0.7092,0.2755,0.002746,0.0007408,0.006719,-1.0,0.01527,11.435,13.271,15.804,11.84
0.0152,0.01508,8.2,0.1400000006,1.4384526719,0.14,-2.562,3.4445,4.876,0.0,0.0,0.545,0.0,0.0,0.0,0.0,0.0,-1.0,-3.4e-16,0.0,0.7092,0.2755,0.002746,0.0007408,0.006719,-1.0,0.01527,11.174,12.847,15.18,11.454
0.0152,0.01508,8.2,0.1552109271,1.5151459887,0.155,-2.488,3.4534,4.882,0.0,0.0,0.545,0.0,0.0,0.0,0.0,0.0,-1.0,-3.81e-16,0.0,0.7092,0.2755,0.002746,0.0007408,0.006719,-1.0,0.01527,10.989,12.55,14.743,11.185
0.0152,0.01508,8.2,0.1599999964,1.5372931554,0.16,-2.465,3.456,4.884,0.0,0.0,0.545,0.0,0.0,0.0,0.0,0.0,-1.0,-3.94e-16,0.0,0.7092,0.2755,0.002746,0.0007408,0.006719,-1.0,0.01527,10.934,12.461,14.612,11.106
0.0152,0.01508,8.2,0.1649911106,1.559475853,0.165,-2.444,3.4584,4.885,0.0,0.0,0.545,0.0,0.0,0.0,0.0,0.0,-1.0,-4.06e-16,0.0,0.7092,0.2755,0.002746,0.0007408,0.006719,-1.0,0.01527,10.881,12.378,14.49,11.031
0.0152,0.01508,8.2,0.200000003,1.6938790862,0.2,-2.305,3.4733,4.889,0.0,0.0,0.545,0.0,0.0,0.0,0.0,0.0,-1.0,-5.06e-16,0.0,0.7092,0.2755,0.002746,0.0007408,0.006719,-1.0,0.01527,10.532,11.86,13.758,10.561
0.0152,0.01508,8.2,0.2387691438,1.8109566774,0.239,-2.179,3.4861,4.891,0.0,0.0,0.545,0.0,0.0,0.0,0.0,0.0,-1.0,-6.17e-16,0.0,0.7092,0.2755,0.002746,0.0007408,0.006719,-1.0,0.01527,10.217,11.406,13.128,10.151
0.0152,0.01508,8.2,0.25,1.8403257998,0.25,-2.145,3.4895,4.891,0.0,0.0,0.545,0.0,0.0,0.0,0.0,0.0,-1.0,-6.53e-16,0.0,0.7092,0.2755,0.002746,0.0007408,0.006719,-1.0,0.01527,10.132,11.284,12.961,10.042
0.0152,0.01508,8.2,0.2838822007,1.9194600623,0.284,-2.052,3.4978,4.886,0.0,0.0,0.545,0.0,0.0,0.0,0.0,0.0,-1.0,-7.61e-16,0.0,0.7092,0.2755,0.002746,0.0007408,0.006719,-1.0,0.01527,9.899,10.975,12.559,9.758
0.0152,0.01508,8.2,0.3000000119,1.9529139769,0.3,-2.008,3.5014,4.88,0.0,0.0,0.545,0.0,0.0,0.0,0.0,0.0,-1.0,-8.24e-16,0.0,0.7092,0.2755,0.002746,0.0007408,0.006719,-1.0,0.01527,9.789,10.834,12.382,9.629
0.0152,0.01508,8.2,0.3500000238,2.0434175133,0.35,-1.871,3.5124,4.855,0.0,0.0,0.545,0.0,0.0,0.0,0.0,0.0,-1.0,-1.08e-15,0.0,0.7092,0.2755,0.002746,0.0007408,0.006719,-1.0,0.01527,9.449,10.404,11.844,9.232
0.0152,0.01508,8.2,0.4000000358,2.118502481,0.4,-1.735,3.5243,4.824,0.0,0.0,0.545,0.0,0.0,0.0,0.0,0.0,-1.0,-1.43e-15,0.0,0.7092,0.2755,0.002746,0.0007408,0.006719,-1.0,0.01527,9.107,9.972,11.31,8.836
0.0152,0.01508,8.2,0.4500000477,2.1822809714,0.45,-1.59,3.5386,4.788,0.0,0.0,0.545,0.0,0.0,0.0,0.0,0.0,-1.0,-1.95e-15,0.0,0.7092,0.2755,0.002746,0.0007408,0.006719,-1.0,0.01527,8.746,9.514,10.745,8.418
0.0152,0.01508,8.2,0.5,2.2374541529,0.5,-1.434,3.5554,4.745,0.0,0.0,0.545,0.0,0.0,0.0,0.0,0.0,-1.0,-2.79e-15,0.0,0.7092,0.2755,0.002746,0.0007408,0.006719,-1.0,0.01527,8.355,9.019,10.141,7.971
0.0152,0.01508,8.2,0.5226883888,2.2596802482,0.523,-1.358,3.566,4.73,0.0,0.0,0.545,0.0,0.0,0.0,0.0,0.0,-1.0,-3.31e-15,0.0,0.7093,0.2755,0.002745,0.0007406,0.006717,-1.0,0.01527,8.165,8.761,9.816,7.745
0.0152,0.01508,8.2,0.5493613482,2.2831287851,0.549,-1.277,3.5769,4.715,0.0,0.0,0.545,0.0,0.0,0.0,0.0,0.0,-1.0,-3.96e-15,0.0,0.7094,0.2753,0.002744,0.0007402,0.006714,-1.0,0.01527,7.963,8.495,9.486,7.51
0.0152,0.01508,8.2,0.5500000119,2.2836582633,0.55,-1.276,3.5772,4.714,0.0,0.0,0.545,0.0,0.0,0.0,0.0,0.0,-1.0,-3.97e-15,0.0,0.7094,0.2753,0.002744,0.0007402,0.006714,-1.0,0.01527,7.959,8.489,9.479,7.505
0.0152,0.01508,8.2,0.5636978149,2.2946829886,0.563,-1.238,3.584,4.715,0.0,0.0,0.545,0.0,0.0,0.0,0.0,0.0,-1.0,-4.28e-15,0.0,0.7094,0.2753,0.002744,0.0007402,0.006713,-1.0,0.01526,7.865,8.355,9.309,7.391
0.0152,0.01508,8.2,0.5796259642,2.3067522701,0.579,-1.201,3.5893,4.711,0.0,0.0,0.545,0.0,0.0,0.0,0.0,0.0,-1.0,-4.62e-15,0.0,0.7095,0.2753,0.002744,0.0007401,0.006713,-1.0,0.01524,7.772,8.233,9.159,7.283
0.0152,0.01508,8.2,0.5984994769,2.3201013683,0.598,-1.162,3.5938,4.704,0.0,0.0,0.545,0.0,0.0,0.0,0.0,0.0,-1.0,-5e-15,0.0,0.7095,0.2753,0.002743,0.0007401,0.006712,-1.0,0.01517,7.675,8.114,9.019,7.176
0.0152,0.01508,8.2,0.6000000238,2.3211213258,0.6,-1.157,3.5944,4.703,0.0,0.0,0.545,0.0,0.0,0.0,0.0,0.0,-1.0,-5.05e-15,0.0,0.7095,0.2753,0.002743,0.0007401,0.006712,-1.0,0.01517,7.663,8.099,9.001,7.163
0.0152,0.01508,8.2,0.6499999762,2.3520353107,0.65,-1.0,3.6207,4.685,0.0,0.0,0.545,0.0,0.0,0.0,0.0,0.0,-1.0,-7.1e-15,0.0,0.7095,0.2752,0.002743,0.00074,0.006711,-1.0,0.01527,7.269,7.579,8.365,6.712
0.0152,0.01508,8.2,0.7000000477,2.3779267258,0.7,-0.847,3.6478,4.673,0.0,0.0,0.545,0.0,0.0,0.0,0.0,0.0,-1.0,-9.88e-15,0.0,0.7096,0.2752,0.002742,0.0007398,0.00671,-1.0,0.01525,6.888,7.067,7.734,6.279
0.0152,0.01508,8.2,0.7296577096,2.3913710289,0.73,-0.76,3.6637,4.668,0.0,0.0,0.541,0.0,0.0,0.0,0.0,0.0,-1.0,-1.19e-14,0.0,0.7097,0.2751,0.00272,0.000739,0.006709,-1.0,0.01523,6.67,6.776,7.378,6.035
0.0152,0.01508,8.2,0.75,2.3998889087,0.75,-0.703,3.6741,4.664,0.0,0.0,0.538,0.0,0.0,0.0,0.0,0.0,-1.0,-1.34e-14,0.0,0.7097,0.2751,0.002705,0.0007387,0.00671,-1.0,0.01527,6.527,6.591,7.156,5.878
0.0152,0.01508,8.2,0.7551057935,2.4019441561,0.755,-0.689,3.6762,4.662,0.0,0.0,0.538,0.0,0.0,0.0,0.0,0.0,-1.0,-1.38e-14,0.0,0.7097,0.2751,0.002705,0.0007387,0.006709,-1.0,0.01527,6.493,6.55,7.107,5.842
0.0152,0.01508,8.2,0.8000000119,2.4187244405,0.8,-0.574,3.694,4.643,0.0,0.0,0.538,0.0,0.0,0.0,0.0,0.0,-1.0,-1.79e-14,0.0,0.7097,0.275,0.002704,0.0007386,0.006708,-1.0,0.01526,6.205,6.204,6.705,5.542
0.0152,0.01508,8.2,0.8500000238,2.435034684,0.85,-0.452,3.7127,4.622,0.0,0.0,0.538,0.0,0.0,0.0,0.0,0.0,-1.0,-2.35e-14,0.0,0.7098,0.275,0.002704,0.0007384,0.006707,-1.0,0.0152,5.901,5.851,6.301,5.234
0.0152,0.01508,8.2,0.9000000358,2.4492786175,0.899,-0.338,3.7297,4.6,0.0,0.0,0.538,0.0,0.0,0.0,0.0,0.0,-1.0,-3.05e-14,0.0,0.7099,0.2749,0.002703,0.0007381,0.006704,-1.0,0.01525,5.615,5.53,5.941,4.952
0.0152,0.01508,8.2,0.9500000477,2.4618122009,0.95,-0.229,3.7447,4.575,0.0,0.0,0.538,0.0,0.0,0.0,0.0,0.0,-1.0,-3.93e-14,0.0,0.7101,0.2747,0.002702,0.0007378,0.006702,-1.0,0.01524,5.342,5.236,5.61,4.692
0.0152,0.01508,8.2,1.0,2.4729154477,1.0,-0.12,3.7586,4.545,0.0,0.0,0.538,0.0,0.0,0.0,0.0,0.0,-1.0,-5.08e-14,0.0,0.7102,0.2745,0.002701,0.0007374,0.006698,-1.0,0.01524,5.071,4.952,5.294,4.441
0.0152,0.01508,8.2,1.0499999523,2.482811486,1.05,-0.017,3.7713,4.513,0.0,0.0,0.538,0.0,0.0,0.0,0.0,0.0,-1.0,-6.06e-14,0.0,0.7105,0.2743,0.002698,0.0007368,0.006693,-1.0,0.01519,4.813,4.687,5.001,4.207
0.0152,0.01508,8.2,1.1000000238,2.491680148,1.099,0.081,3.7828,4.481,0.0,0.0,0.538,0.0,0.0,0.0,0.0,0.0,-1.0,-7.1e-14,0.0,0.7109,0.2738,0.002695,0.0007359,0.006684,-1.0,0.01524,4.567,4.438,4.726,3.986
0.0152,0.01508,8.2,1.1499999762,2.4996678137,1.149,0.174,3.7932,4.449,0.0,0.0,0.537,0.0,0.0,0.0,0.0,0.0,-1.0,-8.2e-14,0.0,0.7116,0.2733,0.00269,0.0007346,0.006672,-1.0,0.01511,4.334,4.205,4.472,3.778
0.0152,0.01508,8.2,1.2000000477,2.5068948796,1.2,0.265,3.8031,4.417,0.0,0.0,0.538,0.0,0.0,0.0,0.0,0.0,-1.0,-9.3e-14,0.0,0.7117,0.2732,0.00269,0.0007346,0.006673,-1.0,0.01516,4.108,3.981,4.227,3.578
0.0152,0.01508,8.2,1.2399185896,2.5121861161,1.24,0.334,3.8108,4.393,1.0,0.0,0.537,0.0,0.0,0.0,0.0,0.0,-1.0,-1.01e-13,0.0,0.7117,0.2731,0.00269,0.0007346,0.006673,-1.0,0.01516,3.935,3.81,4.041,3.426
0.0152,0.01508,8.2,1.25,2.5134610955,1.25,0.351,3.8127,4.387,1.0,0.0,0.537,0.0,0.0,0.0,0.0,0.0,-1.0,-1.04e-13,0.0,0.7117,0.2731,0.00269,0.0007346,0.006673,-1.0,0.01516,3.892,3.768,3.996,3.389
0.0152,0.01508,8.2,1.2999999523,2.5194498592,1.3,0.433,3.8219,4.359,1.0,0.0,0.538,0.0,0.0,0.0,0.0,0.0,-1.0,-1.13e-13,0.0,0.7118,0.273,0.00269,0.0007345,0.006672,-1.0,0.01516,3.689,3.566,3.777,3.207
0.0152,0.01508,8.2,1.3500001431,2.5249313723,1.35,0.509,3.8313,4.336,1.0,0.0,0.537,0.0,0.0,0.0,0.0,0.0,-1.0,-1.19e-13,0.0,0.7118,0.2731,0.002689,0.0007345,0.006672,-1.0,0.01513,3.497,3.375,3.571,3.039
0.0152,0.01508,8.2,1.4000000954,2.5299650415,1.4,0.582,3.8409,4.318,1.0,0.0,0.537,0.0,0.0,0.0,0.0,0.0,-1.0,-1.21e-13,0.0,0.7118,0.2731,0.002689,0.0007345,0.006672,-1.0,0.01512,3.315,3.196,3.376,2.882
0.0152,0.01508,8.2,1.4500000477,2.5346015836,1.45,0.651,3.8514,4.306,1.0,0.0,0.537,0.0,0.0,0.0,0.0,0.0,-1.0,-1.17e-13,0.0,0.7119,0.273,0.002689,0.0007343,0.006671,-1.0,0.01518,3.143,3.028,3.191,2.739
0.0152,0.01508,8.2,1.5,2.5388844597,1.5,0.718,3.8636,4.303,1.0,0.0,0.537,0.0,0.0,0.0,0.0,0.0,-1.0,-1.08e-13,0.0,0.7119,0.2729,0.002688,0.0007341,0.006669,-1.0,0.01517,2.976,2.867,3.011,2.607
0.0152,0.01508,8.2,1.5499999523,2.5428511323,1.55,0.782,3.8768,4.306,1.0,0.0,0.537,0.0,0.0,0.0,0.0,0.0,-1.0,-9.19e-14,0.0,0.712,0.2728,0.002687,0.0007339,0.006667,-1.0,0.01518,2.816,2.715,2.84,2.488
0.0152,0.01508,8.2,1.6000000238,2.5465340628,1.6,0.843,3.89,4.311,1.0,0.0,0.537,0.0,0.0,0.0,0.0,0.0,-1.0,-6.91e-14,0.0,0.7121,0.2727,0.002687,0.0007338,0.006666,-1.0,0.01516,2.662,2.571,2.677,2.377
0.0152,0.01508,8.2,1.6500000954,2.5499614852,1.649,0.902,3.9024,4.315,1.0,0.0,0.537,0.0,0.0,0.0,0.0,0.0,-1.0,-3.88e-14,0.0,0.7122,0.2727,0.002686,0.0007336,0.006664,-1.0,0.01515,2.515,2.438,2.525,2.274
0.0152,0.01508,8.2,1.7000000477,2.5531580802,1.699,0.958,3.9141,4.318,1.0,0.0,0.537,0.0,0.0,0.0,0.0,0.0,-1.0,-9.999999999999999e-31,0.0,0.7123,0.2726,0.002686,0.0007335,0.006663,-1.0,0.01515,2.374,2.312,2.383,2.178
0.0152,0.01508,8.2,1.75,2.5561455243,1.749,1.013,3.925,4.32,1.0,0.0,0.537,0.0,0.0,0.0,0.0,0.0,-1.0,-9.999999999999999e-31,0.0,0.7123,0.2725,0.002685,0.0007333,0.006662,-1.0,0.01515,2.238,2.194,2.251,2.088
0.0152,0.01508,8.2,1.7956184149,2.558704925,1.794,1.06,3.9342,4.32,1.0,0.0,0.537,0.0,0.0,0.0,0.0,0.0,-1.0,-9.999999999999999e-31,0.0,0.7124,0.2724,0.002685,0.0007332,0.006661,-1.0,0.01516,2.119,2.094,2.14,2.009
0.0152,0.01508,8.2,1.7999999523,2.5589429085,1.799,1.065,3.9351,4.32,1.0,0.0,0.537,0.0,0.0,0.0,0.0,0.0,-1.0,-9.999999999999999e-31,0.0,0.7124,0.2724,0.002685,0.0007332,0.006661,-1.0,0.01516,2.108,2.085,2.129,2.002
0.0152,0.01508,8.2,1.8500000238,2.5615671203,1.849,1.115,3.9445,4.32,1.0,0.0,0.537,0.0,0.0,0.0,0.0,0.0,-1.0,-9.999999999999999e-31,0.0,0.7125,0.2724,0.002684,0.0007331,0.00666,-1.0,0.01517,1.982,1.984,2.018,1.921
0.0152,0.01508,8.2,1.9000000954,2.5640331317,1.899,1.164,3.9532,4.318,1.0,0.0,0.537,0.0,0.0,0.0,0.0,0.0,-1.0,-9.999999999999999e-31,0.0,0.7125,0.2724,0.002684,0.000733,0.006659,-1.0,0.01516,1.861,1.888,1.913,1.841
0.0152,0.01508,8.2,1.9264545441,2.5652784822,1.926,1.189,3.9576,4.316,1.0,0.0,0.537,0.0,0.0,0.0,0.0,0.0,-1.0,-9.999999999999999e-31,0.0,0.7125,0.2723,0.002684,0.000733,0.006658,-1.0,0.01516,1.798,1.84,1.861,1.801
0.0152,0.01508,8.2,1.9500001669,2.5663542767,1.95,1.211,3.9614,4.315,1.0,0.0,0.537,0.0,0.0,0.0,0.0,0.0,-1.0,-9.999999999999999e-31,0.0,0.7125,0.2723,0.002684,0.000733,0.006658,-1.0,0.01515,1.743,1.798,1.815,1.765
0.0152,0.01508,8.2,2.0,2.5685424513,2.0,1.257,3.9691,4.311,1.0,0.0,0.537,0.0,0.0,0.0,0.0,0.0,-1.0,-9.999999999999999e-31,0.0,0.7126,0.2723,0.002684,0.0007329,0.006658,-1.0,0.0151,1.628,1.711,1.723,1.691
0.0152,0.01508,8.2,2.0499999523,2.5706083333,2.05,1.301,3.9766,4.306,1.0,0.0,0.537,0.0,0.0,0.0,0.0,0.0,-1.0,-9.999999999999999e-31,0.0,0.7126,0.2723,0.002683,0.0007328,0.006657,-1.0,0.01517,1.516,1.629,1.635,1.619
0.0152,0.01508,8.2,2.0999999046,2.5725614918,2.099,1.345,3.9837,4.301,1.0,0.0,0.537,0.0,0.0,0.0,0.0,0.0,-1.0,-9.999999999999999e-31,0.0,0.7126,0.2722,0.002683,0.0007328,0.006657,-1.0,0.01513,1.407,1.549,1.55,1.549
0.0152,0.01508,8.2,2.1500000954,2.5744105556,2.149,1.388,3.9904,4.296,1.0,0.0,0.537,0.0,0.0,0.0,0.0,0.0,-1.0,-9.999999999999999e-31,0.0,0.7126,0.2722,0.002683,0.0007327,0.006656,-1.0,0.01513,1.3,1.471,1.468,1.479
0.0152,0.01508,8.2,2.2000000477,2.5761632879,2.199,1.43,3.997,4.29,1.0,0.0,0.537,0.0,0.0,0.0,0.0,0.0,-1.0,-9.999999999999999e-31,0.0,0.7126,0.2722,0.002683,0.0007327,0.006656,-1.0,0.01515,1.195,1.396,1.388,1.412
0.0152,0.01508,8.2,2.25,2.5778267375,2.249,1.471,4.0033,4.284,1.0,0.0,0.537,0.0,0.0,0.0,0.0,0.0,-1.0,-9.999999999999999e-31,0.0,0.7127,0.2722,0.002682,0.0007326,0.006655,-1.0,0.01517,1.093,1.323,1.311,1.345
0.0152,0.01508,8.2,2.2999999523,2.5794072884,2.299,1.511,4.0095,4.278,1.0,0.0,0.537,0.0,0.0,0.0,0.0,0.0,-1.0,-9.999999999999999e-31,0.0,0.7127,0.2722,0.002683,0.0007326,0.006655,-1.0,0.01511,0.992,1.25,1.236,1.279
0.0152,0.01508,8.2,2.4000000954,2.5823423892,2.399,1.59,4.0211,4.265,1.0,0.0,0.537,0.0,0.0,0.0,0.0,0.0,-1.0,-9.999999999999999e-31,0.0,0.7127,0.2721,0.002682,0.0007325,0.006655,-1.0,0.01512,0.796,1.11,1.089,1.149
0.0152,0.01508,8.2,2.5706875324,2.5867508868,2.57,1.718,4.0396,4.241,1.0,0.0,0.538,0.0,0.0,0.0,0.0,0.0,-1.0,-9.999999999999999e-31,0.0,0.7098,0.275,0.002705,0.0007387,0.006709,-1.0,0.01524,0.476,0.881,0.852,0.936
0.0152,0.01508,8.2,2.5999999046,2.5874412955,2.6,1.739,4.0426,4.236,1.0,0.0,0.538,0.0,0.0,0.0,0.0,0.0,-1.0,-9.999999999999999e-31,0.0,0.7092,0.2755,0.00271,0.0007399,0.00672,-1.0,0.01527,0.422,0.842,0.812,0.899
0.0152,0.01508,8.2,2.7291715145,2.5902816424,2.729,1.832,4.0549,4.214,1.0,0.0,0.538,0.0,0.0,0.0,0.0,0.0,-1.0,-9.999999999999999e-31,0.0,0.7092,0.2755,0.00271,0.0007399,0.00672,-1.0,0.01527,0.191,0.671,0.637,0.738
0.0152,0.01508,8.2,2.8000001907,2.5917117867,2.8,1.881,4.0612,4.201,1.0,0.0,0.538,0.0,0.0,0.0,0.0,0.0,-1.0,-9.999999999999999e-31,0.0,0.7092,0.2755,0.00271,0.0007399,0.00672,-1.0,0.01527,0.066,0.579,0.542,0.649
0.0152,0.01508,8.2,2.9160866737,2.5938838863,2.916,1.961,4.0709,4.177,1.0,0.0,0.538,0.0,0.0,0.0,0.0,0.0,-1.0,-9.999999999999999e-31,0.0,0.7092,0.2755,0.00271,0.0007399,0.00672,-1.0,0.01527,-0.132,0.43,0.389,0.506
0.0152,0.01508,8.2,3.0,2.5953341962,3.0,2.018,4.0774,4.159,1.0,0.0,0.538,0.0,0.0,0.0,0.0,0.0,-1.0,-9.999999999999999e-31,0.0,0.7092,0.2755,0.00271,0.0007399,0.00672,-1.0,0.01527,-0.274,0.321,0.278,0.402
0.0152,0.01508,8.2,3.0601038933,2.5963169647,3.06,2.058,4.0818,4.145,1.0,0.0,0.538,0.0,0.0,0.0,0.0,0.0,-1.0,-9.999999999999999e-31,0.0,0.7092,0.2755,0.00271,0.0007399,0.00672,-1.0,0.01527,-0.374,0.244,0.2,0.328
0.0152,0.01508,8.2,3.1752252579,2.5980804238,3.175,2.134,4.0896,4.116,1.0,0.0,0.538,0.0,0.0,0.0,0.0,0.0,-1.0,-9.999999999999999e-31,0.0,0.7092,0.2755,0.00271,0.0007399,0.00672,-1.0,0.01527,-0.565,0.095,0.047,0.183
0.0152,0.01508,8.2,3.2000000477,2.5984409005,3.199,2.15,4.0911,4.109,1.0,0.0,0.538,0.0,0.0,0.0,0.0,0.0,-1.0,-9.999999999999999e-31,0.0,0.7092,0.2755,0.00271,0.0007399,0.00672,-1.0,0.01527,-0.605,0.062,0.014,0.151
0.0152,0.01508,8.2,3.2377429008,2.5989778891,3.237,2.175,4.0934,4.099,1.0,0.0,0.538,0.0,0.0,0.0,0.0,0.0,-1.0,-9.999999999999999e-31,0.0,0.7092,0.2755,0.00271,0.0007399,0.00672,-1.0,0.01527,-0.667,0.012,-0.036,0.103
0.0152,0.01508,8.2,3.3366606236,2.6003191943,3.335,2.239,4.0986,4.069,1.0,0.0,0.538,0.0,0.0,0.0,0.0,0.0,-1.0,-9.999999999999999e-31,0.0,0.7092,0.2755,0.00271,0.0007399,0.00672,-1.0,0.01527,-0.828,-0.121,-0.172,-0.028
0.0152,0.01508,8.2,3.4000000954,2.6011310876,3.398,2.28,4.1015,4.047,1.0,0.0,0.538,0.0,0.0,0.0,0.0,0.0,-1.0,-9.999999999999999e-31,0.0,0.7092,0.2755,0.00271,0.0007399,0.00672,-1.0,0.01527,-0.931,-0.209,-0.26,-0.114
0.0152,0.01508,8.2,3.4211804867,2.6013948793,3.419,2.294,4.1025,4.04,1.0,0.0,0.538,0.0,0.0,0.0,0.0,0.0,-1.0,-9.999999999999999e-31,0.0,0.7092,0.2755,0.00271,0.0007399,0.00672,-1.0,0.01527,-0.965,-0.238,-0.29,-0.142
0.0152,0.01508,8.2,3.5035033226,2.6023854303,3.501,2.347,4.1055,4.009,1.0,0.0,0.538,0.0,0.0,0.0,0.0,0.0,-1.0,-9.999999999999999e-31,0.0,0.7092,0.2755,0.00271,0.0007399,0.00672,-1.0,0.01527,-1.097,-0.354,-0.407,-0.257
0.0152,0.01508,8.2,3.5710396767,2.6031589656,3.569,2.391,4.1073,3.981,1.0,0.0,0.538,0.0,0.0,0.0,0.0,0.0,-1.0,-9.999999999999999e-31,0.0,0.7092,0.2755,0.00271,0.0007399,0.00672,-1.0,0.01527,-1.207,-0.455,-0.509,-0.357
0.0152,0.01508,8.2,3.6000001431,2.6034804607,3.598,2.41,4.1077,3.967,1.0,0.0,0.538,0.0,0.0,0.0,0.0,0.0,-1.0,-9.999999999999999e-31,0.0,0.7092,0.2755,0.00271,0.0007399,0.00672,-1.0,0.01527,-1.255,-0.501,-0.555,-0.402
0.0152,0.01508,8.2,3.6336708069,2.6038468453,3.631,2.432,4.1081,3.951,1.0,0.0,0.538,0.0,0.0,0.0,0.0,0.0,-1.0,-9.999999999999999e-31,0.0,0.7092,0.2755,0.00271,0.0007399,0.00672,-1.0,0.01527,-1.31,-0.554,-0.608,-0.455
0.0152,0.01508,8.2,3.7161426544,2.6047120883,3.714,2.486,4.1082,3.907,1.0,0.0,0.538,0.0,0.0,0.0,0.0,0.0,-1.0,-9.999999999999999e-31,0.0,0.7092,0.2755,0.00271,0.0007399,0.00672,-1.0,0.01527,-1.445,-0.689,-0.743,-0.59
0.0152,0.01508,8.2,3.7844893932,2.6053963734,3.782,2.531,4.1071,3.865,1.0,0.0,0.538,0.0,0.0,0.0,0.0,0.0,-1.0,-9.999999999999999e-31,0.0,0.7092,0.2755,0.00271,0.0007399,0.00672,-1.0,0.01527,-1.557,-0.808,-0.861,-0.71
0.0152,0.01508,8.2,3.8000001907,2.6055477311,3.798,2.541,4.1067,3.855,1.0,0.0,0.538,0.0,0.0,0.0,0.0,0.0,-1.0,-9.999999999999999e-31,0.0,0.7092,0.2755,0.00271,0.0007399,0.00672,-1.0,0.01527,-1.583,-0.836,-0.89,-0.738
0.0152,0.01508,8.2,3.848908186,2.6060158135,3.848,2.574,4.1047,3.82,1.0,0.0,0.538,0.0,0.0,0.0,0.0,0.0,-1.0,-9.999999999999999e-31,0.0,0.7092,0.2755,0.00271,0.0007399,0.00672,-1.0,0.01527,-1.664,-0.929,-0.982,-0.832
0.0152,0.01508,8.2,3.9041335583,2.6065281784,3.904,2.611,4.1013,3.776,1.0,0.0,0.538,0.0,0.0,0.0,0.0,0.0,-1.0,-9.999999999999999e-31,0.0,0.7092,0.2755,0.00271,0.0007399,0.00672,-1.0,0.01527,-1.757,-1.041,-1.093,-0.946
0.0152,0.01508,8.2,3.9635813236,2.6070614075,3.964,2.651,4.0962,3.722,1.0,0.0,0.538,0.0,0.0,0.0,0.0,0.0,-1.0,-9.999999999999999e-31,0.0,0.7092,0.2755,0.00271,0.0007399,0.00672,-1.0,0.01527,-1.858,-1.169,-1.22,-1.078
0.0152,0.01508,8.2,4.0,2.607379084,4.001,2.676,4.0916,3.682,1.0,0.0,0.538,0.0,0.0,0.0,0.0,0.0,-1.0,-9.999999999999999e-31,0.0,0.7092,0.2755,0.00271,0.0007399,0.00672,-1.0,0.01527,-1.921,-1.258,-1.307,-1.169
0.0152,0.01508,8.2,4.0128555298,2.6074896392,4.013,2.685,4.0899,3.668,1.0,0.0,0.538,0.0,0.0,0.0,0.0,0.0,-1.0,-9.999999999999999e-31,0.0,0.7092,0.2755,0.00271,0.0007399,0.00672,-1.0,0.01527,-1.943,-1.289,-1.338,-1.201
0.0152,0.01508,8.2,4.0564422607,2.6078584867,4.056,2.715,4.0827,3.614,1.0,0.0,0.538,0.0,0.0,0.0,0.0,0.0,-1.0,-9.999999999999999e-31,0.0,0.7092,0.2755,0.00271,0.0007399,0.00672,-1.0,0.01527,-2.018,-1.403,-1.45,-1.32
0.0152,0.01508,8.2,4.0979642868,2.6082014828,4.097,2.744,4.0748,3.557,1.0,0.0,0.538,0.0,0.0,0.0,0.0,0.0,-1.0,-9.999999999999999e-31,0.0,0.7092,0.2755,0.00271,0.0007399,0.00672,-1.0,0.01527,-2.091,-1.518,-1.562,-1.439
0.0152,0.01508,8.2,4.1304569244,2.6084643668,4.129,2.768,4.0676,3.508,1.0,0.0,0.538,0.0,0.0,0.0,0.0,0.0,-1.0,-9.999999999999999e-31,0.0,0.7092,0.2755,0.00271,0.0007399,0.00672,-1.0,0.01527,-2.151,-1.616,-1.658,-1.542
0.0152,0.01508,8.2,4.1659421921,2.6087460823,4.164,2.798,4.0608,3.455,1.0,0.0,0.538,0.0,0.0,0.0,0.0,0.0,-1.0,-9.999999999999999e-31,0.0,0.7092,0.2755,0.00271,0.0007399,0.00672,-1.0,0.01527,-2.225,-1.725,-1.765,-1.655
0.0152,0.01508,8.2,4.1771225929,2.6088337033,4.175,2.808,4.0593,3.44,1.0,0.0,0.538,0.0,0.0,0.0,0.0,0.0,-1.0,-9.999999999999999e-31,0.0,0.7092,0.2755,0.00271,0.0007399,0.00672,-1.0,0.01527,-2.251,-1.758,-1.797,-1.689
0.0152,0.01508,8.2,4.1946139336,2.6089697063,4.192,2.84,4.0721,3.461,1.0,0.0,0.538,0.0,0.0,0.0,0.0,0.0,-1.0,-9.999999999999999e-31,0.0,0.7092,0.2755,0.00271,0.0007399,0.00672,-1.0,0.01527,-2.33,-1.772,-1.815,-1.695
0.0152,0.01508,8.2,4.1987996101,2.6090020587,4.197,2.854,4.081,3.483,1.0,0.0,0.538,0.0,0.0,0.0,0.0,0.0,-1.0,-9.999999999999999e-31,0.0,0.7092,0.2755,0.00271,0.0007399,0.00672,-1.0,0.01527,-2.366,-1.762,-1.808,-1.68
0.0152,0.01508,8.2,4.1999998093,2.6090113217,4.198,2.862,4.0862,3.496,1.0,0.0,0.538,0.0,0.0,0.0,0.0,0.0,-1.0,-9.999999999999999e-31,0.0,0.7092,0.2755,0.00271,0.0007399,0.00672,-1.0,0.01527,-2.385,-1.753,-1.801,-1.668
0.0152,0.01508,8.2,4.2004880905,2.6090150884,4.199,2.865,4.0883,3.501,1.0,0.0,0.538,0.0,0.0,0.0,0.0,0.0,-1.0,-9.999999999999999e-31,0.0,0.7092,0.2755,0.00271,0.0007399,0.00672,-1.0,0.01527,-2.393,-1.75,-1.798,-1.663
0.0152,0.01508,8.2,4.201695919,2.6090244017,4.2,2.881,4.0983,3.526,1.0,0.0,0.538,0.0,0.0,0.0,0.0,0.0,-1.0,-9.999999999999999e-31,0.0,0.7092,0.2755,0.00271,0.0007399,0.00672,-1.0,0.01527,-2.432,-1.735,-1.786,-1.643
0.0152,0.01508,8.2,4.2024006844,2.6090298331,4.201,2.899,4.1083,3.548,1.0,0.0,0.538,0.0,0.0,0.0,0.0,0.0,-1.0,-9.999999999999999e-31,0.0,0.7092,0.2755,0.00271,0.0007399,0.00672,-1.0,0.01527,-2.477,-1.725,-1.78,-1.627
0.0152,0.01508,8.2,4.2028436661,2.609033246,4.201,2.917,4.1175,3.566,1.0,0.0,0.538,0.0,0.0,0.0,0.0,0.0,-1.0,-9.999999999999999e-31,0.0,0.7092,0.2755,0.00271,0.0007399,0.00672,-1.0,0.01527,-2.524,-1.721,-1.778,-1.618
0.0152,0.01508,8.2,4.2030682564,2.609034976,4.201,2.925,4.1218,3.575,1.0,0.0,0.538,0.0,0.0,0.0,0.0,0.0,-1.0,-9.999999999999999e-31,0.0,0.7092,0.2755,0.00271,0.0007399,0.00672,-1.0,0.01527,-2.543,-1.716,-1.775,-1.611
0.0152,0.01508,8.2,4.2032222748,2.6090361623,4.201,2.904,4.1166,3.576,2.0,0.0,0.538,0.0,0.0,0.0,0.0,0.0,-1.0,-9.999999999999999e-31,0.0,0.7092,0.2755,0.00271,0.0007399,0.00672,-1.0,0.01527,-2.49,-1.692,-1.75,-1.589
0.0152,0.01508,8.2,4.2033510208,2.6090371538,4.201,2.88,4.108,3.566,2.0,0.0,0.538,0.0,0.0,0.0,0.0,0.0,-1.0,-9.999999999999999e-31,0.0,0.7092,0.2755,0.00271,0.0007399,0.00672,-1.0,0.01527,-2.429,-1.679,-1.734,-1.581
0.0152,0.01508,8.2,4.2034664154,2.6090380424,4.202,2.865,4.0986,3.543,2.0,0.0,0.538,0.0,0.0,0.0,0.0,0.0,-1.0,-9.999999999999999e-31,0.0,0.7092,0.2755,0.00271,0.0007399,0.00672,-1.0,0.01527,-2.392,-1.693,-1.745,-1.601
0.0152,0.01508,8.2,4.2036123276,2.609039166,4.202,2.862,4.0868,3.499,2.0,0.0,0.538,0.0,0.0,0.0,0.0,0.0,-1.0,-9.999999999999999e-31,0.0,0.7092,0.2755,0.00271,0.0007399,0.00672,-1.0,0.01527,-2.385,-1.75,-1.798,-1.664
0.0152,0.01508,8.2,4.203772068,2.609040396,4.202,2.872,4.0752,3.442,2.0,0.0,0.538,0.0,0.0,0.0,0.0,0.0,-1.0,-9.999999999999999e-31,0.0,0.7092,0.2755,0.00271,0.0007399,0.00672,-1.0,0.01527,-2.409,-1.836,-1.88,-1.757
0.0152,0.01508,8.2,4.2039489746,2.609041758,4.202,2.885,4.0634,3.383,2.0,0.0,0.538,0.0,0.0,0.0,0.0,0.0,-1.0,-9.999999999999999e-31,0.0,0.7092,0.2755,0.00271,0.0007399,0.00672,-1.0,0.01527,-2.442,-1.929,-1.969,-1.858
0.0152,0.01508,8.2,4.2041387558,2.609043219,4.202,2.895,4.0517,3.325,2.0,0.0,0.538,0.0,0.0,0.0,0.0,0.0,-1.0,-9.999999999999999e-31,0.0,0.7092,0.2755,0.00271,0.0007399,0.00672,-1.0,0.01527,-2.468,-2.015,-2.051,-1.951
0.0152,0.01508,8.2,4.2043371201,2.6090447459,4.202,2.902,4.0398,3.271,2.0,0.0,0.538,0.0,0.0,0.0,0.0,0.0,-1.0,-9.999999999999999e-31,0.0,0.7092,0.2755,0.00271,0.0007399,0.00672,-1.0,0.01527,-2.485,-2.091,-2.123,-2.035
0.0152,0.01508,8.2,4.2045416832,2.6090463204,4.203,2.906,4.028,3.22,2.0,0.0,0.538,0.0,0.0,0.0,0.0,0.0,-1.0,-9.999999999999999e-31,0.0,0.7092,0.2755,0.00271,0.0007399,0.00672,-1.0,0.01527,-2.495,-2.159,-2.187,-2.111
0.0152,0.01508,8.2,4.2047495842,2.6090479203,4.203,2.908,4.0161,3.17,2.0,0.0,0.538,0.0,0.0,0.0,0.0,0.0,-1.0,-9.999999999999999e-31,0.0,0.7092,0.2755,0.00271,0.0007399,0.00672,-1.0,0.01527,-2.5,-2.22,-2.244,-2.181
0.0152,0.01508,8.2,4.204957962,2.6090495238,4.203,2.909,4.0043,3.122,2.0,0.0,0.538,0.0,0.0,0.0,0.0,0.0,-1.0,-9.999999999999999e-31,0.0,0.7092,0.2755,0.00271,0.0007399,0.00672,-1.0,0.01527,-2.501,-2.277,-2.295,-2.246
0.0152,0.01508,8.2,4.2051653862,2.6090511197,4.203,2.908,3.9923,3.075,2.0,0.0,0.538,0.0,0.0,0.0,0.0,0.0,-1.0,-9.999999999999999e-31,0.0,0.7092,0.2755,0.00271,0.0007399,0.00672,-1.0,0.01527,-2.499,-2.328,-2.342,-2.307
0.0152,0.01508,8.2,4.2053689957,2.6090526861,4.203,2.906,3.9804,3.029,2.0,0.0,0.538,0.0,0.0,0.0,0.0,0.0,-1.0,-9.999999999999999e-31,0.0,0.7092,0.2755,0.00271,0.0007399,0.00672,-1.0,0.01527,-2.494,-2.375,-2.384,-2.365
0.0152,0.01508,8.2,4.2055673599,2.609054212,4.204,2.903,3.9684,2.985,2.0,0.0,0.538,0.0,0.0,0.0,0.0,0.0,-1.0,-9.999999999999999e-31,0.0,0.7092,0.2755,0.00271,0.0007399,0.00672,-1.0,0.01527,-2.487,-2.417,-2.42,-2.419
0.0152,0.01508,8.2,4.2057590485,2.6090556863,4.204,2.899,3.9564,2.94,2.0,0.0,0.538,0.0,0.0,0.0,0.0,0.0,-1.0,-9.999999999999999e-31,0.0,0.7092,0.2755,0.00271,0.0007399,0.00672,-1.0,0.01527,-2.477,-2.455,-2.449,-2.47
0.0152,0.01508,8.2,4.2059440613,2.6090571092,4.204,2.894,3.9443,2.897,2.0,0.0,0.538,0.0,0.0,0.0,0.0,0.0,-1.0,-9.999999999999999e-31,0.0,0.7092,0.2755,0.00271,0.0007399,0.00672,-1.0,0.01527,-2.466,-2.486,-2.473,-2.518
0.0152,0.01508,8.2,4.2061200142,2.6090584623,4.204,2.889,3.9322,2.853,2.0,0.0,0.538,0.0,0.0,0.0,0.0,0.0,-1.0,-9.999999999999999e-31,0.0,0.7092,0.2755,0.00271,0.0007399,0.00672,-1.0,0.01527,-2.453,-2.512,-2.489,-2.562
0.0152,0.01508,8.2,4.2062883377,2.6090597566,4.204,2.883,3.9201,2.811,2.0,0.0,0.538,0.0,0.0,0.0,0.0,0.0,-1.0,-9.999999999999999e-31,0.0,0.7092,0.2755,0.00271,0.0007399,0.00672,-1.0,0.01527,-2.438,-2.528,-2.494,-2.6
0.0152,0.01508,8.2,4.2064471245,2.6090609774,4.205,2.877,3.908,2.769,2.0,0.0,0.538,0.0,0.0,0.0,0.0,0.0,-1.0,-9.999999999999999e-31,0.0,0.7092,0.2755,0.00271,0.0007399,0.00672,-1.0,0.01527,-2.422,-2.537,-2.489,-2.634
0.0152,0.01508,8.2,4.2065973282,2.6090621321,4.205,2.87,3.8958,2.727,2.0,0.0,0.538,0.0,0.0,0.0,0.0,0.0,-1.0,-9.999999999999999e-31,0.0,0.7092,0.2755,0.00271,0.0007399,0.00672,-1.0,0.01527,-2.405,-2.539,-2.476,-2.663
0.0152,0.01508,8.2,4.2067399025,2.6090632282,4.205,2.863,3.8836,2.685,2.0,0.0,0.538,0.0,0.0,0.0,0.0,0.0,-1.0,-9.999999999999999e-31,0.0,0.7092,0.2755,0.00271,0.0007399,0.00672,-1.0,0.01527,-2.387,-2.535,-2.455,-2.69
0.0152,0.01508,8.2,4.2068738937,2.6090642581,4.205,2.855,3.8713,2.644,2.0,0.0,0.538,0.0,0.0,0.0,0.0,0.0,-1.0,-9.999999999999999e-31,0.0,0.7092,0.2755,0.00271,0.0007399,0.00672,-1.0,0.01527,-2.368,-2.526,-2.426,-2.714
0.0152,0.01508,8.2,4.2070002556,2.6090652293,4.205,2.847,3.8591,2.603,2.0,0.0,0.538,0.0,0.0,0.0,0.0,0.0,-1.0,-9.999999999999999e-31,0.0,0.7092,0.2755,0.00271,0.0007399,0.00672,-1.0,0.01527,-2.347,-2.514,-2.392,-2.737
0.0152,0.01508,8.2,4.2071194649,2.6090661455,4.205,2.838,3.8469,2.563,2.0,0.0,0.538,0.0,0.0,0.0,0.0,0.0,-1.0,-9.999999999999999e-31,0.0,0.7092,0.2755,0.00271,0.0007399,0.00672,-1.0,0.01527,-2.326,-2.496,-2.352,-2.754
0.0152,0.01508,8.2,4.2072319984,2.6090670104,4.205,2.83,3.8346,2.523,2.0,0.0,0.538,0.0,0.0,0.0,0.0,0.0,-1.0,-9.999999999999999e-31,0.0,0.7092,0.2755,0.00271,0.0007399,0.00672,-1.0,0.01527,-2.304,-2.475,-2.308,-2.767
0.0152,0.01508,8.2,4.2073383331,2.6090678275,4.205,2.821,3.8224,2.483,2.0,0.0,0.538,0.0,0.0,0.0,0.0,0.0,-1.0,-9.999999999999999e-31,0.0,0.7092,0.2755,0.00271,0.0007399,0.00672,-1.0,0.01527,-2.281,-2.451,-2.261,-2.776
0.0152,0.01508,8.2,4.2074389458,2.6090686006,4.206,2.811,3.8101,2.443,2.0,0.0,0.538,0.0,0.0,0.0,0.0,0.0,-1.0,-9.999999999999999e-31,0.0,0.7092,0.2755,0.00271,0.0007399,0.00672,-1.0,0.01527,-2.258,-2.425,-2.211,-2.783
0.0152,0.01508,8.2,4.2075343132,2.6090693334,4.206,2.802,3.7979,2.404,2.0,0.0,0.538,0.0,0.0,0.0,0.0,0.0,-1.0,-9.999999999999999e-31,0.0,0.7092,0.2755,0.00271,0.0007399,0.00672,-1.0,0.01527,-2.234,-2.396,-2.155,-2.788
0.0152,0.01508,8.2,4.2076239586,2.6090700222,4.206,2.792,3.7857,2.365,2.0,0.0,0.538,0.0,0.0,0.0,0.0,0.0,-1.0,-9.999999999999999e-31,0.0,0.7092,0.2755,0.00271,0.0007399,0.00672,-1.0,0.01527,-2.209,-2.364,-2.097,-2.79
0.0152,0.01508,8.2,4.2077097893,2.6090706817,4.206,2.782,3.7736,2.327,2.0,0.0,0.538,0.0,0.0,0.0,0.0,0.0,-1.0,-9.999999999999999e-31,0.0,0.7092,0.2755,0.00271,0.0007399,0.00672,-1.0,0.01527,-2.184,-2.329,-2.033,-2.788
0.0152,0.01508,8.2,4.2077913284,2.6090713081,4.206,2.771,3.7619,2.29,2.0,0.0,0.538,0.0,0.0,0.0,0.0,0.0,-1.0,-9.999999999999999e-31,0.0,0.7092,0.2755,0.00271,0.0007399,0.00672,-1.0,0.01527,-2.158,-2.291,-1.967,-2.781
0.0152,0.01508,8.2,4.2078695297,2.6090719089,4.206,2.76,3.7511,2.258,2.0,0.0,0.538,0.0,0.0,0.0,0.0,0.0,-1.0,-9.999999999999999e-31,0.0,0.7092,0.2755,0.00271,0.0007399,0.00672,-1.0,0.01527,-2.131,-2.25,-1.901,-2.767
0.0152,0.01508,8.2,4.2079496384,2.6090725243,4.206,2.749,3.7409,2.229,2.0,0.0,0.538,0.0,0.0,0.0,0.0,0.0,-1.0,-9.999999999999999e-31,0.0,0.7092,0.2755,0.00271,0.0007399,0.00672,-1.0,0.01527,-2.102,-2.205,-1.832,-2.747
0.0152,0.01508,8.2,4.2080359459,2.6090731873,4.206,2.735,3.7316,2.206,2.0,0.0,0.538,0.0,0.0,0.0,0.0,0.0,-1.0,-9.999999999999999e-31,0.0,0.7092,0.2755,0.00271,0.0007399,0.00672,-1.0,0.01527,-2.067,-2.154,-1.76,-2.718
0.0152,0.01508,8.2,4.2081327438,2.6090739308,4.206,2.718,3.7234,2.189,2.0,0.0,0.538,0.0,0.0,0.0,0.0,0.0,-1.0,-9.999999999999999e-31,0.0,0.7092,0.2755,0.00271,0.0007399,0.00672,-1.0,0.01527,-2.025,-2.096,-1.683,-2.679
0.0152,0.01508,8.2,4.2082734108,2.6090750112,4.206,2.692,3.7135,2.176,2.0,0.0,0.538,0.0,0.0,0.0,0.0,0.0,-1.0,-9.999999999999999e-31,0.0,0.7092,0.2755,0.00271,0.0007399,0.00672,-1.0,0.01527,-1.96,-2.01,-1.573,-2.615
0.0152,0.01508,8.2,4.2084031105,2.6090760074,4.206,2.668,3.7055,2.168,2.0,0.0,0.538,0.0,0.0,0.0,0.0,0.0,-1.0,-9.999999999999999e-31,0.0,0.7092,0.2755,0.00271,0.0007399,0.00672,-1.0,0.01527,-1.899,-1.931,-1.475,-2.552
0.0152,0.01508,8.2,4.2085471153,2.6090771133,4.207,2.644,3.6974,2.159,2.0,0.0,0.538,0.0,0.0,0.0,0.0,0.0,-1.0,-9.999999999999999e-31,0.0,0.7092,0.2755,0.00271,0.0007399,0.00672,-1.0,0.01527,-1.841,-1.851,-1.375,-2.49
0.0152,0.01508,8.2,4.2087025642,2.609078307,4.207,2.632,3.689,2.138,2.0,0.0,0.538,0.0,0.0,0.0,0.0,0.0,-1.0,-9.999999999999999e-31,0.0,0.7092,0.2755,0.00271,0.0007399,0.00672,-1.0,0.01527,-1.81,-1.797,-1.3,-2.455
0.0152,0.01508,8.2,4.2087574005,2.609078728,4.207,2.628,3.6861,2.13,2.0,0.0,0.538,0.0,0.0,0.0,0.0,0.0,-1.0,-9.999999999999999e-31,0.0,0.7092,0.2755,0.00271,0.0007399,0.00672,-1.0,0.01527,-1.799,-1.777,-1.273,-2.441
0.0152,0.01508,8.2,4.2089276314,2.6090800351,4.207,2.648,3.6772,2.075,3.0,0.0,0.538,3.15,2.89,2.19,1.58,1.29,4.0,-9.999999999999999e-31,0.0,0.7092,0.2755,0.00271,0.0007399,0.00672,-1.0,0.01527,-1.851,-1.8,-1.271,-2.484
0.0152,0.01508,8.2,4.2090797424,2.6090812029,4.207,2.686,3.6696,2.006,3.0,0.0,0.537,3.64,3.27,2.47,1.78,1.46,4.0,-9.999999999999999e-31,0.0,0.7092,0.2755,0.002709,0.00074,0.00672,-1.0,0.01527,-1.946,-1.869,-1.318,-2.571
0.0152,0.01508,8.2,4.2092084885,2.6090821913,4.207,2.727,3.6637,1.942,3.0,0.0,0.536,4.16,3.68,2.76,1.99,1.63,4.0,-9.999999999999999e-31,0.0,0.7091,0.2756,0.002702,0.0007414,0.00672,-1.0,0.01527,-2.047,-1.948,-1.38,-2.664
0.0152,0.01508,8.2,4.2093276978,2.6090831064,4.207,2.763,3.6592,1.888,3.0,0.0,0.531,4.65,4.05,3.03,2.19,1.8,4.0,-9.999999999999999e-31,0.0,0.7091,0.2756,0.002676,0.0007525,0.00672,-1.0,0.01527,-2.138,-2.021,-1.439,-2.748
0.0152,0.01508,8.2,4.2094597816,2.6090841202,4.208,2.796,3.6553,1.839,3.0,0.0,0.518,5.15,4.43,3.3,2.39,1.96,4.0,-9.999999999999999e-31,0.0,0.709,0.2756,0.002608,0.0008009,0.00672,-1.0,0.01531,-2.221,-2.088,-1.494,-2.823
0.0152,0.01508,8.2,4.2096629143,2.6090856793,4.208,2.834,3.6511,1.784,3.0,0.0,0.489,5.77,4.89,3.62,2.63,2.15,4.0,-9.999999999999999e-31,0.0,0.709,0.2757,0.002462,0.0009567,0.00672,-1.0,0.01531,-2.315,-2.165,-1.558,-2.91
0.0152,0.01508,8.2,4.2097067833,2.609086016,4.208,2.841,3.6504,1.774,3.0,0.0,0.481,5.89,4.98,3.69,2.68,2.19,4.0,-9.999999999999999e-31,0.0,0.7089,0.2757,0.002422,0.001003,0.00672,-1.0,0.01531,-2.333,-2.179,-1.57,-2.926
0.0152,0.01508,8.2,4.2099452019,2.6090878456,4.208,2.872,3.647,1.73,3.0,0.0,0.45,6.46,5.39,3.98,2.89,2.37,4.0,-9.999999999999999e-31,0.0,0.7088,0.2758,0.00227,0.001189,0.00672,-1.0,0.01536,-2.41,-2.24,-1.621,-2.995
0.0152,0.01508,8.2,4.2099928856,2.6090882115,4.208,2.878,3.6463,1.721,3.0,0.0,0.445,6.58,5.48,4.04,2.94,2.41,4.0,-9.999999999999999e-31,0.0,0.7088,0.2758,0.002241,0.001225,0.00672,-1.0,0.01537,-2.425,-2.253,-1.631,-3.008
0.0152,0.01508,8.2,4.210038662,2.6090885627,4.208,2.883,3.6458,1.714,3.0,0.0,0.441,6.69,5.55,4.09,2.98,2.44,4.0,-9.999999999999999e-31,0.0,0.7088,0.2758,0.002221,0.001249,0.00672,-1.0,0.01537,-2.438,-2.263,-1.64,-3.02
0.0152,0.01508,8.2,4.2104516029,2.6090917309,4.208,2.93,3.641,1.648,3.0,0.0,0.411,7.67,6.26,4.58,3.34,2.74,4.0,-9.999999999999999e-31,0.0,0.7087,0.276,0.002072,0.001433,0.00672,-1.0,0.01537,-2.556,-2.358,-1.721,-3.126
0.0152,0.01508,8.2,4.2108640671,2.6090948947,4.209,2.977,3.6366,1.584,3.0,0.0,0.392,8.77,7.02,5.12,3.74,3.06,4.0,-9.999999999999999e-31,0.0,0.7083,0.2764,0.001968,0.001581,0.006696,-1.0,0.01537,-2.671,-2.452,-1.801,-3.229
0.0152,0.01508,8.2,4.2112770081,2.6090980615,4.209,3.022,3.6324,1.521,3.0,0.0,0.385,9.99,7.87,5.71,4.17,3.42,4.0,-9.999999999999999e-31,0.0,0.7056,0.279,0.001894,0.001799,0.006551,-1.0,0.01537,-2.786,-2.545,-1.882,-3.331
0.0152,0.01508,8.2,4.2116436958,2.609100873,4.21,3.063,3.6289,1.467,3.0,0.0,0.384,11.19,8.68,6.27,4.59,3.76,4.0,-9.999999999999999e-31,0.0,0.7009,0.2837,0.001839,0.00201,0.006387,-1.0,0.01537,-2.888,-2.629,-1.954,-3.424
0.0152,0.01508,8.2,4.21205616,2.6091040347,4.21,3.11,3.6251,1.405,3.0,0.0,0.383,12.73,9.71,6.97,5.11,4.19,4.0,-9.999999999999999e-31,0.0,0.6947,0.2899,0.00179,0.002209,0.006229,-1.0,0.01537,-3.004,-2.722,-2.032,-3.528
0.0152,0.01508,8.2,4.2124686241,2.6091071958,4.211,3.156,3.6213,1.344,3.0,0.0,0.383,14.47,10.85,7.76,5.7,4.67,4.0,-9.999999999999999e-31,0.0,0.6884,0.2963,0.001752,0.002367,0.006103,-1.0,0.01532,-3.12,-2.817,-2.111,-3.633
0.0152,0.01508,8.2,4.2128806114,2.6091103524,4.211,3.202,3.6176,1.283,3.0,0.0,0.382,16.41,12.1,8.61,6.33,5.2,4.0,-9.999999999999999e-31,0.0,0.6829,0.3017,0.001725,0.002481,0.006011,-1.0,0.01537,-3.234,-2.908,-2.186,-3.735
0.0152,0.01508,8.2,4.2132949829,2.6091135267,4.211,3.241,3.6144,1.231,3.0,0.0,0.382,18.28,13.29,9.42,6.94,5.69,4.0,-9.999999999999999e-31,0.0,0.679,0.3056,0.001708,0.002555,0.005951,-1.0,0.01537,-3.332,-2.987,-2.251,-3.823
0.0152,0.01508,8.2,4.2142443657,2.6091207966,4.212,3.259,3.6129,1.207,3.0,0.0,0.382,19.22,13.88,9.81,7.23,5.94,4.0,-9.999999999999999e-31,0.0,0.6778,0.3068,0.001702,0.002577,0.005934,-1.0,0.01537,-3.377,-3.022,-2.279,-3.863
0.0152,0.01508,8.2,4.2175574303,2.6091461369,4.216,3.236,3.6152,1.24,4.0,0.0,0.382,0.0,0.0,0.0,0.0,0.0,-1.0,-9.999999999999999e-31,0.0,0.6778,0.3068,0.001702,0.002577,0.005934,-1.0,0.01537,-3.32,-2.98,-2.247,-3.814
0.0152,0.01508,8.2,4.2214365005,2.6091757482,4.219,3.197,3.6189,1.294,4.0,0.0,0.382,0.0,0.0,0.0,0.0,0.0,-1.0,-9.999999999999999e-31,0.0,0.6778,0.3068,0.001702,0.002577,0.005934,-1.0,0.01537,-3.223,-2.906,-2.189,-3.729
0.0152,0.01508,8.2,4.223918438,2.6091946616,4.222,3.162,3.6221,1.342,4.0,0.0,0.382,0.0,0.0,0.0,0.0,0.0,-1.0,-9.999999999999999e-31,0.0,0.6778,0.3068,0.001702,0.002577,0.005934,-1.0,0.01537,-3.135,-2.837,-2.134,-3.651
0.0152,0.01508,8.2,4.2259540558,2.6092101547,4.224,3.127,3.6253,1.389,4.0,0.0,0.382,0.0,0.0,0.0,0.0,0.0,-1.0,-9.999999999999999e-31,0.0,0.6779,0.3068,0.001702,0.002576,0.005934,-1.0,0.01537,-3.049,-2.768,-2.078,-3.574
0.0152,0.01508,8.2,4.228061676,2.6092261778,4.226,3.085,3.6291,1.447,4.0,0.0,0.382,0.0,0.0,0.0,0.0,0.0,-1.0,-9.999999999999999e-31,0.0,0.6779,0.3068,0.001703,0.002576,0.005934,-1.0,0.01537,-2.944,-2.685,-2.01,-3.48
0.0152,0.01508,8.2,4.2298822403,2.6092400038,4.228,3.047,3.6326,1.499,4.0,0.0,0.382,0.0,0.0,0.0,0.0,0.0,-1.0,-9.999999999999999e-31,0.0,0.6779,0.3068,0.001703,0.002576,0.005934,-1.0,0.01537,-2.848,-2.608,-1.946,-3.393
0.0152,0.01508,8.2,4.2315516472,2.6092526698,4.229,3.012,3.6358,1.548,4.0,0.0,0.382,0.0,0.0,0.0,0.0,0.0,-1.0,-9.999999999999999e-31,0.0,0.6779,0.3067,0.001703,0.002576,0.005934,-1.0,0.01537,-2.76,-2.536,-1.885,-3.315
0.0152,0.01508,8.2,4.2333798409,2.6092665273,4.231,2.975,3.6393,1.598,4.0,0.0,0.382,0.0,0.0,0.0,0.0,0.0,-1.0,-9.999999999999999e-31,0.0,0.6779,0.3067,0.001703,0.002576,0.005934,-1.0,0.01537,-2.668,-2.462,-1.821,-3.233
0.0152,0.01508,8.2,4.2353811264,2.6092816812,4.233,2.939,3.6428,1.649,4.0,0.0,0.382,0.0,0.0,0.0,0.0,0.0,-1.0,-9.999999999999999e-31,0.0,0.6779,0.3067,0.001703,0.002576,0.005934,-1.0,0.01537,-2.577,-2.388,-1.757,-3.151
0.0152,0.01508,8.2,4.2376880646,2.609299129,4.236,2.902,3.6465,1.701,4.0,0.0,0.382,0.0,0.0,0.0,0.0,0.0,-1.0,-9.999999999999999e-31,0.0,0.6779,0.3067,0.001703,0.002576,0.005934,-1.0,0.01537,-2.485,-2.314,-1.693,-3.069
0.0152,0.01508,8.2,4.240503788,2.6093203952,4.238,2.866,3.6504,1.752,4.0,0.0,0.383,0.0,0.0,0.0,0.0,0.0,-1.0,-9.999999999999999e-31,0.0,0.6779,0.3067,0.001703,0.002576,0.005934,-1.0,0.01537,-2.396,-2.242,-1.633,-2.988
0.0152,0.01508,8.2,4.2455091476,2.6093581191,4.243,2.822,3.656,1.82,4.0,0.0,0.383,0.0,0.0,0.0,0.0,0.0,-1.0,-9.999999999999999e-31,0.0,0.6779,0.3067,0.001703,0.002576,0.005934,-1.0,0.01537,-2.284,-2.154,-1.562,-2.888
0.0152,0.01508,8.2,4.2549791336,2.6094292122,4.253,2.786,3.6639,1.888,4.0,0.0,0.383,0.0,0.0,0.0,0.0,0.0,-1.0,-9.999999999999999e-31,0.0,0.678,0.3067,0.001703,0.002576,0.005934,-1.0,0.01537,-2.195,-2.097,-1.529,-2.813
0.0152,0.01508,8.2,4.2582306862,2.6094535385,4.256,2.781,3.6664,1.904,4.0,0.0,0.383,0.0,0.0,0.0,0.0,0.0,-1.0,-9.999999999999999e-31,0.0,0.678,0.3066,0.001703,0.002575,0.005934,-1.0,0.01537,-2.181,-2.093,-1.532,-2.803
0.0152,0.01508,8.2,4.2628002167,2.6094876529,4.26,2.795,3.6705,1.907,4.0,0.0,0.383,0.0,0.0,0.0,0.0,0.0,-1.0,-9.999999999999999e-31,0.0,0.678,0.3066,0.001703,0.002575,0.005934,-1.0,0.01537,-2.218,-2.145,-1.596,-2.846
0.0152,0.01508,8.2,4.2689332962,2.6095333083,4.267,2.818,3.6762,1.907,5.0,0.0,0.383,0.0,0.0,0.0,0.0,0.0,-1.0,-9.999999999999999e-31,0.0,0.678,0.3066,0.001704,0.002575,0.005934,-1.0,0.01537,-2.275,-2.223,-1.689,-2.911
0.0152,0.01508,8.2,4.2738695145,2.6095699447,4.271,2.833,3.6794,1.905,5.0,0.0,0.383,0.0,0.0,0.0,0.0,0.0,-1.0,-9.999999999999999e-31,0.0,0.6781,0.3066,0.001704,0.002575,0.005934,-1.0,0.01537,-2.313,-2.273,-1.748,-2.954
0.0152,0.01508,8.2,4.3036055565,2.6097886008,4.301,2.901,3.6883,1.875,5.0,0.0,0.383,0.0,0.0,0.0,0.0,0.0,-1.0,-9.999999999999999e-31,0.0,0.6782,0.3065,0.001704,0.002574,0.005934,-1.0,0.01537,-2.483,-2.47,-1.965,-3.134
0.0152,0.01508,8.2,4.3135924339,2.6098612595,4.311,2.922,3.6913,1.867,5.0,0.0,0.383,0.0,0.0,0.0,0.0,0.0,-1.0,-9.999999999999999e-31,0.0,0.6782,0.3064,0.001705,0.002574,0.005934,-1.0,0.01537,-2.535,-2.531,-2.033,-3.189
0.0152,0.01508,8.2,4.3193349838,2.609902864,4.317,2.926,3.69,1.859,6.0,0.0,0.383,0.0,0.0,0.0,0.0,0.0,-1.0,-9.999999999999999e-31,0.0,0.6782,0.3064,0.001705,0.002573,0.005934,-1.0,0.01537,-2.545,-2.538,-2.036,-3.198
