Zini,MH,logAge,Mini,int_IMF,Mass,LogL,LogTe,logg,label,McoreTP,C_O,period0,period1,period2,period3,period4,pmode,Mloss,tau1m,X,Y,Xc,Xn,Xo,Cexcess,Z,mbolmag,Gmag,G_BPmag,G_RPmag
0.0152,0.01508,8.1,0.0900000036,1.0816895926,0.09,-2.83,3.3991,4.771,0.0,0.0,0.545,0.0,0.0,0.0,0.0,0.0,-1.0,-2.58e-16,0.0,0.7092,0.2755,0.002746,0.0007408,0.006719,-1.0,0.01527,11.846,13.892,16.676,12.415
0.0152,0.01508,8.1,0.0900000036,1.0816895926,0.09,-2.83,3.3991,4.771,0.0,0.0,0.545,0.0,0.0,0.0,0.0,0.0,-1.0,-2.58e-16,0.0,0.7092,0.2755,0.002746,0.0007408,0.006719,-1.0,0.01527,11.846,13.892,16.676,12.415
0.0152,0.01508,8.1,0.0963810831,1.1401449494,0.096,-2.777,3.4068,4.778,0.0,0.0,0.545,0.0,0.0,0.0,0.0,0.0,-1.0,-2.79e-16,0.0,0.7092,0.2755,0.002746,0.0007408,0.006719,-1.0,0.01527,11.713,13.759,16.545,12.282
0.0152,0.01508,8.1,0.1000000015,1.1711064122,0.1,-2.747,3.4113,4.782,0.0,0.0,0.545,0.0,0.0,0.0,0.0,0.0,-1.0,-2.93e-16,0.0,0.7092,0.2755,0.002746,0.0007408,0.006719,-1.0,0.01527,11.636,13.683,16.47,12.205
0.0152,0.01508,8.1,0.1056087613,1.2163203745,0.106,-2.706,3.4168,4.787,0.0,0.0,0.545,0.0,0.0,0.0,0.0,0.0,-1.0,-3.11e-16,0.0,0.7092,0.2755,0.002746,0.0007408,0.006719,-1.0,0.01527,11.536,13.569,16.339,12.094
0.0152,0.01508,8.1,0.1160525456,1.2927287028,0.116,-2.633,3.4271,4.796,0.0,0.0,0.545,0.0,0.0,0.0,0.0,0.0,-1.0,-3.47e-16,0.0,0.7092,0.2755,0.002746,0.0007408,0.006719,-1.0,0.01527,11.353,13.256,15.86,11.811
0.0152,0.01508,8.1,0.1200000122,1.3193155232,0.12,-2.606,3.4311,4.799,0.0,0.0,0.545,0.0,0.0,0.0,0.0,0.0,-1.0,-3.63e-16,0.0,0.7092,0.2755,0.002746,0.0007408,0.006719,-1.0,0.01527,11.284,13.131,15.662,11.699
0.0152,0.01508,8.1,0.1303323805,1.3838356819,0.13,-2.548,3.438,4.805,0.0,0.0,0.545,0.0,0.0,0.0,0.0,0.0,-1.0,-3.95e-16,0.0,0.7092,0.2755,0.002746,0.0007408,0.006719,-1.0,0.01527,11.14,12.898,15.321,11.486
0.0152,0.01508,8.1,0.1400000006,1.4384526719,0.14,-2.497,3.4441,4.81,0.0,0.0,0.545,0.0,0.0,0.0,0.0,0.0,-1.0,-4.26e-16,0.0,0.7092,0.2755,0.002746,0.0007408,0.006719,-1.0,0.01527,11.013,12.691,15.019,11.299
0.0152,0.01508,8.1,0.1599999964,1.5372931554,0.16,-2.402,3.4553,4.817,0.0,0.0,0.545,0.0,0.0,0.0,0.0,0.0,-1.0,-4.92e-16,0.0,0.7092,0.2755,0.002746,0.0007408,0.006719,-1.0,0.01527,10.775,12.313,14.464,10.956
0.0152,0.01508,8.1,0.1806012094,1.6235839734,0.181,-2.319,3.4645,4.824,0.0,0.0,0.545,0.0,0.0,0.0,0.0,0.0,-1.0,-5.56e-16,0.0,0.7092,0.2755,0.002746,0.0007408,0.006719,-1.0,0.01527,10.568,11.995,14.007,10.669
0.0152,0.01508,8.1,0.200000003,1.6938790862,0.2,-2.248,3.4724,4.828,0.0,0.0,0.545,0.0,0.0,0.0,0.0,0.0,-1.0,-6.2e-16,0.0,0.7092,0.2755,0.002746,0.0007408,0.006719,-1.0,0.01527,10.389,11.729,13.632,10.428
0.0152,0.01508,8.1,0.25,1.8403257998,0.25,-2.093,3.4882,4.834,0.0,0.0,0.545,0.0,0.0,0.0,0.0,0.0,-1.0,-7.85e-16,0.0,0.7092,0.2755,0.002746,0.0007408,0.006719,-1.0,0.01527,10.003,11.17,12.859,9.924
0.0152,0.01508,8.1,0.3000000119,1.9529139769,0.3,-1.963,3.5,4.83,0.0,0.0,0.545,0.0,0.0,0.0,0.0,0.0,-1.0,-9.73e-16,0.0,0.7092,0.2755,0.002746,0.0007408,0.006719,-1.0,0.01527,9.677,10.735,12.294,9.526
0.0152,0.01508,8.1,0.3424646556,2.0308915275,0.342,-1.857,3.5093,4.819,0.0,0.0,0.545,0.0,0.0,0.0,0.0,0.0,-1.0,-1.18e-15,0.0,0.7092,0.2755,0.002746,0.0007408,0.006719,-1.0,0.01527,9.413,10.395,11.864,9.213
0.0152,0.01508,8.1,0.3500000238,2.0434175133,0.35,-1.84,3.5108,4.817,0.0,0.0,0.545,0.0,0.0,0.0,0.0,0.0,-1.0,-1.21e-15,0.0,0.7092,0.2755,0.002746,0.0007408,0.006719,-1.0,0.01527,9.369,10.338,11.793,9.161
0.0152,0.01508,8.1,0.3878286481,2.1013933026,0.388,-1.745,3.5198,4.803,0.0,0.0,0.545,0.0,0.0,0.0,0.0,0.0,-1.0,-1.46e-15,0.0,0.7092,0.2755,0.002746,0.0007408,0.006719,-1.0,0.01527,9.132,10.031,11.406,8.882
0.0152,0.01508,8.1,0.4000000358,2.118502481,0.4,-1.715,3.5226,4.798,0.0,0.0,0.545,0.0,0.0,0.0,0.0,0.0,-1.0,-1.54e-15,0.0,0.7092,0.2755,0.002746,0.0007408,0.006719,-1.0,0.01527,9.058,9.938,11.29,8.796
0.0152,0.01508,8.1,0.4170569181,2.141372403,0.417,-1.668,3.5273,4.788,0.0,0.0,0.545,0.0,0.0,0.0,0.0,0.0,-1.0,-1.7e-15,0.0,0.7092,0.2755,0.002746,0.0007408,0.006719,-1.0,0.01527,8.941,9.786,11.101,8.659
0.0152,0.01508,8.1,0.4500000477,2.1822809714,0.45,-1.578,3.5358,4.764,0.0,0.0,0.545,0.0,0.0,0.0,0.0,0.0,-1.0,-2.06e-15,0.0,0.7092,0.2755,0.002746,0.0007408,0.006719,-1.0,0.01527,8.715,9.504,10.757,8.4
0.0152,0.01508,8.1,0.5,2.2374541529,0.5,-1.425,3.5524,4.723,0.0,0.0,0.545,0.0,0.0,0.0,0.0,0.0,-1.0,-2.92e-15,0.0,0.7092,0.2755,0.002746,0.0007408,0.006719,-1.0,0.01527,8.331,9.016,10.157,7.959
0.0152,0.01508,8.1,0.5142256021,2.2516534859,0.514,-1.374,3.5595,4.713,0.0,0.0,0.545,0.0,0.0,0.0,0.0,0.0,-1.0,-3.27e-15,0.0,0.7092,0.2755,0.002746,0.0007407,0.006718,-1.0,0.01527,8.206,8.846,9.942,7.809
0.0152,0.01508,8.1,0.5500000119,2.2836582633,0.55,-1.257,3.5754,4.689,0.0,0.0,0.545,0.0,0.0,0.0,0.0,0.0,-1.0,-4.25e-15,0.0,0.7093,0.2754,0.002745,0.0007404,0.006715,-1.0,0.01527,7.914,8.456,9.458,7.467
0.0152,0.01508,8.1,0.5751286745,2.3034223673,0.575,-1.17,3.5922,4.689,0.0,0.0,0.545,0.0,0.0,0.0,0.0,0.0,-1.0,-5.09e-15,0.0,0.7093,0.2754,0.002744,0.0007404,0.006715,-1.0,0.01527,7.696,8.144,9.056,7.202
0.0152,0.01508,8.1,0.5921432972,2.3157149188,0.592,-1.131,3.6,4.693,0.0,0.0,0.545,0.0,0.0,0.0,0.0,0.0,-1.0,-5.48e-15,0.0,0.7093,0.2754,0.002744,0.0007404,0.006715,-1.0,0.01527,7.598,8.007,8.883,7.085
0.0152,0.01508,8.1,0.6000000238,2.3211213258,0.6,-1.12,3.6017,4.694,0.0,0.0,0.545,0.0,0.0,0.0,0.0,0.0,-1.0,-5.58e-15,0.0,0.7094,0.2754,0.002744,0.0007404,0.006714,-1.0,0.01526,7.569,7.969,8.838,7.052
0.0152,0.01508,8.1,0.6111370325,2.3285117462,0.611,-1.097,3.6056,4.696,0.0,0.0,0.545,0.0,0.0,0.0,0.0,0.0,-1.0,-5.82e-15,0.0,0.7094,0.2754,0.002744,0.0007403,0.006714,-1.0,0.01525,7.513,7.893,8.745,6.987
0.0152,0.01508,8.1,0.6444879174,2.3488969915,0.644,-1.017,3.6181,4.688,0.0,0.0,0.545,0.0,0.0,0.0,0.0,0.0,-1.0,-6.84e-15,0.0,0.7094,0.2753,0.002744,0.0007403,0.006714,-1.0,0.01526,7.312,7.633,8.43,6.76
0.0152,0.01508,8.1,0.6499999762,2.3520353107,0.65,-1.0,3.6209,4.687,0.0,0.0,0.545,0.0,0.0,0.0,0.0,0.0,-1.0,-7.09e-15,0.0,0.7094,0.2753,0.002744,0.0007403,0.006713,-1.0,0.01527,7.27,7.578,8.363,6.712
0.0152,0.01508,8.1,0.7000000477,2.3779267258,0.7,-0.848,3.6481,4.675,0.0,0.0,0.545,0.0,0.0,0.0,0.0,0.0,-1.0,-9.86e-15,0.0,0.7095,0.2753,0.002743,0.0007401,0.006713,-1.0,0.01526,6.889,7.066,7.731,6.279
0.0152,0.01508,8.1,0.7450628877,2.3978707238,0.745,-0.717,3.6723,4.668,0.0,0.0,0.538,0.0,0.0,0.0,0.0,0.0,-1.0,-1.3e-14,0.0,0.7095,0.2752,0.00271,0.0007391,0.006712,-1.0,0.01523,6.562,6.633,7.204,5.915
0.0152,0.01508,8.1,0.75,2.3998889087,0.75,-0.703,3.6748,4.667,0.0,0.0,0.538,0.0,0.0,0.0,0.0,0.0,-1.0,-1.34e-14,0.0,0.7095,0.2752,0.002706,0.000739,0.006712,-1.0,0.01524,6.527,6.589,7.151,5.878
0.0152,0.01508,8.1,0.8000000119,2.4187244405,0.8,-0.575,3.6941,4.644,0.0,0.0,0.538,0.0,0.0,0.0,0.0,0.0,-1.0,-1.78e-14,0.0,0.7096,0.2752,0.002706,0.0007389,0.006711,-1.0,0.01527,6.207,6.205,6.706,5.543
0.0152,0.01508,8.1,0.8061320782,2.4208502124,0.806,-0.559,3.6963,4.641,0.0,0.0,0.538,0.0,0.0,0.0,0.0,0.0,-1.0,-1.85e-14,0.0,0.7096,0.2752,0.002705,0.0007389,0.006711,-1.0,0.01526,6.169,6.16,6.655,5.504
0.0152,0.01508,8.1,0.8500000238,2.435034684,0.85,-0.453,3.7127,4.623,0.0,0.0,0.538,0.0,0.0,0.0,0.0,0.0,-1.0,-2.34e-14,0.0,0.7097,0.2751,0.002705,0.0007387,0.00671,-1.0,0.01521,5.903,5.852,6.303,5.236
0.0152,0.01508,8.1,0.9000000358,2.4492786175,0.899,-0.339,3.7296,4.601,0.0,0.0,0.538,0.0,0.0,0.0,0.0,0.0,-1.0,-3.04e-14,0.0,0.7097,0.275,0.002705,0.0007386,0.006708,-1.0,0.01526,5.617,5.533,5.943,4.954
0.0152,0.01508,8.1,0.9500000477,2.4618122009,0.95,-0.23,3.7447,4.576,0.0,0.0,0.538,0.0,0.0,0.0,0.0,0.0,-1.0,-3.91e-14,0.0,0.7098,0.2749,0.002704,0.0007383,0.006706,-1.0,0.01525,5.346,5.239,5.614,4.696
0.0152,0.01508,8.1,1.0,2.4729154477,1.0,-0.122,3.7585,4.546,0.0,0.0,0.538,0.0,0.0,0.0,0.0,0.0,-1.0,-5.06e-14,0.0,0.71,0.2748,0.002703,0.000738,0.006703,-1.0,0.01525,5.074,4.956,5.298,4.444
0.0152,0.01508,8.1,1.0499999523,2.482811486,1.05,-0.019,3.7712,4.514,0.0,0.0,0.538,0.0,0.0,0.0,0.0,0.0,-1.0,-6.04e-14,0.0,0.7102,0.2746,0.002701,0.0007376,0.0067,-1.0,0.01521,4.817,4.691,5.005,4.21
0.0152,0.01508,8.1,1.1000000238,2.491680148,1.099,0.08,3.7827,4.482,0.0,0.0,0.538,0.0,0.0,0.0,0.0,0.0,-1.0,-7.07e-14,0.0,0.7105,0.2742,0.002699,0.0007369,0.006693,-1.0,0.01527,4.571,4.442,4.731,3.99
0.0152,0.01508,8.1,1.1499999762,2.4996678137,1.149,0.173,3.7931,4.45,0.0,0.0,0.537,0.0,0.0,0.0,0.0,0.0,-1.0,-8.14e-14,0.0,0.711,0.2739,0.002694,0.0007358,0.006684,-1.0,0.01513,4.339,4.21,4.477,3.783
0.0152,0.01508,8.1,1.2000000477,2.5068948796,1.2,0.263,3.803,4.418,0.0,0.0,0.538,0.0,0.0,0.0,0.0,0.0,-1.0,-9.23e-14,0.0,0.7111,0.2737,0.002695,0.0007358,0.006684,-1.0,0.01519,4.113,3.986,4.233,3.583
0.0152,0.01508,8.1,1.25,2.5134610955,1.25,0.349,3.8126,4.388,0.0,0.0,0.538,0.0,0.0,0.0,0.0,0.0,-1.0,-1.03e-13,0.0,0.7111,0.2737,0.002695,0.0007358,0.006684,-1.0,0.01519,3.897,3.773,4.001,3.393
0.0152,0.01508,8.1,1.2999999523,2.5194498592,1.3,0.43,3.8218,4.361,1.0,0.0,0.538,0.0,0.0,0.0,0.0,0.0,-1.0,-1.12e-13,0.0,0.7112,0.2736,0.002694,0.0007357,0.006683,-1.0,0.01519,3.694,3.571,3.783,3.212
0.0152,0.01508,8.1,1.3500001431,2.5249313723,1.35,0.507,3.8312,4.338,1.0,0.0,0.537,0.0,0.0,0.0,0.0,0.0,-1.0,-1.18e-13,0.0,0.7112,0.2736,0.002694,0.0007357,0.006683,-1.0,0.01516,3.502,3.38,3.576,3.044
0.0152,0.01508,8.1,1.4000000954,2.5299650415,1.4,0.58,3.8409,4.32,1.0,0.0,0.537,0.0,0.0,0.0,0.0,0.0,-1.0,-1.2e-13,0.0,0.7112,0.2737,0.002694,0.0007357,0.006682,-1.0,0.01513,3.321,3.202,3.382,2.888
0.0152,0.01508,8.1,1.4500000477,2.5346015836,1.45,0.649,3.8514,4.309,1.0,0.0,0.537,0.0,0.0,0.0,0.0,0.0,-1.0,-1.16e-13,0.0,0.7113,0.2735,0.002693,0.0007355,0.006682,-1.0,0.01521,3.149,3.034,3.197,2.745
0.0152,0.01508,8.1,1.5,2.5388844597,1.5,0.715,3.8636,4.306,1.0,0.0,0.537,0.0,0.0,0.0,0.0,0.0,-1.0,-1.07e-13,0.0,0.7113,0.2735,0.002693,0.0007354,0.00668,-1.0,0.01519,2.983,2.874,3.019,2.614
0.0152,0.01508,8.1,1.5234233141,2.5407799974,1.523,0.745,3.8698,4.308,1.0,0.0,0.537,0.0,0.0,0.0,0.0,0.0,-1.0,-9.9e-14,0.0,0.7114,0.2734,0.002693,0.0007353,0.006679,-1.0,0.0152,2.908,2.803,2.938,2.559
0.0152,0.01508,8.1,1.5499999523,2.5428511323,1.55,0.778,3.8768,4.309,1.0,0.0,0.538,0.0,0.0,0.0,0.0,0.0,-1.0,-9.08e-14,0.0,0.7114,0.2734,0.002692,0.0007352,0.006679,-1.0,0.0152,2.825,2.724,2.849,2.497
0.0152,0.01508,8.1,1.6000000238,2.5465340628,1.6,0.84,3.8901,4.315,1.0,0.0,0.537,0.0,0.0,0.0,0.0,0.0,-1.0,-6.83e-14,0.0,0.7115,0.2733,0.002692,0.0007351,0.006677,-1.0,0.01519,2.671,2.58,2.686,2.386
0.0152,0.01508,8.1,1.6500000954,2.5499614852,1.649,0.898,3.9025,4.319,1.0,0.0,0.537,0.0,0.0,0.0,0.0,0.0,-1.0,-3.83e-14,0.0,0.7115,0.2733,0.002691,0.000735,0.006676,-1.0,0.01518,2.525,2.447,2.535,2.284
0.0152,0.01508,8.1,1.7000000477,2.5531580802,1.699,0.954,3.9143,4.323,1.0,0.0,0.537,0.0,0.0,0.0,0.0,0.0,-1.0,-9.999999999999999e-31,0.0,0.7116,0.2732,0.002691,0.0007348,0.006675,-1.0,0.01517,2.385,2.323,2.394,2.189
0.0152,0.01508,8.1,1.75,2.5561455243,1.749,1.008,3.9254,4.326,1.0,0.0,0.537,0.0,0.0,0.0,0.0,0.0,-1.0,-9.999999999999999e-31,0.0,0.7116,0.2732,0.00269,0.0007347,0.006674,-1.0,0.01519,2.249,2.206,2.263,2.1
0.0152,0.01508,8.1,1.7999999523,2.5589429085,1.799,1.06,3.9357,4.327,1.0,0.0,0.537,0.0,0.0,0.0,0.0,0.0,-1.0,-9.999999999999999e-31,0.0,0.7117,0.2731,0.00269,0.0007346,0.006673,-1.0,0.01517,2.119,2.098,2.142,2.016
0.0152,0.01508,8.1,1.8500000238,2.5615671203,1.849,1.11,3.9453,4.328,1.0,0.0,0.537,0.0,0.0,0.0,0.0,0.0,-1.0,-9.999999999999999e-31,0.0,0.7118,0.2731,0.00269,0.0007345,0.006672,-1.0,0.01517,1.994,1.998,2.031,1.937
0.0152,0.01508,8.1,1.9000000954,2.5640331317,1.899,1.159,3.9542,4.327,1.0,0.0,0.537,0.0,0.0,0.0,0.0,0.0,-1.0,-9.999999999999999e-31,0.0,0.7118,0.2731,0.002689,0.0007345,0.006672,-1.0,0.01517,1.874,1.904,1.929,1.859
0.0152,0.01508,8.1,1.9500001669,2.5663542767,1.95,1.205,3.9627,4.325,1.0,0.0,0.537,0.0,0.0,0.0,0.0,0.0,-1.0,-9.999999999999999e-31,0.0,0.7118,0.273,0.002689,0.0007344,0.006671,-1.0,0.01517,1.756,1.816,1.833,1.785
0.0152,0.01508,8.1,2.0,2.5685424513,2.0,1.251,3.9707,4.323,1.0,0.0,0.537,0.0,0.0,0.0,0.0,0.0,-1.0,-9.999999999999999e-31,0.0,0.7119,0.273,0.002689,0.0007343,0.006671,-1.0,0.01514,1.643,1.732,1.742,1.713
0.0152,0.01508,8.1,2.0499999523,2.5706083333,2.05,1.295,3.9783,4.32,1.0,0.0,0.537,0.0,0.0,0.0,0.0,0.0,-1.0,-9.999999999999999e-31,0.0,0.7119,0.2729,0.002689,0.0007343,0.00667,-1.0,0.01521,1.532,1.652,1.656,1.644
0.0152,0.01508,8.1,2.0999999046,2.5725614918,2.099,1.339,3.9856,4.316,1.0,0.0,0.537,0.0,0.0,0.0,0.0,0.0,-1.0,-9.999999999999999e-31,0.0,0.7119,0.2729,0.002688,0.0007342,0.006669,-1.0,0.01515,1.424,1.574,1.574,1.576
0.0152,0.01508,8.1,2.1500000954,2.5744105556,2.149,1.381,3.9925,4.311,1.0,0.0,0.537,0.0,0.0,0.0,0.0,0.0,-1.0,-9.999999999999999e-31,0.0,0.7119,0.2729,0.002688,0.0007342,0.006669,-1.0,0.01516,1.318,1.499,1.494,1.509
0.0152,0.01508,8.1,2.2000000477,2.5761632879,2.199,1.422,3.9992,4.307,1.0,0.0,0.537,0.0,0.0,0.0,0.0,0.0,-1.0,-9.999999999999999e-31,0.0,0.7119,0.2729,0.002688,0.0007341,0.006669,-1.0,0.01519,1.215,1.426,1.417,1.444
0.0152,0.01508,8.1,2.25,2.5778267375,2.249,1.462,4.0057,4.302,1.0,0.0,0.537,0.0,0.0,0.0,0.0,0.0,-1.0,-9.999999999999999e-31,0.0,0.712,0.2728,0.002688,0.0007341,0.006668,-1.0,0.01517,1.114,1.355,1.342,1.379
0.0152,0.01508,8.1,2.2999999523,2.5794072884,2.299,1.502,4.0119,4.297,1.0,0.0,0.537,0.0,0.0,0.0,0.0,0.0,-1.0,-9.999999999999999e-31,0.0,0.712,0.2729,0.002688,0.0007341,0.006668,-1.0,0.01515,1.015,1.285,1.269,1.316
0.0152,0.01508,8.1,2.3991551399,2.5823187652,2.398,1.578,4.0237,4.286,1.0,0.0,0.537,0.0,0.0,0.0,0.0,0.0,-1.0,-9.999999999999999e-31,0.0,0.712,0.2728,0.002688,0.000734,0.006668,-1.0,0.01515,0.824,1.151,1.13,1.193
0.0152,0.01508,8.1,2.4000000954,2.5823423892,2.399,1.579,4.0238,4.286,1.0,0.0,0.537,0.0,0.0,0.0,0.0,0.0,-1.0,-9.999999999999999e-31,0.0,0.712,0.2728,0.002688,0.000734,0.006668,-1.0,0.01515,0.823,1.15,1.128,1.192
0.0152,0.01508,8.1,2.5664265156,2.586649014,2.566,1.701,4.0423,4.268,1.0,0.0,0.538,0.0,0.0,0.0,0.0,0.0,-1.0,-9.999999999999999e-31,0.0,0.7097,0.275,0.002706,0.0007388,0.00671,-1.0,0.01525,0.518,0.936,0.907,0.993
0.0152,0.01508,8.1,2.5999999046,2.5874412955,2.6,1.725,4.0459,4.264,1.0,0.0,0.538,0.0,0.0,0.0,0.0,0.0,-1.0,-9.999999999999999e-31,0.0,0.7092,0.2755,0.00271,0.0007399,0.00672,-1.0,0.01527,0.458,0.894,0.863,0.954
0.0152,0.01508,8.1,2.7961764336,2.5916367041,2.797,1.86,4.0651,4.237,1.0,0.0,0.538,0.0,0.0,0.0,0.0,0.0,-1.0,-9.999999999999999e-31,0.0,0.7092,0.2755,0.00271,0.0007399,0.00672,-1.0,0.01527,0.121,0.654,0.615,0.727
0.0152,0.01508,8.1,2.8000001907,2.5917117867,2.8,1.862,4.0654,4.237,1.0,0.0,0.538,0.0,0.0,0.0,0.0,0.0,-1.0,-9.999999999999999e-31,0.0,0.7092,0.2755,0.00271,0.0007399,0.00672,-1.0,0.01527,0.115,0.649,0.611,0.722
0.0152,0.01508,8.1,2.8206205368,2.5921126518,2.821,1.876,4.0673,4.234,1.0,0.0,0.538,0.0,0.0,0.0,0.0,0.0,-1.0,-9.999999999999999e-31,0.0,0.7092,0.2755,0.00271,0.0007399,0.00672,-1.0,0.01527,0.08,0.625,0.585,0.699
0.0152,0.01508,8.1,3.0,2.5953341962,3.0,1.993,4.0828,4.206,1.0,0.0,0.538,0.0,0.0,0.0,0.0,0.0,-1.0,-9.999999999999999e-31,0.0,0.7092,0.2755,0.00271,0.0007399,0.00672,-1.0,0.01527,-0.212,0.413,0.368,0.497
0.0152,0.01508,8.1,3.0124511719,2.5955414931,3.013,2.001,4.0839,4.204,1.0,0.0,0.538,0.0,0.0,0.0,0.0,0.0,-1.0,-9.999999999999999e-31,0.0,0.7092,0.2755,0.00271,0.0007399,0.00672,-1.0,0.01527,-0.232,0.398,0.353,0.483
0.0152,0.01508,8.1,3.1779735088,2.59812073,3.177,2.105,4.0966,4.174,1.0,0.0,0.538,0.0,0.0,0.0,0.0,0.0,-1.0,-9.999999999999999e-31,0.0,0.7092,0.2755,0.00271,0.0007399,0.00672,-1.0,0.01527,-0.493,0.205,0.156,0.297
0.0152,0.01508,8.1,3.2000000477,2.5984409005,3.199,2.119,4.0983,4.169,1.0,0.0,0.538,0.0,0.0,0.0,0.0,0.0,-1.0,-9.999999999999999e-31,0.0,0.7092,0.2755,0.00271,0.0007399,0.00672,-1.0,0.01527,-0.527,0.18,0.129,0.273
0.0152,0.01508,8.1,3.261726141,2.5993116957,3.261,2.156,4.1027,4.158,1.0,0.0,0.538,0.0,0.0,0.0,0.0,0.0,-1.0,-9.999999999999999e-31,0.0,0.7092,0.2755,0.00271,0.0007399,0.00672,-1.0,0.01527,-0.621,0.109,0.057,0.204
0.0152,0.01508,8.1,3.4000000954,2.6011310876,3.398,2.24,4.1119,4.129,1.0,0.0,0.538,0.0,0.0,0.0,0.0,0.0,-1.0,-9.999999999999999e-31,0.0,0.7092,0.2755,0.00271,0.0007399,0.00672,-1.0,0.01527,-0.83,-0.05,-0.105,0.051
0.0152,0.01508,8.1,3.4035849571,2.6011760009,3.402,2.242,4.1121,4.128,1.0,0.0,0.538,0.0,0.0,0.0,0.0,0.0,-1.0,-9.999999999999999e-31,0.0,0.7092,0.2755,0.00271,0.0007399,0.00672,-1.0,0.01527,-0.835,-0.054,-0.109,0.047
0.0152,0.01508,8.1,3.5276596546,2.6026660213,3.525,2.316,4.1192,4.098,1.0,0.0,0.538,0.0,0.0,0.0,0.0,0.0,-1.0,-9.999999999999999e-31,0.0,0.7092,0.2755,0.00271,0.0007399,0.00672,-1.0,0.01527,-1.019,-0.199,-0.256,-0.094
0.0152,0.01508,8.1,3.6000001431,2.6034804607,3.598,2.359,4.1229,4.079,1.0,0.0,0.538,0.0,0.0,0.0,0.0,0.0,-1.0,-9.999999999999999e-31,0.0,0.7092,0.2755,0.00271,0.0007399,0.00672,-1.0,0.01527,-1.127,-0.287,-0.345,-0.18
0.0152,0.01508,8.1,3.6383621693,2.6038972753,3.636,2.381,4.1248,4.068,1.0,0.0,0.538,0.0,0.0,0.0,0.0,0.0,-1.0,-9.999999999999999e-31,0.0,0.7092,0.2755,0.00271,0.0007399,0.00672,-1.0,0.01527,-1.184,-0.333,-0.392,-0.225
0.0152,0.01508,8.1,3.738669157,2.6049408025,3.737,2.441,4.129,4.038,1.0,0.0,0.538,0.0,0.0,0.0,0.0,0.0,-1.0,-9.999999999999999e-31,0.0,0.7092,0.2755,0.00271,0.0007399,0.00672,-1.0,0.01527,-1.332,-0.458,-0.518,-0.347
0.0152,0.01508,8.1,3.8000001907,2.6055477311,3.798,2.477,4.1312,4.018,1.0,0.0,0.538,0.0,0.0,0.0,0.0,0.0,-1.0,-9.999999999999999e-31,0.0,0.7092,0.2755,0.00271,0.0007399,0.00672,-1.0,0.01527,-1.422,-0.536,-0.597,-0.424
0.0152,0.01508,8.1,3.8223602772,2.6057634415,3.821,2.49,4.132,4.01,1.0,0.0,0.538,0.0,0.0,0.0,0.0,0.0,-1.0,-9.999999999999999e-31,0.0,0.7092,0.2755,0.00271,0.0007399,0.00672,-1.0,0.01527,-1.455,-0.565,-0.626,-0.452
0.0152,0.01508,8.1,3.905633688,2.6065418639,3.905,2.539,4.1342,3.98,1.0,0.0,0.538,0.0,0.0,0.0,0.0,0.0,-1.0,-9.999999999999999e-31,0.0,0.7092,0.2755,0.00271,0.0007399,0.00672,-1.0,0.01527,-1.576,-0.675,-0.737,-0.561
0.0152,0.01508,8.1,3.9744009972,2.6071564856,3.975,2.579,4.1351,3.95,1.0,0.0,0.538,0.0,0.0,0.0,0.0,0.0,-1.0,-9.999999999999999e-31,0.0,0.7092,0.2755,0.00271,0.0007399,0.00672,-1.0,0.01527,-1.679,-0.772,-0.834,-0.658
0.0152,0.01508,8.1,4.0,2.607379084,4.001,2.595,4.1352,3.938,1.0,0.0,0.538,0.0,0.0,0.0,0.0,0.0,-1.0,-9.999999999999999e-31,0.0,0.7092,0.2755,0.00271,0.0007399,0.00672,-1.0,0.01527,-1.717,-0.81,-0.872,-0.696
0.0152,0.01508,8.1,4.0654091835,2.607933241,4.065,2.634,4.1354,3.907,1.0,0.0,0.538,0.0,0.0,0.0,0.0,0.0,-1.0,-9.999999999999999e-31,0.0,0.7092,0.2755,0.00271,0.0007399,0.00672,-1.0,0.01527,-1.814,-0.906,-0.969,-0.792
0.0152,0.01508,8.1,4.1529688835,2.60864373,4.151,2.686,4.1343,3.859,1.0,0.0,0.538,0.0,0.0,0.0,0.0,0.0,-1.0,-9.999999999999999e-31,0.0,0.7092,0.2755,0.00271,0.0007399,0.00672,-1.0,0.01527,-1.946,-1.045,-1.107,-0.931
0.0152,0.01508,8.1,4.1999998093,2.6090113217,4.198,2.715,4.1329,3.83,1.0,0.0,0.538,0.0,0.0,0.0,0.0,0.0,-1.0,-9.999999999999999e-31,0.0,0.7092,0.2755,0.00271,0.0007399,0.00672,-1.0,0.01527,-2.017,-1.125,-1.187,-1.012
0.0152,0.01508,8.1,4.252530098,2.6094108617,4.25,2.747,4.1306,3.793,1.0,0.0,0.538,0.0,0.0,0.0,0.0,0.0,-1.0,-9.999999999999999e-31,0.0,0.7092,0.2755,0.00271,0.0007399,0.00672,-1.0,0.01527,-2.098,-1.219,-1.28,-1.108
0.0152,0.01508,8.1,4.3241028786,2.6099373106,4.321,2.791,4.1259,3.738,1.0,0.0,0.538,0.0,0.0,0.0,0.0,0.0,-1.0,-9.999999999999999e-31,0.0,0.7092,0.2755,0.00271,0.0007399,0.00672,-1.0,0.01527,-2.208,-1.356,-1.416,-1.248
0.0152,0.01508,8.1,4.3868808746,2.6103828439,4.384,2.831,4.1197,3.68,1.0,0.0,0.538,0.0,0.0,0.0,0.0,0.0,-1.0,-9.999999999999999e-31,0.0,0.7092,0.2755,0.00271,0.0007399,0.00672,-1.0,0.01527,-2.307,-1.49,-1.548,-1.385
0.0152,0.01508,8.1,4.4000000954,2.6104741055,4.397,2.839,4.118,3.666,1.0,0.0,0.538,0.0,0.0,0.0,0.0,0.0,-1.0,-9.999999999999999e-31,0.0,0.7092,0.2755,0.00271,0.0007399,0.00672,-1.0,0.01527,-2.327,-1.521,-1.578,-1.417
0.0152,0.01508,8.1,4.4418888092,2.6107613518,4.439,2.865,4.1123,3.621,1.0,0.0,0.538,0.0,0.0,0.0,0.0,0.0,-1.0,-9.999999999999999e-31,0.0,0.7092,0.2755,0.00271,0.0007399,0.00672,-1.0,0.01527,-2.394,-1.619,-1.675,-1.519
0.0152,0.01508,8.1,4.4900693893,2.6110841339,4.487,2.896,4.1046,3.564,1.0,0.0,0.538,0.0,0.0,0.0,0.0,0.0,-1.0,-9.999999999999999e-31,0.0,0.7092,0.2755,0.00271,0.0007399,0.00672,-1.0,0.01527,-2.471,-1.739,-1.793,-1.643
0.0152,0.01508,8.1,4.5294828415,2.6113423172,4.527,2.923,4.0968,3.51,1.0,0.0,0.538,0.0,0.0,0.0,0.0,0.0,-1.0,-9.999999999999999e-31,0.0,0.7092,0.2755,0.00271,0.0007399,0.00672,-1.0,0.01527,-2.537,-1.848,-1.899,-1.757
0.0152,0.01508,8.1,4.5711922646,2.6116099721,4.568,2.955,4.0897,3.454,1.0,0.0,0.538,0.0,0.0,0.0,0.0,0.0,-1.0,-9.999999999999999e-31,0.0,0.7092,0.2755,0.00271,0.0007399,0.00672,-1.0,0.01527,-2.617,-1.966,-2.015,-1.88
0.0152,0.01508,8.1,4.5836796761,2.6116890167,4.581,2.965,4.0888,3.441,1.0,0.0,0.538,0.0,0.0,0.0,0.0,0.0,-1.0,-9.999999999999999e-31,0.0,0.7092,0.2755,0.00271,0.0007399,0.00672,-1.0,0.01527,-2.644,-1.999,-2.047,-1.912
0.0152,0.01508,8.1,4.5999999046,2.6117915791,4.597,2.989,4.0974,3.453,1.0,0.0,0.538,0.0,0.0,0.0,0.0,0.0,-1.0,-9.999999999999999e-31,0.0,0.7092,0.2755,0.00271,0.0007399,0.00672,-1.0,0.01527,-2.703,-2.012,-2.063,-1.92
0.0152,0.01508,8.1,4.601606369,2.6118016295,4.599,2.991,4.0983,3.454,1.0,0.0,0.538,0.0,0.0,0.0,0.0,0.0,-1.0,-9.999999999999999e-31,0.0,0.7092,0.2755,0.00271,0.0007399,0.00672,-1.0,0.01527,-2.709,-2.013,-2.064,-1.921
0.0152,0.01508,8.1,4.6073818207,2.6118376955,4.605,3.007,4.1084,3.479,1.0,0.0,0.538,0.0,0.0,0.0,0.0,0.0,-1.0,-9.999999999999999e-31,0.0,0.7092,0.2755,0.00271,0.0007399,0.00672,-1.0,0.01527,-2.749,-1.998,-2.052,-1.9
0.0152,0.01508,8.1,4.6098160744,2.6118528655,4.607,3.022,4.1186,3.506,1.0,0.0,0.538,0.0,0.0,0.0,0.0,0.0,-1.0,-9.999999999999999e-31,0.0,0.7092,0.2755,0.00271,0.0007399,0.00672,-1.0,0.01527,-2.785,-1.977,-2.035,-1.873
0.0152,0.01508,8.1,4.6110911369,2.6118608042,4.609,3.038,4.129,3.532,1.0,0.0,0.538,0.0,0.0,0.0,0.0,0.0,-1.0,-9.999999999999999e-31,0.0,0.7092,0.2755,0.00271,0.0007399,0.00672,-1.0,0.01527,-2.825,-1.958,-2.02,-1.848
0.0152,0.01508,8.1,4.6117944717,2.6118651811,4.609,3.055,4.1385,3.553,1.0,0.0,0.538,0.0,0.0,0.0,0.0,0.0,-1.0,-9.999999999999999e-31,0.0,0.7092,0.2755,0.00271,0.0007399,0.00672,-1.0,0.01527,-2.868,-1.947,-2.012,-1.832
0.0152,0.01508,8.1,4.6122608185,2.6118680824,4.61,3.073,4.1472,3.57,1.0,0.0,0.538,0.0,0.0,0.0,0.0,0.0,-1.0,-9.999999999999999e-31,0.0,0.7092,0.2755,0.00271,0.0007399,0.00672,-1.0,0.01527,-2.912,-1.942,-2.009,-1.822
0.0152,0.01508,8.1,4.6124229431,2.6118690909,4.61,3.078,4.1499,3.576,1.0,0.0,0.538,0.0,0.0,0.0,0.0,0.0,-1.0,-9.999999999999999e-31,0.0,0.7092,0.2755,0.00271,0.0007399,0.00672,-1.0,0.01527,-2.924,-1.939,-2.006,-1.817
0.0152,0.01508,8.1,4.6125683784,2.6118699955,4.61,3.059,4.1453,3.575,2.0,0.0,0.538,0.0,0.0,0.0,0.0,0.0,-1.0,-9.999999999999999e-31,0.0,0.7092,0.2755,0.00271,0.0007399,0.00672,-1.0,0.01527,-2.878,-1.92,-1.986,-1.8
0.0152,0.01508,8.1,4.6127119064,2.6118708881,4.61,3.039,4.1386,3.569,2.0,0.0,0.538,0.0,0.0,0.0,0.0,0.0,-1.0,-9.999999999999999e-31,0.0,0.7092,0.2755,0.00271,0.0007399,0.00672,-1.0,0.01527,-2.827,-1.906,-1.97,-1.79
0.0152,0.01508,8.1,4.6128435135,2.6118717066,4.61,3.022,4.1294,3.549,2.0,0.0,0.538,0.0,0.0,0.0,0.0,0.0,-1.0,-9.999999999999999e-31,0.0,0.7092,0.2755,0.00271,0.0007399,0.00672,-1.0,0.01527,-2.784,-1.915,-1.977,-1.805
0.0152,0.01508,8.1,4.6130075455,2.6118727266,4.611,3.015,4.1173,3.508,2.0,0.0,0.538,0.0,0.0,0.0,0.0,0.0,-1.0,-9.999999999999999e-31,0.0,0.7092,0.2755,0.00271,0.0007399,0.00672,-1.0,0.01527,-2.768,-1.967,-2.025,-1.864
0.0152,0.01508,8.1,4.6131825447,2.6118738147,4.611,3.023,4.1055,3.453,2.0,0.0,0.538,0.0,0.0,0.0,0.0,0.0,-1.0,-9.999999999999999e-31,0.0,0.7092,0.2755,0.00271,0.0007399,0.00672,-1.0,0.01527,-2.788,-2.053,-2.106,-1.957
0.0152,0.01508,8.1,4.6133747101,2.6118750095,4.611,3.036,4.0935,3.392,2.0,0.0,0.538,0.0,0.0,0.0,0.0,0.0,-1.0,-9.999999999999999e-31,0.0,0.7092,0.2755,0.00271,0.0007399,0.00672,-1.0,0.01527,-2.82,-2.15,-2.2,-2.062
0.0152,0.01508,8.1,4.6135792732,2.6118762812,4.611,3.047,4.0816,3.333,2.0,0.0,0.538,0.0,0.0,0.0,0.0,0.0,-1.0,-9.999999999999999e-31,0.0,0.7092,0.2755,0.00271,0.0007399,0.00672,-1.0,0.01527,-2.848,-2.242,-2.289,-2.161
0.0152,0.01508,8.1,4.6137919426,2.6118776032,4.611,3.055,4.0696,3.277,2.0,0.0,0.538,0.0,0.0,0.0,0.0,0.0,-1.0,-9.999999999999999e-31,0.0,0.7092,0.2755,0.00271,0.0007399,0.00672,-1.0,0.01527,-2.868,-2.325,-2.367,-2.251
0.0152,0.01508,8.1,4.614010334,2.6118789606,4.612,3.06,4.0576,3.224,2.0,0.0,0.538,0.0,0.0,0.0,0.0,0.0,-1.0,-9.999999999999999e-31,0.0,0.7092,0.2755,0.00271,0.0007399,0.00672,-1.0,0.01527,-2.881,-2.399,-2.437,-2.333
0.0152,0.01508,8.1,4.6142311096,2.6118803327,4.612,3.063,4.0457,3.173,2.0,0.0,0.538,0.0,0.0,0.0,0.0,0.0,-1.0,-9.999999999999999e-31,0.0,0.7092,0.2755,0.00271,0.0007399,0.00672,-1.0,0.01527,-2.888,-2.466,-2.501,-2.408
0.0152,0.01508,8.1,4.6144523621,2.6118817075,4.612,3.065,4.0337,3.124,2.0,0.0,0.538,0.0,0.0,0.0,0.0,0.0,-1.0,-9.999999999999999e-31,0.0,0.7092,0.2755,0.00271,0.0007399,0.00672,-1.0,0.01527,-2.891,-2.528,-2.558,-2.478
0.0152,0.01508,8.1,4.6146707535,2.6118830645,4.612,3.065,4.0217,3.076,2.0,0.0,0.538,0.0,0.0,0.0,0.0,0.0,-1.0,-9.999999999999999e-31,0.0,0.7092,0.2755,0.00271,0.0007399,0.00672,-1.0,0.01527,-2.891,-2.586,-2.612,-2.543
0.0152,0.01508,8.1,4.6148848534,2.6118843946,4.612,3.063,4.0097,3.029,2.0,0.0,0.538,0.0,0.0,0.0,0.0,0.0,-1.0,-9.999999999999999e-31,0.0,0.7092,0.2755,0.00271,0.0007399,0.00672,-1.0,0.01527,-2.888,-2.639,-2.661,-2.605
0.0152,0.01508,8.1,4.6150927544,2.6118856861,4.613,3.061,3.9977,2.983,2.0,0.0,0.538,0.0,0.0,0.0,0.0,0.0,-1.0,-9.999999999999999e-31,0.0,0.7092,0.2755,0.00271,0.0007399,0.00672,-1.0,0.01527,-2.883,-2.689,-2.705,-2.664
0.0152,0.01508,8.1,4.6152935028,2.6118869331,4.613,3.058,3.9857,2.938,2.0,0.0,0.538,0.0,0.0,0.0,0.0,0.0,-1.0,-9.999999999999999e-31,0.0,0.7092,0.2755,0.00271,0.0007399,0.00672,-1.0,0.01527,-2.876,-2.734,-2.745,-2.719
0.0152,0.01508,8.1,4.615486145,2.6118881296,4.613,3.055,3.9737,2.894,2.0,0.0,0.538,0.0,0.0,0.0,0.0,0.0,-1.0,-9.999999999999999e-31,0.0,0.7092,0.2755,0.00271,0.0007399,0.00672,-1.0,0.01527,-2.867,-2.776,-2.781,-2.772
0.0152,0.01508,8.1,4.615670681,2.6118892756,4.613,3.051,3.9617,2.85,2.0,0.0,0.538,0.0,0.0,0.0,0.0,0.0,-1.0,-9.999999999999999e-31,0.0,0.7092,0.2755,0.00271,0.0007399,0.00672,-1.0,0.01527,-2.856,-2.814,-2.812,-2.823
0.0152,0.01508,8.1,4.6158466339,2.6118903682,4.613,3.046,3.9496,2.807,2.0,0.0,0.538,0.0,0.0,0.0,0.0,0.0,-1.0,-9.999999999999999e-31,0.0,0.7092,0.2755,0.00271,0.0007399,0.00672,-1.0,0.01527,-2.844,-2.847,-2.838,-2.87
0.0152,0.01508,8.1,4.6160135269,2.6118914044,4.614,3.04,3.9376,2.764,2.0,0.0,0.538,0.0,0.0,0.0,0.0,0.0,-1.0,-9.999999999999999e-31,0.0,0.7092,0.2755,0.00271,0.0007399,0.00672,-1.0,0.01527,-2.831,-2.874,-2.856,-2.914
0.0152,0.01508,8.1,4.6161718369,2.6118923873,4.614,3.034,3.9256,2.722,2.0,0.0,0.538,0.0,0.0,0.0,0.0,0.0,-1.0,-9.999999999999999e-31,0.0,0.7092,0.2755,0.00271,0.0007399,0.00672,-1.0,0.01527,-2.816,-2.894,-2.866,-2.953
0.0152,0.01508,8.1,4.6163220406,2.6118933198,4.614,3.028,3.9135,2.68,2.0,0.0,0.538,0.0,0.0,0.0,0.0,0.0,-1.0,-9.999999999999999e-31,0.0,0.7092,0.2755,0.00271,0.0007399,0.00672,-1.0,0.01527,-2.8,-2.906,-2.865,-2.988
0.0152,0.01508,8.1,4.6164631844,2.611894196,4.614,3.021,3.9014,2.638,2.0,0.0,0.538,0.0,0.0,0.0,0.0,0.0,-1.0,-9.999999999999999e-31,0.0,0.7092,0.2755,0.00271,0.0007399,0.00672,-1.0,0.01527,-2.783,-2.912,-2.857,-3.02
0.0152,0.01508,8.1,4.6165971756,2.6118950277,4.614,3.014,3.8893,2.597,2.0,0.0,0.538,0.0,0.0,0.0,0.0,0.0,-1.0,-9.999999999999999e-31,0.0,0.7092,0.2755,0.00271,0.0007399,0.00672,-1.0,0.01527,-2.766,-2.911,-2.841,-3.047
0.0152,0.01508,8.1,4.6167230606,2.6118958091,4.614,3.007,3.8772,2.556,2.0,0.0,0.538,0.0,0.0,0.0,0.0,0.0,-1.0,-9.999999999999999e-31,0.0,0.7092,0.2755,0.00271,0.0007399,0.00672,-1.0,0.01527,-2.747,-2.904,-2.816,-3.072
0.0152,0.01508,8.1,4.6168417931,2.611896546,4.614,2.999,3.8652,2.516,2.0,0.0,0.538,0.0,0.0,0.0,0.0,0.0,-1.0,-9.999999999999999e-31,0.0,0.7092,0.2755,0.00271,0.0007399,0.00672,-1.0,0.01527,-2.728,-2.894,-2.785,-3.095
0.0152,0.01508,8.1,4.6169543266,2.6118972444,4.614,2.991,3.8531,2.475,2.0,0.0,0.538,0.0,0.0,0.0,0.0,0.0,-1.0,-9.999999999999999e-31,0.0,0.7092,0.2755,0.00271,0.0007399,0.00672,-1.0,0.01527,-2.708,-2.879,-2.749,-3.116
0.0152,0.01508,8.1,4.6170601845,2.6118979014,4.615,2.983,3.841,2.435,2.0,0.0,0.538,0.0,0.0,0.0,0.0,0.0,-1.0,-9.999999999999999e-31,0.0,0.7092,0.2755,0.00271,0.0007399,0.00672,-1.0,0.01527,-2.688,-2.861,-2.708,-3.132
0.0152,0.01508,8.1,4.6171598434,2.6118985198,4.615,2.975,3.829,2.396,2.0,0.0,0.538,0.0,0.0,0.0,0.0,0.0,-1.0,-9.999999999999999e-31,0.0,0.7092,0.2755,0.00271,0.0007399,0.00672,-1.0,0.01527,-2.666,-2.84,-2.664,-3.145
0.0152,0.01508,8.1,4.617254734,2.6118991086,4.615,2.966,3.817,2.356,2.0,0.0,0.538,0.0,0.0,0.0,0.0,0.0,-1.0,-9.999999999999999e-31,0.0,0.7092,0.2755,0.00271,0.0007399,0.00672,-1.0,0.01527,-2.645,-2.816,-2.617,-3.153
0.0152,0.01508,8.1,4.6173434258,2.6118996589,4.615,2.957,3.805,2.317,2.0,0.0,0.538,0.0,0.0,0.0,0.0,0.0,-1.0,-9.999999999999999e-31,0.0,0.7092,0.2755,0.00271,0.0007399,0.00672,-1.0,0.01527,-2.623,-2.79,-2.566,-3.162
0.0152,0.01508,8.1,4.6174283028,2.6119001856,4.615,2.948,3.793,2.278,2.0,0.0,0.538,0.0,0.0,0.0,0.0,0.0,-1.0,-9.999999999999999e-31,0.0,0.7092,0.2755,0.00271,0.0007399,0.00672,-1.0,0.01527,-2.6,-2.762,-2.512,-3.167
0.0152,0.01508,8.1,4.6175084114,2.6119006826,4.615,2.939,3.7811,2.24,2.0,0.0,0.538,0.0,0.0,0.0,0.0,0.0,-1.0,-9.999999999999999e-31,0.0,0.7092,0.2755,0.00271,0.0007399,0.00672,-1.0,0.01527,-2.577,-2.731,-2.454,-3.169
0.0152,0.01508,8.1,4.6175847054,2.6119011559,4.615,2.93,3.7693,2.202,2.0,0.0,0.538,0.0,0.0,0.0,0.0,0.0,-1.0,-9.999999999999999e-31,0.0,0.7092,0.2755,0.00271,0.0007399,0.00672,-1.0,0.01527,-2.554,-2.696,-2.39,-3.168
0.0152,0.01508,8.1,4.6176576614,2.6119016086,4.615,2.92,3.7577,2.165,2.0,0.0,0.538,0.0,0.0,0.0,0.0,0.0,-1.0,-9.999999999999999e-31,0.0,0.7092,0.2755,0.00271,0.0007399,0.00672,-1.0,0.01527,-2.53,-2.659,-2.325,-3.161
0.0152,0.01508,8.1,4.6177268028,2.6119020375,4.615,2.91,3.7468,2.131,2.0,0.0,0.538,0.0,0.0,0.0,0.0,0.0,-1.0,-9.999999999999999e-31,0.0,0.7092,0.2755,0.00271,0.0007399,0.00672,-1.0,0.01527,-2.505,-2.62,-2.26,-3.148
0.0152,0.01508,8.1,4.6177959442,2.6119024664,4.615,2.9,3.7368,2.102,2.0,0.0,0.538,0.0,0.0,0.0,0.0,0.0,-1.0,-9.999999999999999e-31,0.0,0.7092,0.2755,0.00271,0.0007399,0.00672,-1.0,0.01527,-2.479,-2.577,-2.194,-3.13
0.0152,0.01508,8.1,4.6178689003,2.611902919,4.615,2.888,3.7271,2.075,2.0,0.0,0.538,0.0,0.0,0.0,0.0,0.0,-1.0,-9.999999999999999e-31,0.0,0.7092,0.2755,0.00271,0.0007399,0.00672,-1.0,0.01527,-2.449,-2.53,-2.124,-3.105
0.0152,0.01508,8.1,4.6179494858,2.6119034189,4.615,2.874,3.7187,2.055,2.0,0.0,0.538,0.0,0.0,0.0,0.0,0.0,-1.0,-9.999999999999999e-31,0.0,0.7092,0.2755,0.00271,0.0007399,0.00672,-1.0,0.01527,-2.414,-2.478,-2.051,-3.072
0.0152,0.01508,8.1,4.6180515289,2.6119040518,4.616,2.855,3.7102,2.04,2.0,0.0,0.538,0.0,0.0,0.0,0.0,0.0,-1.0,-9.999999999999999e-31,0.0,0.7092,0.2755,0.00271,0.0007399,0.00672,-1.0,0.01527,-2.367,-2.412,-1.965,-3.025
0.0152,0.01508,8.1,4.618162632,2.6119047409,4.616,2.833,3.7024,2.031,2.0,0.0,0.538,0.0,0.0,0.0,0.0,0.0,-1.0,-9.999999999999999e-31,0.0,0.7092,0.2755,0.00271,0.0007399,0.00672,-1.0,0.01527,-2.313,-2.339,-1.873,-2.969
0.0152,0.01508,8.1,4.6182866096,2.6119055098,4.616,2.811,3.6945,2.021,2.0,0.0,0.538,0.0,0.0,0.0,0.0,0.0,-1.0,-9.999999999999999e-31,0.0,0.7092,0.2755,0.00271,0.0007399,0.00672,-1.0,0.01527,-2.257,-2.26,-1.775,-2.908
0.0152,0.01508,8.1,4.6184248924,2.6119063674,4.616,2.792,3.6863,2.008,2.0,0.0,0.538,0.0,0.0,0.0,0.0,0.0,-1.0,-9.999999999999999e-31,0.0,0.7092,0.2755,0.00271,0.0007399,0.00672,-1.0,0.01527,-2.209,-2.188,-1.682,-2.854
0.0152,0.01508,8.1,4.618522644,2.6119069736,4.616,2.784,3.6807,1.993,2.0,0.0,0.538,0.0,0.0,0.0,0.0,0.0,-1.0,-9.999999999999999e-31,0.0,0.7092,0.2755,0.00271,0.0007399,0.00672,-1.0,0.01527,-2.191,-2.153,-1.632,-2.83
0.0152,0.01508,8.1,4.618578434,2.6119073196,4.616,2.789,3.6775,1.975,2.0,0.0,0.538,0.0,0.0,0.0,0.0,0.0,-1.0,-9.999999999999999e-31,0.0,0.7092,0.2755,0.00271,0.0007399,0.00672,-1.0,0.01527,-2.203,-2.154,-1.624,-2.839
0.0152,0.01508,8.1,4.6187343597,2.6119082864,4.616,2.813,3.6687,1.916,3.0,0.0,0.538,4.33,3.94,2.96,2.13,1.75,4.0,-9.999999999999999e-31,0.0,0.7092,0.2755,0.00271,0.00074,0.00672,-1.0,0.01527,-2.262,-2.183,-1.628,-2.887
0.0152,0.01508,8.1,4.6188516617,2.6119090137,4.616,2.847,3.6621,1.856,3.0,0.0,0.537,4.92,4.4,3.28,2.37,1.94,4.0,-9.999999999999999e-31,0.0,0.7092,0.2755,0.002708,0.0007401,0.00672,-1.0,0.01527,-2.347,-2.243,-1.669,-2.963
0.0152,0.01508,8.1,4.6189613342,2.6119096937,4.617,2.886,3.6564,1.794,3.0,0.0,0.536,5.61,4.92,3.65,2.64,2.17,4.0,-9.999999999999999e-31,0.0,0.7092,0.2756,0.0027,0.000742,0.00672,-1.0,0.01527,-2.446,-2.318,-1.728,-3.051
0.0152,0.01508,8.1,4.6190657616,2.6119103411,4.617,2.923,3.6518,1.739,3.0,0.0,0.53,6.29,5.43,4.02,2.91,2.39,4.0,-9.999999999999999e-31,0.0,0.7091,0.2756,0.00267,0.0007558,0.00672,-1.0,0.01527,-2.537,-2.39,-1.786,-3.133
0.0152,0.01508,8.1,4.619181633,2.6119110594,4.617,2.956,3.6479,1.69,3.0,0.0,0.515,6.98,5.94,4.37,3.17,2.6,4.0,-9.999999999999999e-31,0.0,0.7091,0.2756,0.002594,0.0008152,0.00672,-1.0,0.01529,-2.621,-2.457,-1.841,-3.208
0.0152,0.01508,8.1,4.6193151474,2.6119118871,4.617,2.988,3.6445,1.644,3.0,0.0,0.491,7.68,6.45,4.73,3.44,2.82,4.0,-9.999999999999999e-31,0.0,0.709,0.2756,0.002476,0.0009369,0.00672,-1.0,0.01537,-2.7,-2.519,-1.894,-3.279
0.0152,0.01508,8.1,4.6193528175,2.6119121206,4.617,2.994,3.6438,1.635,3.0,0.0,0.486,7.83,6.56,4.8,3.49,2.86,4.0,-9.999999999999999e-31,0.0,0.709,0.2757,0.002447,0.0009726,0.00672,-1.0,0.01533,-2.716,-2.532,-1.904,-3.292
0.0152,0.01508,8.1,4.619538784,2.6119132733,4.617,3.023,3.6406,1.594,3.0,0.0,0.457,8.54,7.06,5.16,3.75,3.08,4.0,-9.999999999999999e-31,0.0,0.7089,0.2757,0.002302,0.001149,0.00672,-1.0,0.01536,-2.787,-2.588,-1.951,-3.355
0.0152,0.01508,8.1,4.6196246147,2.6119138052,4.617,3.033,3.6395,1.579,3.0,0.0,0.447,8.81,7.26,5.29,3.85,3.16,4.0,-9.999999999999999e-31,0.0,0.7089,0.2757,0.002254,0.001208,0.00672,-1.0,0.01536,-2.813,-2.609,-1.969,-3.379
0.0152,0.01508,8.1,4.6199679375,2.6119159329,4.617,3.071,3.6355,1.525,3.0,0.0,0.419,9.88,8.0,5.81,4.23,3.47,4.0,-9.999999999999999e-31,0.0,0.7088,0.2758,0.002114,0.001381,0.00672,-1.0,0.01537,-2.908,-2.683,-2.031,-3.462
0.0152,0.01508,8.1,4.6203961372,2.611918586,4.618,3.116,3.631,1.462,3.0,0.0,0.397,11.28,8.96,6.48,4.73,3.88,4.0,-9.999999999999999e-31,0.0,0.7086,0.276,0.002002,0.001523,0.006715,-1.0,0.01537,-3.02,-2.772,-2.104,-3.562
0.0152,0.01508,8.1,4.6208248138,2.6119212415,4.618,3.16,3.6268,1.402,3.0,0.0,0.388,12.81,10.0,7.19,5.25,4.31,4.0,-9.999999999999999e-31,0.0,0.707,0.2776,0.001924,0.001713,0.006605,-1.0,0.01537,-3.129,-2.858,-2.174,-3.659
0.0152,0.01508,8.1,4.6212530136,2.6119238935,4.619,3.203,3.6231,1.344,3.0,0.0,0.386,14.48,11.11,7.95,5.82,4.78,4.0,-9.999999999999999e-31,0.0,0.7026,0.2821,0.001859,0.001953,0.006422,-1.0,0.01537,-3.238,-2.945,-2.245,-3.757
0.0152,0.01508,8.1,4.6216812134,2.611926545,4.619,3.246,3.6195,1.286,3.0,0.0,0.385,16.35,12.32,8.78,6.44,5.29,4.0,-9.999999999999999e-31,0.0,0.6964,0.2883,0.001806,0.002172,0.006249,-1.0,0.01537,-3.346,-3.032,-2.318,-3.854
0.0152,0.01508,8.1,4.6220669746,2.6119289332,4.62,3.285,3.6162,1.235,3.0,0.0,0.385,18.23,13.53,9.6,7.05,5.79,4.0,-9.999999999999999e-31,0.0,0.6905,0.2942,0.001768,0.002328,0.006124,-1.0,0.01532,-3.443,-3.109,-2.38,-3.94
0.0152,0.01508,8.1,4.6224946976,2.6119315806,4.62,3.328,3.6126,1.177,3.0,0.0,0.385,20.57,15.01,10.6,7.79,6.4,4.0,-9.999999999999999e-31,0.0,0.6848,0.2999,0.001738,0.002455,0.006022,-1.0,0.01532,-3.55,-3.193,-2.448,-4.035
0.0152,0.01508,8.1,4.623046875,2.6119349975,4.621,3.371,3.6092,1.12,3.0,0.0,0.385,23.2,16.63,11.69,8.61,7.08,4.0,-9.999999999999999e-31,0.0,0.6801,0.3046,0.001716,0.002548,0.005948,-1.0,0.01532,-3.658,-3.279,-2.518,-4.131
0.0152,0.01508,8.1,4.6240472794,2.6119411857,4.622,3.388,3.6077,1.097,3.0,0.0,0.385,24.36,17.35,12.17,8.97,7.37,4.0,-9.999999999999999e-31,0.0,0.6787,0.306,0.00171,0.002573,0.005927,-1.0,0.01536,-3.701,-3.312,-2.543,-4.169
0.0152,0.01508,8.1,4.6262865067,2.6119550256,4.624,3.376,3.609,1.115,3.0,0.0,0.385,23.47,16.8,11.8,8.69,7.15,4.0,-9.999999999999999e-31,0.0,0.6787,0.306,0.00171,0.002573,0.005927,-1.0,0.01536,-3.67,-3.29,-2.528,-4.143
0.0152,0.01508,8.1,4.6319470406,2.611989943,4.629,3.336,3.6129,1.171,4.0,0.0,0.385,0.0,0.0,0.0,0.0,0.0,-1.0,-9.999999999999999e-31,0.0,0.6787,0.3059,0.00171,0.002573,0.005927,-1.0,0.01535,-3.57,-3.216,-2.471,-4.057
0.0152,0.01508,8.1,4.6360120773,2.612014958,4.634,3.295,3.6168,1.228,4.0,0.0,0.385,0.0,0.0,0.0,0.0,0.0,-1.0,-9.999999999999999e-31,0.0,0.6787,0.3059,0.00171,0.002572,0.005927,-1.0,0.01535,-3.467,-3.137,-2.41,-3.967
0.0152,0.01508,8.1,4.639026165,2.6120334732,4.637,3.257,3.6203,1.281,4.0,0.0,0.385,0.0,0.0,0.0,0.0,0.0,-1.0,-9.999999999999999e-31,0.0,0.6787,0.3059,0.001711,0.002572,0.005927,-1.0,0.01535,-3.371,-3.063,-2.351,-3.882
0.0152,0.01508,8.1,4.6418671608,2.6120508998,4.639,3.216,3.6241,1.336,4.0,0.0,0.385,0.0,0.0,0.0,0.0,0.0,-1.0,-9.999999999999999e-31,0.0,0.6787,0.3059,0.001711,0.002572,0.005927,-1.0,0.01535,-3.271,-2.984,-2.288,-3.793
0.0152,0.01508,8.1,4.6448326111,2.6120690637,4.642,3.173,3.6282,1.397,4.0,0.0,0.385,0.0,0.0,0.0,0.0,0.0,-1.0,-9.999999999999999e-31,0.0,0.6787,0.3059,0.001711,0.002572,0.005927,-1.0,0.01535,-3.162,-2.898,-2.219,-3.696
0.0152,0.01508,8.1,4.6477246284,2.6120867521,4.645,3.132,3.6321,1.454,4.0,0.0,0.385,0.0,0.0,0.0,0.0,0.0,-1.0,-9.999999999999999e-31,0.0,0.6787,0.3059,0.001711,0.002572,0.005927,-1.0,0.01535,-3.059,-2.817,-2.153,-3.604
0.0152,0.01508,8.1,4.6510806084,2.6121072465,4.649,3.088,3.6364,1.515,4.0,0.0,0.385,0.0,0.0,0.0,0.0,0.0,-1.0,-9.999999999999999e-31,0.0,0.6788,0.3059,0.001711,0.002571,0.005927,-1.0,0.01534,-2.951,-2.731,-2.082,-3.507
0.0152,0.01508,8.1,4.6551356316,2.6121319645,4.653,3.044,3.641,1.577,4.0,0.0,0.385,0.0,0.0,0.0,0.0,0.0,-1.0,-9.999999999999999e-31,0.0,0.6788,0.3059,0.001711,0.002571,0.005927,-1.0,0.01534,-2.841,-2.645,-2.01,-3.411
0.0152,0.01508,8.1,4.660525322,2.6121647417,4.658,3.002,3.6462,1.641,4.0,0.0,0.385,0.0,0.0,0.0,0.0,0.0,-1.0,-9.999999999999999e-31,0.0,0.6788,0.3059,0.001712,0.002571,0.005927,-1.0,0.01534,-2.735,-2.562,-1.942,-3.317
0.0152,0.01508,8.1,4.6697211266,2.6122204647,4.667,2.964,3.6532,1.708,4.0,0.0,0.385,0.0,0.0,0.0,0.0,0.0,-1.0,-9.999999999999999e-31,0.0,0.6788,0.3059,0.001712,0.00257,0.005927,-1.0,0.01534,-2.641,-2.5,-1.901,-3.239
0.0152,0.01508,8.1,4.6768746376,2.612263638,4.674,2.952,3.658,1.74,4.0,0.0,0.385,0.0,0.0,0.0,0.0,0.0,-1.0,-9.999999999999999e-31,0.0,0.6788,0.3059,0.001712,0.00257,0.005927,-1.0,0.01533,-2.61,-2.49,-1.905,-3.218
0.0152,0.01508,8.1,4.6826844215,2.61229859,4.68,2.965,3.6628,1.747,5.0,0.0,0.385,0.0,0.0,0.0,0.0,0.0,-1.0,-9.999999999999999e-31,0.0,0.6788,0.3058,0.001713,0.00257,0.005927,-1.0,0.01533,-2.642,-2.542,-1.971,-3.259
0.0152,0.01508,8.1,4.6884031296,2.6123328968,4.686,2.989,3.6691,1.748,5.0,0.0,0.385,0.0,0.0,0.0,0.0,0.0,-1.0,-9.999999999999999e-31,0.0,0.6788,0.3058,0.001713,0.002569,0.005927,-1.0,0.01533,-2.703,-2.628,-2.075,-3.332
0.0152,0.01508,8.1,4.691318512,2.6123503493,4.689,3.011,3.6742,1.747,5.0,0.0,0.385,0.0,0.0,0.0,0.0,0.0,-1.0,-9.999999999999999e-31,0.0,0.6789,0.3058,0.001713,0.002569,0.005927,-1.0,0.01532,-2.757,-2.7,-2.16,-3.394
0.0152,0.01508,8.1,4.6937608719,2.6123649509,4.691,3.036,3.6804,1.747,5.0,0.0,0.385,0.0,0.0,0.0,0.0,0.0,-1.0,-9.999999999999999e-31,0.0,0.6789,0.3058,0.001713,0.002569,0.005927,-1.0,0.01532,-2.819,-2.783,-2.255,-3.465
0.0152,0.01508,8.1,4.695456028,2.6123750751,4.693,3.053,3.6861,1.753,5.0,0.0,0.385,0.0,0.0,0.0,0.0,0.0,-1.0,-9.999999999999999e-31,0.0,0.6789,0.3058,0.001713,0.002569,0.005927,-1.0,0.01532,-2.862,-2.843,-2.328,-3.514
