Zini,MH,logAge,Mini,int_IMF,Mass,LogL,LogTe,logg,label,McoreTP,C_O,period0,period1,period2,period3,period4,pmode,Mloss,tau1m,X,Y,Xc,Xn,Xo,Cexcess,Z,mbolmag,Gmag,G_BPmag,G_RPmag
0.0152,0.01508,7.4,0.0900000036,1.0816895926,0.09,-2.335,3.4026,4.29,0.0,0.0,0.545,0.0,0.0,0.0,0.0,0.0,-1.0,-1.41e-15,0.0,0.7092,0.2755,0.002746,0.0007408,0.006719,-1.0,0.01527,10.607,12.643,15.291,11.18
0.0152,0.01508,7.4,0.0900000036,1.0816895926,0.09,-2.335,3.4026,4.29,0.0,0.0,0.545,0.0,0.0,0.0,0.0,0.0,-1.0,-1.41e-15,0.0,0.7092,0.2755,0.002746,0.0007408,0.006719,-1.0,0.01527,10.607,12.643,15.291,11.18
0.0152,0.01508,7.4,0.0930549279,1.1103250157,0.093,-2.314,3.405,4.292,0.0,0.0,0.545,0.0,0.0,0.0,0.0,0.0,-1.0,-1.45e-15,0.0,0.7092,0.2755,0.002746,0.0007408,0.006719,-1.0,0.01527,10.554,12.59,15.239,11.128
0.0152,0.01508,7.4,0.1000000015,1.1711064122,0.1,-2.265,3.4103,4.296,0.0,0.0,0.545,0.0,0.0,0.0,0.0,0.0,-1.0,-1.55e-15,0.0,0.7092,0.2755,0.002746,0.0007408,0.006719,-1.0,0.01527,10.432,12.468,15.118,11.006
0.0152,0.01508,7.4,0.1072141603,1.2286903859,0.107,-2.22,3.4152,4.301,0.0,0.0,0.545,0.0,0.0,0.0,0.0,0.0,-1.0,-1.66e-15,0.0,0.7092,0.2755,0.002746,0.0007408,0.006719,-1.0,0.01527,10.32,12.355,15.004,10.892
0.0152,0.01508,7.4,0.1200000122,1.3193155232,0.12,-2.144,3.4234,4.306,0.0,0.0,0.545,0.0,0.0,0.0,0.0,0.0,-1.0,-1.85e-15,0.0,0.7092,0.2755,0.002746,0.0007408,0.006719,-1.0,0.01527,10.129,12.08,14.629,10.636
0.0152,0.01508,7.4,0.1400000006,1.4384526719,0.14,-2.04,3.4348,4.315,0.0,0.0,0.545,0.0,0.0,0.0,0.0,0.0,-1.0,-2.16e-15,0.0,0.7092,0.2755,0.002746,0.0007408,0.006719,-1.0,0.01527,9.871,11.664,14.031,10.256
0.0152,0.01508,7.4,0.1618343592,1.5455491396,0.162,-1.946,3.4456,4.327,0.0,0.0,0.545,0.0,0.0,0.0,0.0,0.0,-1.0,-2.46e-15,0.0,0.7092,0.2755,0.002746,0.0007408,0.006719,-1.0,0.01527,9.634,11.291,13.504,9.915
0.0152,0.01508,7.4,0.1869785488,1.6477355977,0.187,-1.851,3.4558,4.335,0.0,0.0,0.545,0.0,0.0,0.0,0.0,0.0,-1.0,-2.82e-15,0.0,0.7092,0.2755,0.002746,0.0007408,0.006719,-1.0,0.01527,9.397,10.928,12.995,9.584
0.0152,0.01508,7.4,0.2161550522,1.7459747594,0.216,-1.758,3.4658,4.346,0.0,0.0,0.545,0.0,0.0,0.0,0.0,0.0,-1.0,-3.19e-15,0.0,0.7092,0.2755,0.002746,0.0007408,0.006719,-1.0,0.01527,9.164,10.582,12.517,9.268
0.0152,0.01508,7.4,0.2192941904,1.755511536,0.219,-1.749,3.4668,4.347,0.0,0.0,0.545,0.0,0.0,0.0,0.0,0.0,-1.0,-3.23e-15,0.0,0.7092,0.2755,0.002746,0.0007408,0.006719,-1.0,0.01527,9.142,10.548,12.472,9.238
0.0152,0.01508,7.4,0.2306374758,1.7885473229,0.231,-1.715,3.4702,4.349,0.0,0.0,0.545,0.0,0.0,0.0,0.0,0.0,-1.0,-3.41e-15,0.0,0.7092,0.2755,0.002746,0.0007408,0.006719,-1.0,0.01527,9.057,10.428,12.309,9.127
0.0152,0.01508,7.4,0.25,1.8403257998,0.25,-1.663,3.4758,4.354,0.0,0.0,0.545,0.0,0.0,0.0,0.0,0.0,-1.0,-3.68e-15,0.0,0.7092,0.2755,0.002746,0.0007408,0.006719,-1.0,0.01527,8.926,10.24,12.055,8.956
0.0152,0.01508,7.4,0.2720483243,1.8932844313,0.272,-1.609,3.4815,4.359,0.0,0.0,0.545,0.0,0.0,0.0,0.0,0.0,-1.0,-3.97e-15,0.0,0.7092,0.2755,0.002746,0.0007408,0.006719,-1.0,0.01527,8.792,10.046,11.793,8.78
0.0152,0.01508,7.4,0.3000000119,1.9529139769,0.3,-1.546,3.4883,4.366,0.0,0.0,0.545,0.0,0.0,0.0,0.0,0.0,-1.0,-4.34e-15,0.0,0.7092,0.2755,0.002746,0.0007408,0.006719,-1.0,0.01527,8.634,9.817,11.48,8.575
0.0152,0.01508,7.4,0.3271898925,2.0043650387,0.327,-1.492,3.4939,4.372,0.0,0.0,0.545,0.0,0.0,0.0,0.0,0.0,-1.0,-4.67e-15,0.0,0.7092,0.2755,0.002746,0.0007408,0.006719,-1.0,0.01527,8.5,9.633,11.24,8.407
0.0152,0.01508,7.4,0.3500000238,2.0434175133,0.35,-1.45,3.4984,4.378,0.0,0.0,0.545,0.0,0.0,0.0,0.0,0.0,-1.0,-4.94e-15,0.0,0.7092,0.2755,0.002746,0.0007408,0.006719,-1.0,0.01527,8.396,9.492,11.058,8.278
0.0152,0.01508,7.4,0.4000000358,2.118502481,0.4,-1.365,3.5072,4.386,0.0,0.0,0.545,0.0,0.0,0.0,0.0,0.0,-1.0,-5.56e-15,0.0,0.7092,0.2755,0.002746,0.0007408,0.006719,-1.0,0.01527,8.183,9.21,10.702,8.02
0.0152,0.01508,7.4,0.4296292067,2.1574648322,0.429,-1.319,3.5125,4.391,0.0,0.0,0.545,0.0,0.0,0.0,0.0,0.0,-1.0,-5.94e-15,0.0,0.7092,0.2755,0.002746,0.0007408,0.006719,-1.0,0.01527,8.066,9.055,10.503,7.879
0.0152,0.01508,7.4,0.4500000477,2.1822809714,0.45,-1.288,3.5159,4.395,0.0,0.0,0.545,0.0,0.0,0.0,0.0,0.0,-1.0,-6.19e-15,0.0,0.7092,0.2755,0.002746,0.0007408,0.006719,-1.0,0.01527,7.991,8.954,10.376,7.788
0.0152,0.01508,7.4,0.4665463865,2.2013869974,0.466,-1.265,3.5188,4.399,0.0,0.0,0.545,0.0,0.0,0.0,0.0,0.0,-1.0,-6.39e-15,0.0,0.7092,0.2755,0.002746,0.0007408,0.006719,-1.0,0.01527,7.932,8.874,10.271,7.715
0.0152,0.01508,7.4,0.5,2.2374541529,0.5,-1.218,3.5242,4.404,0.0,0.0,0.545,0.0,0.0,0.0,0.0,0.0,-1.0,-6.84e-15,0.0,0.7092,0.2755,0.002746,0.0007408,0.006719,-1.0,0.01527,7.815,8.718,10.074,7.575
0.0152,0.01508,7.4,0.5185459852,2.2557889164,0.518,-1.193,3.5276,4.407,0.0,0.0,0.545,0.0,0.0,0.0,0.0,0.0,-1.0,-7.09e-15,0.0,0.7092,0.2755,0.002746,0.0007408,0.006719,-1.0,0.01527,7.751,8.631,9.962,7.497
0.0152,0.01508,7.4,0.5482340455,2.2821907424,0.548,-1.151,3.5324,4.409,0.0,0.0,0.545,0.0,0.0,0.0,0.0,0.0,-1.0,-7.58e-15,0.0,0.7092,0.2755,0.002746,0.0007408,0.006719,-1.0,0.01527,7.647,8.494,9.789,7.373
0.0152,0.01508,7.4,0.5500000119,2.2836582633,0.55,-1.148,3.5327,4.409,0.0,0.0,0.545,0.0,0.0,0.0,0.0,0.0,-1.0,-7.61e-15,0.0,0.7092,0.2755,0.002746,0.0007408,0.006719,-1.0,0.01527,7.641,8.486,9.779,7.365
0.0152,0.01508,7.4,0.567974627,2.2980001685,0.568,-1.124,3.536,4.412,0.0,0.0,0.545,0.0,0.0,0.0,0.0,0.0,-1.0,-7.88e-15,0.0,0.7092,0.2755,0.002746,0.0007408,0.006719,-1.0,0.01527,7.581,8.404,9.674,7.293
0.0152,0.01508,7.4,0.6000000238,2.3211213258,0.6,-1.079,3.5417,4.414,0.0,0.0,0.545,0.0,0.0,0.0,0.0,0.0,-1.0,-8.5e-15,0.0,0.7092,0.2755,0.002746,0.0007408,0.006719,-1.0,0.01527,7.467,8.253,9.484,7.158
0.0152,0.01508,7.4,0.6002993584,2.3213240891,0.6,-1.079,3.5418,4.414,0.0,0.0,0.545,0.0,0.0,0.0,0.0,0.0,-1.0,-8.5e-15,0.0,0.7092,0.2755,0.002746,0.0007408,0.006719,-1.0,0.01527,7.466,8.252,9.482,7.157
0.0152,0.01508,7.4,0.6458228827,2.3496627155,0.646,-1.009,3.5519,4.417,0.0,0.0,0.545,0.0,0.0,0.0,0.0,0.0,-1.0,-9.58e-15,0.0,0.7092,0.2755,0.002746,0.0007408,0.006719,-1.0,0.01527,7.293,8.013,9.174,6.947
0.0152,0.01508,7.4,0.6499999762,2.3520353107,0.65,-1.004,3.5528,4.418,0.0,0.0,0.545,0.0,0.0,0.0,0.0,0.0,-1.0,-9.67e-15,0.0,0.7092,0.2755,0.002746,0.0007408,0.006719,-1.0,0.01527,7.279,7.992,9.147,6.929
0.0152,0.01508,7.4,0.6531693339,2.3538122447,0.653,-0.998,3.5537,4.418,0.0,0.0,0.545,0.0,0.0,0.0,0.0,0.0,-1.0,-9.75e-15,0.0,0.7092,0.2755,0.002746,0.0007408,0.006719,-1.0,0.01527,7.266,7.974,9.123,6.913
0.0152,0.01508,7.4,0.7000000477,2.3779267258,0.7,-0.912,3.5679,4.418,0.0,0.0,0.545,0.0,0.0,0.0,0.0,0.0,-1.0,-1.15e-14,0.0,0.7092,0.2755,0.002746,0.0007408,0.006719,-1.0,0.01527,7.049,7.664,8.72,6.647
0.0152,0.01508,7.4,0.7080273628,2.3816936018,0.708,-0.883,3.5783,4.436,0.0,0.0,0.544,0.0,0.0,0.0,0.0,0.0,-1.0,-1.19e-14,0.0,0.7092,0.2755,0.00274,0.0007407,0.006719,-1.0,0.01527,6.977,7.526,8.52,6.541
0.0152,0.01508,7.4,0.75,2.3998889087,0.75,-0.732,3.631,4.521,0.0,0.0,0.538,0.0,0.0,0.0,0.0,0.0,-1.0,-1.49e-14,0.0,0.7092,0.2755,0.002709,0.0007399,0.00672,-1.0,0.01527,6.599,6.864,7.601,6.029
0.0152,0.01508,7.4,0.7605546117,2.4041025154,0.761,-0.714,3.6332,4.518,0.0,0.0,0.538,0.0,0.0,0.0,0.0,0.0,-1.0,-1.54e-14,0.0,0.7092,0.2755,0.002709,0.0007399,0.00672,-1.0,0.01527,6.555,6.809,7.536,5.981
0.0152,0.01508,7.4,0.8000000119,2.4187244405,0.8,-0.632,3.6438,4.5,0.0,0.0,0.538,0.0,0.0,0.0,0.0,0.0,-1.0,-1.84e-14,0.0,0.7092,0.2755,0.002709,0.0007399,0.00672,-1.0,0.01527,6.35,6.551,7.229,5.756
0.0152,0.01508,7.4,0.8302322626,2.4288561876,0.83,-0.562,3.6544,4.489,0.0,0.0,0.538,0.0,0.0,0.0,0.0,0.0,-1.0,-2.15e-14,0.0,0.7092,0.2755,0.002709,0.0007399,0.00672,-1.0,0.01527,6.175,6.323,6.955,5.559
0.0152,0.01508,7.4,0.8500000238,2.435034684,0.85,-0.511,3.6627,4.481,0.0,0.0,0.538,0.0,0.0,0.0,0.0,0.0,-1.0,-2.41e-14,0.0,0.7092,0.2755,0.002709,0.0007398,0.00672,-1.0,0.01527,6.047,6.157,6.757,5.417
0.0152,0.01508,7.4,0.8605946302,2.4382120428,0.86,-0.483,3.6673,4.477,0.0,0.0,0.538,0.0,0.0,0.0,0.0,0.0,-1.0,-2.57e-14,0.0,0.7092,0.2755,0.002709,0.0007398,0.00672,-1.0,0.01527,5.977,6.069,6.651,5.341
0.0152,0.01508,7.4,0.8891683221,2.4463489506,0.889,-0.402,3.6813,4.465,0.0,0.0,0.538,0.0,0.0,0.0,0.0,0.0,-1.0,-3.08e-14,0.0,0.7092,0.2755,0.002709,0.0007398,0.00672,-1.0,0.01527,5.774,5.812,6.347,5.122
0.0152,0.01508,7.4,0.9000000358,2.4492786175,0.899,-0.369,3.6869,4.461,0.0,0.0,0.538,0.0,0.0,0.0,0.0,0.0,-1.0,-3.32e-14,0.0,0.7092,0.2755,0.002709,0.0007398,0.00672,-1.0,0.01527,5.693,5.713,6.232,5.038
0.0152,0.01508,7.4,0.9087581635,2.4515888074,0.908,-0.343,3.6915,4.457,0.0,0.0,0.538,0.0,0.0,0.0,0.0,0.0,-1.0,-3.52e-14,0.0,0.7092,0.2755,0.002709,0.0007398,0.00672,-1.0,0.01527,5.628,5.634,6.138,4.97
0.0152,0.01508,7.4,0.9353300333,2.4582943979,0.935,-0.261,3.7059,4.445,0.0,0.0,0.538,0.0,0.0,0.0,0.0,0.0,-1.0,-4.25e-14,0.0,0.7092,0.2755,0.002709,0.0007398,0.00672,-1.0,0.01527,5.423,5.389,5.854,4.76
0.0152,0.01508,7.4,0.9500000477,2.4618122009,0.95,-0.215,3.714,4.438,0.0,0.0,0.538,0.0,0.0,0.0,0.0,0.0,-1.0,-4.73e-14,0.0,0.7092,0.2755,0.002709,0.0007398,0.00672,-1.0,0.01527,5.307,5.254,5.698,4.644
0.0152,0.01508,7.4,0.9645006657,2.4651687192,0.964,-0.168,3.722,4.43,0.0,0.0,0.538,0.0,0.0,0.0,0.0,0.0,-1.0,-5.28e-14,0.0,0.7092,0.2755,0.002709,0.0007398,0.006719,-1.0,0.01527,5.189,5.12,5.545,4.528
0.0152,0.01508,7.4,0.9856181741,2.4698543205,0.986,-0.098,3.7337,4.417,0.0,0.0,0.538,0.0,0.0,0.0,0.0,0.0,-1.0,-6.23e-14,0.0,0.7092,0.2755,0.002709,0.0007398,0.006719,-1.0,0.01527,5.015,4.925,5.323,4.358
0.0152,0.01508,7.4,1.0,2.4729154477,1.0,-0.05,3.7417,4.407,0.0,0.0,0.538,0.0,0.0,0.0,0.0,0.0,-1.0,-6.98e-14,0.0,0.7092,0.2755,0.002709,0.0007398,0.006719,-1.0,0.01527,4.895,4.794,5.173,4.245
0.0152,0.01508,7.4,1.00340271,2.4736249572,1.004,-0.039,3.7435,4.404,0.0,0.0,0.538,0.0,0.0,0.0,0.0,0.0,-1.0,-7.14e-14,0.0,0.7092,0.2755,0.002709,0.0007398,0.006719,-1.0,0.01527,4.867,4.763,5.138,4.219
0.0152,0.01508,7.4,1.029322505,2.4788529943,1.029,0.044,3.7569,4.386,0.0,0.0,0.538,0.0,0.0,0.0,0.0,0.0,-1.0,-8.38e-14,0.0,0.7092,0.2755,0.002709,0.0007398,0.006719,-1.0,0.01527,4.661,4.544,4.889,4.031
0.0152,0.01508,7.4,1.0455703735,2.4819786328,1.045,0.093,3.765,4.376,0.0,0.0,0.538,0.0,0.0,0.0,0.0,0.0,-1.0,-9.22e-14,0.0,0.7092,0.2755,0.002709,0.0007398,0.006719,-1.0,0.01527,4.537,4.414,4.741,3.92
0.0152,0.01508,7.4,1.0499999523,2.482811486,1.05,0.102,3.7667,4.376,0.0,0.0,0.538,0.0,0.0,0.0,0.0,0.0,-1.0,-9.34e-14,0.0,0.7092,0.2755,0.002709,0.0007398,0.006719,-1.0,0.01527,4.514,4.391,4.714,3.901
0.0152,0.01508,7.4,1.0550642014,2.4837538239,1.055,0.112,3.7686,4.375,0.0,0.0,0.538,0.0,0.0,0.0,0.0,0.0,-1.0,-9.47e-14,0.0,0.7092,0.2755,0.002709,0.0007398,0.006719,-1.0,0.01527,4.489,4.365,4.683,3.879
0.0152,0.01508,7.4,1.0997520685,2.4916384502,1.099,0.17,3.7821,4.389,0.0,0.0,0.538,0.0,0.0,0.0,0.0,0.0,-1.0,-9.79e-14,0.0,0.7092,0.2755,0.002709,0.0007397,0.006719,-1.0,0.01526,4.344,4.215,4.504,3.762
0.0152,0.01508,7.4,1.1000000238,2.491680148,1.099,0.171,3.7822,4.389,0.0,0.0,0.538,0.0,0.0,0.0,0.0,0.0,-1.0,-9.79e-14,0.0,0.7092,0.2755,0.002709,0.0007397,0.006719,-1.0,0.01526,4.344,4.215,4.504,3.762
0.0152,0.01508,7.4,1.1127544641,2.4937962273,1.112,0.184,3.7861,4.397,0.0,0.0,0.538,0.0,0.0,0.0,0.0,0.0,-1.0,-9.76e-14,0.0,0.7092,0.2755,0.002709,0.0007397,0.006719,-1.0,0.01526,4.31,4.181,4.462,3.738
0.0152,0.01508,7.4,1.1411904097,2.4983187867,1.14,0.19,3.7904,4.418,0.0,0.0,0.538,0.0,0.0,0.0,0.0,0.0,-1.0,-9.1e-14,0.0,0.7093,0.2755,0.002709,0.0007397,0.006718,-1.0,0.01527,4.294,4.165,4.437,3.731
0.0152,0.01508,7.4,1.1499999762,2.4996678137,1.149,0.193,3.7914,4.423,0.0,0.0,0.538,0.0,0.0,0.0,0.0,0.0,-1.0,-8.92e-14,0.0,0.7093,0.2754,0.002709,0.0007396,0.006718,-1.0,0.01527,4.289,4.16,4.43,3.728
0.0152,0.01508,7.4,1.158110857,2.5008890037,1.157,0.194,3.7922,4.428,0.0,0.0,0.538,0.0,0.0,0.0,0.0,0.0,-1.0,-8.73e-14,0.0,0.7093,0.2754,0.002709,0.0007396,0.006718,-1.0,0.01527,4.284,4.155,4.424,3.726
0.0152,0.01508,7.4,1.2000000477,2.5068948796,1.2,0.228,3.7966,4.427,0.0,0.0,0.538,0.0,0.0,0.0,0.0,0.0,-1.0,-8.55e-14,0.0,0.7093,0.2754,0.002708,0.0007396,0.006717,-1.0,0.01527,4.201,4.072,4.332,3.654
0.0152,0.01508,7.4,1.2100127935,2.50825983,1.21,0.235,3.7974,4.427,0.0,0.0,0.538,0.0,0.0,0.0,0.0,0.0,-1.0,-8.46e-14,0.0,0.7093,0.2754,0.002708,0.0007396,0.006717,-1.0,0.01527,4.183,4.055,4.313,3.638
0.0152,0.01508,7.4,1.25,2.5134610955,1.25,0.305,3.8044,4.399,0.0,0.0,0.538,0.0,0.0,0.0,0.0,0.0,-1.0,-9.23e-14,0.0,0.7093,0.2754,0.002708,0.0007395,0.006717,-1.0,0.01527,4.007,3.88,4.124,3.48
0.0152,0.01508,7.4,1.2563631535,2.5142537309,1.256,0.317,3.8055,4.394,0.0,0.0,0.538,0.0,0.0,0.0,0.0,0.0,-1.0,-9.35e-14,0.0,0.7093,0.2754,0.002708,0.0007395,0.006717,-1.0,0.01527,3.979,3.852,4.094,3.455
0.0152,0.01508,7.4,1.2999999523,2.5194498592,1.3,0.394,3.8137,4.365,0.0,0.0,0.538,0.0,0.0,0.0,0.0,0.0,-1.0,-1.02e-13,0.0,0.7093,0.2754,0.002708,0.0007395,0.006717,-1.0,0.01527,3.786,3.661,3.887,3.284
0.0152,0.01508,7.4,1.3256219625,2.5223181964,1.326,0.44,3.8189,4.348,0.0,0.0,0.538,0.0,0.0,0.0,0.0,0.0,-1.0,-1.07e-13,0.0,0.7094,0.2754,0.002708,0.0007395,0.006716,-1.0,0.01527,3.67,3.546,3.763,3.182
0.0152,0.01508,7.4,1.3500001431,2.5249313723,1.35,0.484,3.824,4.333,0.0,0.0,0.538,0.0,0.0,0.0,0.0,0.0,-1.0,-1.12e-13,0.0,0.7094,0.2753,0.002708,0.0007395,0.006716,-1.0,0.01527,3.561,3.437,3.645,3.084
0.0152,0.01508,7.4,1.4000000954,2.5299650415,1.4,0.565,3.8354,4.313,0.0,0.0,0.538,0.0,0.0,0.0,0.0,0.0,-1.0,-1.16e-13,0.0,0.7094,0.2754,0.002708,0.0007394,0.006716,-1.0,0.01525,3.358,3.237,3.426,2.91
0.0152,0.01508,7.4,1.4181087017,2.5316877175,1.418,0.593,3.84,4.309,0.0,0.0,0.538,0.0,0.0,0.0,0.0,0.0,-1.0,-1.16e-13,0.0,0.7094,0.2754,0.002708,0.0007394,0.006716,-1.0,0.01525,3.287,3.168,3.349,2.852
0.0152,0.01508,7.4,1.4500000477,2.5346015836,1.45,0.64,3.848,4.304,0.0,0.0,0.538,0.0,0.0,0.0,0.0,0.0,-1.0,-1.15e-13,0.0,0.7094,0.2754,0.002708,0.0007394,0.006716,-1.0,0.01527,3.171,3.055,3.224,2.758
0.0152,0.01508,7.4,1.5,2.5388844597,1.5,0.707,3.8633,4.312,0.0,0.0,0.538,0.0,0.0,0.0,0.0,0.0,-1.0,-1.05e-13,0.0,0.7094,0.2753,0.002707,0.0007394,0.006715,-1.0,0.01527,3.003,2.894,3.039,2.633
0.0152,0.01508,7.4,1.5050692558,2.5393004461,1.505,0.713,3.865,4.314,0.0,0.0,0.538,0.0,0.0,0.0,0.0,0.0,-1.0,-1.03e-13,0.0,0.7094,0.2753,0.002707,0.0007394,0.006715,-1.0,0.01527,2.987,2.879,3.022,2.623
0.0152,0.01508,7.4,1.5499999523,2.5428511323,1.55,0.769,3.8769,4.319,0.0,0.0,0.538,0.0,0.0,0.0,0.0,0.0,-1.0,-8.84e-14,0.0,0.7094,0.2753,0.002708,0.0007393,0.006715,-1.0,0.01527,2.848,2.748,2.873,2.52
0.0152,0.01508,7.4,1.6000000238,2.5465340628,1.6,0.829,3.8902,4.325,0.0,0.0,0.538,0.0,0.0,0.0,0.0,0.0,-1.0,-6.63e-14,0.0,0.7095,0.2753,0.002708,0.0007393,0.006714,-1.0,0.01527,2.697,2.607,2.712,2.412
0.0152,0.01508,7.4,1.6500000954,2.5499614852,1.649,0.886,3.9027,4.332,0.0,0.0,0.538,0.0,0.0,0.0,0.0,0.0,-1.0,-3.7e-14,0.0,0.7095,0.2752,0.002707,0.0007392,0.006714,-1.0,0.01527,2.554,2.477,2.565,2.314
0.0152,0.01508,7.4,1.7000000477,2.5531580802,1.699,0.942,3.9147,4.337,0.0,0.0,0.538,0.0,0.0,0.0,0.0,0.0,-1.0,-9.999999999999999e-31,0.0,0.7095,0.2752,0.002707,0.0007392,0.006714,-1.0,0.01526,2.415,2.354,2.425,2.221
0.0152,0.01508,7.4,1.75,2.5561455243,1.749,0.995,3.926,4.342,0.0,0.0,0.538,0.0,0.0,0.0,0.0,0.0,-1.0,-9.999999999999999e-31,0.0,0.7095,0.2752,0.002707,0.0007391,0.006713,-1.0,0.01526,2.281,2.24,2.296,2.135
0.0152,0.01508,7.4,1.7999999523,2.5589429085,1.799,1.047,3.9369,4.345,0.0,0.0,0.538,0.0,0.0,0.0,0.0,0.0,-1.0,-9.999999999999999e-31,0.0,0.7095,0.2752,0.002707,0.0007391,0.006713,-1.0,0.01526,2.152,2.134,2.177,2.054
0.0152,0.01508,7.4,1.8500000238,2.5615671203,1.849,1.096,3.9469,4.349,0.0,0.0,0.538,0.0,0.0,0.0,0.0,0.0,-1.0,-9.999999999999999e-31,0.0,0.7096,0.2752,0.002706,0.0007391,0.006713,-1.0,0.01526,2.031,2.039,2.071,1.98
0.0152,0.01508,7.4,1.9000000954,2.5640331317,1.899,1.143,3.9565,4.351,0.0,0.0,0.538,0.0,0.0,0.0,0.0,0.0,-1.0,-9.999999999999999e-31,0.0,0.7096,0.2752,0.002706,0.000739,0.006713,-1.0,0.01526,1.912,1.95,1.973,1.908
0.0152,0.01508,7.4,1.9500001669,2.5663542767,1.95,1.19,3.9658,4.353,0.0,0.0,0.538,0.0,0.0,0.0,0.0,0.0,-1.0,-9.999999999999999e-31,0.0,0.7096,0.2752,0.002706,0.000739,0.006712,-1.0,0.01525,1.795,1.866,1.881,1.84
0.0152,0.01508,7.4,2.0,2.5685424513,2.0,1.235,3.9746,4.355,0.0,0.0,0.538,0.0,0.0,0.0,0.0,0.0,-1.0,-9.999999999999999e-31,0.0,0.7096,0.2751,0.002706,0.000739,0.006712,-1.0,0.01527,1.684,1.789,1.797,1.775
0.0152,0.01508,7.4,2.0499999523,2.5706083333,2.05,1.278,3.983,4.356,0.0,0.0,0.538,0.0,0.0,0.0,0.0,0.0,-1.0,-9.999999999999999e-31,0.0,0.7096,0.2751,0.002707,0.0007389,0.006712,-1.0,0.01526,1.576,1.716,1.717,1.713
0.0152,0.01508,7.4,2.0999999046,2.5725614918,2.099,1.32,3.991,4.356,0.0,0.0,0.538,0.0,0.0,0.0,0.0,0.0,-1.0,-9.999999999999999e-31,0.0,0.7096,0.2751,0.002706,0.0007389,0.006712,-1.0,0.01524,1.47,1.645,1.641,1.652
0.0152,0.01508,7.4,2.1500000954,2.5744105556,2.149,1.361,3.9988,4.357,0.0,0.0,0.538,0.0,0.0,0.0,0.0,0.0,-1.0,-9.999999999999999e-31,0.0,0.7097,0.2751,0.002706,0.0007389,0.006711,-1.0,0.01525,1.368,1.577,1.569,1.594
0.0152,0.01508,7.4,2.2000000477,2.5761632879,2.199,1.401,4.0063,4.356,0.0,0.0,0.538,0.0,0.0,0.0,0.0,0.0,-1.0,-9.999999999999999e-31,0.0,0.7097,0.2751,0.002706,0.0007389,0.006711,-1.0,0.01527,1.267,1.512,1.499,1.536
0.0152,0.01508,7.4,2.25,2.5778267375,2.249,1.44,4.0137,4.357,1.0,0.0,0.538,0.0,0.0,0.0,0.0,0.0,-1.0,-9.999999999999999e-31,0.0,0.7096,0.2751,0.002706,0.0007388,0.006711,-1.0,0.01527,1.17,1.45,1.434,1.482
0.0152,0.01508,7.4,2.2999999523,2.5794072884,2.299,1.478,4.0207,4.356,1.0,0.0,0.538,0.0,0.0,0.0,0.0,0.0,-1.0,-9.999999999999999e-31,0.0,0.7097,0.2751,0.002706,0.0007388,0.006711,-1.0,0.01527,1.076,1.388,1.369,1.427
0.0152,0.01508,7.4,2.4000000954,2.5823423892,2.399,1.551,4.0337,4.354,0.0,0.0,0.538,0.0,0.0,0.0,0.0,0.0,-1.0,-9.999999999999999e-31,0.0,0.7097,0.2751,0.002706,0.0007388,0.006711,-1.0,0.01525,0.893,1.269,1.244,1.319
0.0152,0.01508,7.4,2.5999999046,2.5874412955,2.6,1.687,4.0577,4.349,1.0,0.0,0.538,0.0,0.0,0.0,0.0,0.0,-1.0,-9.999999999999999e-31,0.0,0.7092,0.2755,0.00271,0.0007399,0.00672,-1.0,0.01527,0.553,1.05,1.015,1.117
0.0152,0.01508,7.4,2.8000001907,2.5917117867,2.8,1.813,4.0792,4.341,1.0,0.0,0.538,0.0,0.0,0.0,0.0,0.0,-1.0,-9.999999999999999e-31,0.0,0.7092,0.2755,0.00271,0.0007399,0.00672,-1.0,0.01527,0.238,0.846,0.803,0.928
0.0152,0.01508,7.4,3.0,2.5953341962,3.0,1.929,4.0985,4.332,1.0,0.0,0.538,0.0,0.0,0.0,0.0,0.0,-1.0,-9.999999999999999e-31,0.0,0.7092,0.2755,0.00271,0.0007399,0.00672,-1.0,0.01527,-0.052,0.658,0.608,0.751
0.0152,0.01508,7.4,3.079811573,2.5966296204,3.08,1.973,4.1057,4.328,1.0,0.0,0.538,0.0,0.0,0.0,0.0,0.0,-1.0,-9.999999999999999e-31,0.0,0.7092,0.2755,0.00271,0.0007399,0.00672,-1.0,0.01527,-0.163,0.587,0.535,0.684
0.0152,0.01508,7.4,3.2000000477,2.5984409005,3.199,2.038,4.1164,4.323,1.0,0.0,0.538,0.0,0.0,0.0,0.0,0.0,-1.0,-9.999999999999999e-31,0.0,0.7092,0.2755,0.00271,0.0007399,0.00672,-1.0,0.01527,-0.325,0.483,0.428,0.586
0.0152,0.01508,7.4,3.4000000954,2.6011310876,3.398,2.14,4.1329,4.313,1.0,0.0,0.538,0.0,0.0,0.0,0.0,0.0,-1.0,-9.999999999999999e-31,0.0,0.7092,0.2755,0.00271,0.0007399,0.00672,-1.0,0.01527,-0.58,0.319,0.259,0.432
0.0152,0.01508,7.4,3.5400629044,2.602808383,3.538,2.208,4.1435,4.305,1.0,0.0,0.538,0.0,0.0,0.0,0.0,0.0,-1.0,-9.999999999999999e-31,0.0,0.7092,0.2755,0.00271,0.0007399,0.00672,-1.0,0.01527,-0.75,0.209,0.146,0.328
0.0152,0.01508,7.4,3.6000001431,2.6034804607,3.598,2.236,4.148,4.302,1.0,0.0,0.538,0.0,0.0,0.0,0.0,0.0,-1.0,-9.999999999999999e-31,0.0,0.7092,0.2755,0.00271,0.0007399,0.00672,-1.0,0.01527,-0.821,0.164,0.099,0.285
0.0152,0.01508,7.4,3.8000001907,2.6055477311,3.798,2.327,4.1623,4.292,1.0,0.0,0.538,0.0,0.0,0.0,0.0,0.0,-1.0,-9.999999999999999e-31,0.0,0.7092,0.2755,0.00271,0.0007399,0.00672,-1.0,0.01527,-1.049,0.019,-0.051,0.147
0.0152,0.01508,7.4,3.8847050667,2.6063498363,3.884,2.364,4.168,4.287,1.0,0.0,0.538,0.0,0.0,0.0,0.0,0.0,-1.0,-9.999999999999999e-31,0.0,0.7092,0.2755,0.00271,0.0007399,0.00672,-1.0,0.01527,-1.141,-0.041,-0.112,0.091
0.0152,0.01508,7.4,4.0,2.607379084,4.001,2.414,4.1756,4.281,1.0,0.0,0.538,0.0,0.0,0.0,0.0,0.0,-1.0,-9.999999999999999e-31,0.0,0.7092,0.2755,0.00271,0.0007399,0.00672,-1.0,0.01527,-1.264,-0.12,-0.194,0.016
0.0152,0.01508,7.4,4.1999998093,2.6090113217,4.198,2.496,4.1883,4.27,1.0,0.0,0.538,0.0,0.0,0.0,0.0,0.0,-1.0,-9.999999999999999e-31,0.0,0.7092,0.2755,0.00271,0.0007399,0.00672,-1.0,0.01527,-1.471,-0.253,-0.33,-0.11
0.0152,0.01508,7.4,4.4000000954,2.6104741055,4.397,2.575,4.2002,4.259,1.0,0.0,0.538,0.0,0.0,0.0,0.0,0.0,-1.0,-9.999999999999999e-31,0.0,0.7092,0.2755,0.00271,0.0007399,0.00672,-1.0,0.01527,-1.668,-0.381,-0.461,-0.231
0.0152,0.01508,7.4,4.5287070274,2.611337285,4.526,2.624,4.2074,4.252,1.0,0.0,0.538,0.0,0.0,0.0,0.0,0.0,-1.0,-9.999999999999999e-31,0.0,0.7092,0.2755,0.00271,0.0007399,0.00672,-1.0,0.01527,-1.79,-0.46,-0.543,-0.306
0.0152,0.01508,7.4,4.5999999046,2.6117915791,4.597,2.65,4.2114,4.248,1.0,0.0,0.538,0.0,0.0,0.0,0.0,0.0,-1.0,-9.999999999999999e-31,0.0,0.7092,0.2755,0.00271,0.0007399,0.00672,-1.0,0.01527,-1.856,-0.503,-0.588,-0.347
0.0152,0.01508,7.4,4.8000001907,2.6129836005,4.798,2.723,4.2219,4.236,1.0,0.0,0.538,0.0,0.0,0.0,0.0,0.0,-1.0,-9.999999999999999e-31,0.0,0.7092,0.2755,0.00271,0.0007399,0.00672,-1.0,0.01527,-2.037,-0.622,-0.71,-0.46
0.0152,0.01508,7.4,4.8422093391,2.6132207432,4.84,2.738,4.2241,4.233,1.0,0.0,0.538,0.0,0.0,0.0,0.0,0.0,-1.0,-9.999999999999999e-31,0.0,0.7092,0.2755,0.00271,0.0007399,0.00672,-1.0,0.01527,-2.074,-0.647,-0.735,-0.483
0.0152,0.01508,7.4,5.0,2.6140666223,4.999,2.793,4.2319,4.224,1.0,0.0,0.538,0.0,0.0,0.0,0.0,0.0,-1.0,-9.999999999999999e-31,0.0,0.7092,0.2755,0.00271,0.0007399,0.00672,-1.0,0.01527,-2.212,-0.738,-0.828,-0.57
0.0152,0.01508,7.4,5.0755438805,2.6144502513,5.075,2.818,4.2356,4.219,1.0,0.0,0.538,0.0,0.0,0.0,0.0,0.0,-1.0,-9.999999999999999e-31,0.0,0.7092,0.2755,0.00271,0.0007399,0.00672,-1.0,0.01527,-2.276,-0.781,-0.872,-0.611
0.0152,0.01508,7.4,5.1999998093,2.6150544,5.2,2.86,4.2415,4.212,1.0,0.0,0.538,0.0,0.0,0.0,0.0,0.0,-1.0,-9.999999999999999e-31,0.0,0.7092,0.2755,0.00271,0.0007399,0.00672,-1.0,0.01527,-2.381,-0.851,-0.944,-0.678
0.0152,0.01508,7.4,5.3168621063,2.6155921777,5.317,2.899,4.2468,4.204,1.0,0.0,0.538,0.0,0.0,0.0,0.0,0.0,-1.0,-9.999999999999999e-31,0.0,0.7092,0.2755,0.00271,0.0007399,0.00672,-1.0,0.01527,-2.477,-0.916,-1.011,-0.739
0.0152,0.01508,7.4,5.3999996185,2.6159585084,5.401,2.926,4.2505,4.199,1.0,0.0,0.538,0.0,0.0,0.0,0.0,0.0,-1.0,-9.999999999999999e-31,0.0,0.7092,0.2755,0.00271,0.0007399,0.00672,-1.0,0.01527,-2.544,-0.962,-1.058,-0.784
0.0152,0.01508,7.4,5.5414938927,2.6165530104,5.542,2.971,4.2566,4.189,1.0,0.0,0.538,0.0,0.0,0.0,0.0,0.0,-1.0,-9.999999999999999e-31,0.0,0.7092,0.2755,0.00271,0.0007399,0.00672,-1.0,0.01527,-2.657,-1.04,-1.138,-0.858
0.0152,0.01508,7.4,5.5999994278,2.6167887546,5.601,2.989,4.259,4.185,1.0,0.0,0.538,0.0,0.0,0.0,0.0,0.0,-1.0,-9.999999999999999e-31,0.0,0.7092,0.2755,0.00271,0.0007399,0.00672,-1.0,0.01527,-2.704,-1.072,-1.17,-0.888
0.0152,0.01508,7.4,5.6381311417,2.6169393789,5.639,3.001,4.2606,4.182,1.0,0.0,0.538,0.0,0.0,0.0,0.0,0.0,-1.0,-9.999999999999999e-31,0.0,0.7092,0.2755,0.00271,0.0007399,0.00672,-1.0,0.01527,-2.733,-1.093,-1.191,-0.908
0.0152,0.01508,7.4,5.8000001907,2.6175535027,5.801,3.051,4.267,4.17,1.0,0.0,0.538,0.0,0.0,0.0,0.0,0.0,-1.0,-9.999999999999999e-31,0.0,0.7092,0.2755,0.00271,0.0007399,0.00672,-1.0,0.01527,-2.858,-1.181,-1.281,-0.992
0.0152,0.01508,7.4,6.0,2.6182599138,6.0,3.112,4.2746,4.155,1.0,0.0,0.538,0.0,0.0,0.0,0.0,0.0,-1.0,-9.999999999999999e-31,0.0,0.7092,0.2755,0.00271,0.0007399,0.00672,-1.0,0.01527,-3.01,-1.288,-1.391,-1.095
0.0152,0.01508,7.4,6.0024194717,2.6182681287,6.003,3.113,4.2747,4.155,1.0,0.0,0.538,0.0,0.0,0.0,0.0,0.0,-1.0,-9.999999999999999e-31,0.0,0.7092,0.2755,0.00271,0.0007399,0.00672,-1.0,0.01527,-3.011,-1.289,-1.392,-1.096
0.0152,0.01508,7.4,6.1999998093,2.6189141709,6.2,3.171,4.2818,4.139,1.0,0.0,0.538,0.0,0.0,0.0,0.0,0.0,-1.0,-9.999999999999999e-31,0.0,0.7092,0.2755,0.00271,0.0007399,0.00672,-1.0,0.01527,-3.157,-1.395,-1.499,-1.198
0.0152,0.01508,7.4,6.4000000954,2.6195216279,6.399,3.229,4.2886,4.122,1.0,0.0,0.538,0.0,0.0,0.0,0.0,0.0,-1.0,-9.999999999999999e-31,0.0,0.7092,0.2755,0.00271,0.0007399,0.00672,-1.0,0.01527,-3.301,-1.5,-1.607,-1.299
0.0152,0.01508,7.4,6.6492872238,2.6202202616,6.647,3.298,4.2964,4.1,1.0,0.0,0.538,0.0,0.0,0.0,0.0,0.0,-1.0,-9.999999999999999e-31,0.0,0.7092,0.2755,0.00271,0.0007399,0.00672,-1.0,0.01527,-3.476,-1.63,-1.739,-1.425
0.0152,0.01508,7.4,6.8845710754,2.6208265611,6.881,3.363,4.3032,4.077,1.0,0.0,0.538,0.0,0.0,0.0,0.0,0.0,-1.0,-9.999999999999999e-31,0.0,0.7092,0.2755,0.00271,0.0007399,0.00672,-1.0,0.01527,-3.638,-1.754,-1.865,-1.545
0.0152,0.01508,7.4,7.0,2.621106928,6.996,3.395,4.3063,4.065,1.0,0.0,0.538,0.0,0.0,0.0,0.0,0.0,-1.0,-9.999999999999999e-31,0.0,0.7092,0.2755,0.00271,0.0007399,0.00672,-1.0,0.01527,-3.718,-1.817,-1.929,-1.606
0.0152,0.01508,7.4,7.0780467987,2.6212905493,7.074,3.416,4.3082,4.056,1.0,0.0,0.538,0.0,0.0,0.0,0.0,0.0,-1.0,-9.999999999999999e-31,0.0,0.7092,0.2755,0.00271,0.0007399,0.00672,-1.0,0.01527,-3.771,-1.859,-1.971,-1.647
0.0152,0.01508,7.4,7.2886266708,2.6217634984,7.286,3.473,4.3131,4.032,1.0,0.0,0.538,0.0,0.0,0.0,0.0,0.0,-1.0,-9.999999999999999e-31,0.0,0.7092,0.2755,0.00271,0.0007399,0.00672,-1.0,0.01527,-3.912,-1.973,-2.087,-1.758
0.0152,0.01508,7.4,7.4829902649,2.6221729705,7.481,3.524,4.3171,4.008,1.0,0.0,0.538,0.0,0.0,0.0,0.0,0.0,-1.0,-9.999999999999999e-31,0.0,0.7092,0.2755,0.00271,0.0007399,0.00672,-1.0,0.01527,-4.041,-2.08,-2.195,-1.863
0.0152,0.01508,7.4,7.6632561684,2.62253147,7.663,3.572,4.3204,3.984,1.0,0.0,0.538,0.0,0.0,0.0,0.0,0.0,-1.0,-9.999999999999999e-31,0.0,0.7092,0.2755,0.00271,0.0007399,0.00672,-1.0,0.01527,-4.16,-2.182,-2.298,-1.962
0.0152,0.01508,7.4,7.8311901093,2.6228484245,7.831,3.617,4.323,3.959,1.0,0.0,0.538,0.0,0.0,0.0,0.0,0.0,-1.0,-9.999999999999999e-31,0.0,0.7092,0.2755,0.00271,0.0007399,0.00672,-1.0,0.01527,-4.272,-2.28,-2.396,-2.059
0.0152,0.01508,7.4,8.0,2.6231516585,8.001,3.662,4.3249,3.931,1.0,0.0,0.538,0.0,0.0,0.0,0.0,0.0,-1.0,-9.999999999999999e-31,0.0,0.7092,0.2755,0.00271,0.0007399,0.00672,-1.0,0.01527,-4.385,-2.384,-2.501,-2.163
0.0152,0.01508,7.4,8.163851738,2.6234322361,8.164,3.705,4.3262,3.902,1.0,0.0,0.538,0.0,0.0,0.0,0.0,0.0,-1.0,-9.999999999999999e-31,0.0,0.7092,0.2755,0.00271,0.0007399,0.00672,-1.0,0.01527,-4.491,-2.484,-2.602,-2.262
0.0152,0.01508,7.4,8.37541008,2.6237758983,8.374,3.76,4.327,3.861,1.0,0.0,0.538,0.0,0.0,0.0,0.0,0.0,-1.0,-9.999999999999999e-31,0.0,0.7092,0.2755,0.00271,0.0007399,0.00672,-1.0,0.01527,-4.629,-2.619,-2.738,-2.397
0.0152,0.01508,7.4,8.5522813797,2.6240482571,8.549,3.806,4.3266,3.822,1.0,0.0,0.538,0.0,0.0,0.0,0.0,0.0,-1.0,-9.999999999999999e-31,0.0,0.7092,0.2755,0.00271,0.0007399,0.00672,-1.0,0.01527,-4.746,-2.74,-2.858,-2.518
0.0152,0.01508,7.4,8.7283153534,2.624306761,8.724,3.854,4.3249,3.777,1.0,0.0,0.538,0.0,0.0,0.0,0.0,0.0,-1.0,-9.999999999999999e-31,0.0,0.7092,0.2755,0.00271,0.0007399,0.00672,-1.0,0.01527,-4.864,-2.87,-2.988,-2.649
0.0152,0.01508,7.4,8.9236001968,2.6245798557,8.918,3.907,4.3215,3.719,1.0,0.0,0.538,0.0,0.0,0.0,0.0,0.0,-1.0,-9.999999999999999e-31,0.0,0.7092,0.2755,0.00271,0.0007399,0.00672,-1.0,0.01527,-4.997,-3.024,-3.141,-2.805
0.0152,0.01508,7.4,9.0,2.6246829947,8.995,3.928,4.3193,3.693,1.0,0.0,0.538,0.0,0.0,0.0,0.0,0.0,-1.0,-9.999999999999999e-31,0.0,0.7092,0.2755,0.00271,0.0007399,0.00672,-1.0,0.01527,-5.049,-3.09,-3.207,-2.872
0.0152,0.01508,7.4,9.109837532,2.624827794,9.105,3.957,4.3161,3.657,1.0,0.0,0.538,0.0,0.0,0.0,0.0,0.0,-1.0,-9.999999999999999e-31,0.0,0.7092,0.2755,0.00271,0.0007399,0.00672,-1.0,0.01527,-5.123,-3.183,-3.298,-2.966
0.0152,0.01508,7.4,9.2657241821,2.6250265379,9.261,4.0,4.3093,3.594,1.0,0.0,0.538,0.0,0.0,0.0,0.0,0.0,-1.0,-9.999999999999999e-31,0.0,0.7092,0.2755,0.00271,0.0007399,0.00672,-1.0,0.01527,-5.23,-3.329,-3.444,-3.116
0.0152,0.01508,7.4,9.4063463211,2.6251993367,9.402,4.039,4.3018,3.531,1.0,0.0,0.538,0.0,0.0,0.0,0.0,0.0,-1.0,-9.999999999999999e-31,0.0,0.7092,0.2755,0.00271,0.0007399,0.00672,-1.0,0.01527,-5.327,-3.471,-3.584,-3.262
0.0152,0.01508,7.4,9.5280914307,2.6253442114,9.524,4.074,4.2936,3.469,1.0,0.0,0.538,0.0,0.0,0.0,0.0,0.0,-1.0,-9.999999999999999e-31,0.0,0.7092,0.2755,0.00271,0.0007399,0.00672,-1.0,0.01527,-5.416,-3.608,-3.718,-3.404
0.0152,0.01508,7.4,9.6420345306,2.6254759972,9.639,4.11,4.2859,3.408,1.0,0.0,0.538,0.0,0.0,0.0,0.0,0.0,-1.0,-9.999999999999999e-31,0.0,0.7092,0.2755,0.00271,0.0007399,0.00672,-1.0,0.01527,-5.505,-3.743,-3.851,-3.543
0.0152,0.01508,7.4,9.7038478851,2.6255460029,9.701,4.13,4.2834,3.38,1.0,0.0,0.538,0.0,0.0,0.0,0.0,0.0,-1.0,-9.999999999999999e-31,0.0,0.7092,0.2755,0.00271,0.0007399,0.00672,-1.0,0.01527,-5.556,-3.809,-3.916,-3.611
0.0152,0.01508,7.4,9.7472009659,2.6255944929,9.744,4.149,4.29,3.39,1.0,0.0,0.538,0.0,0.0,0.0,0.0,0.0,-1.0,-9.999999999999999e-31,0.0,0.7092,0.2755,0.00271,0.0007399,0.00672,-1.0,0.01527,-5.603,-3.819,-3.929,-3.618
0.0152,0.01508,7.4,9.7695226669,2.6256192666,9.766,4.165,4.302,3.423,1.0,0.0,0.538,0.0,0.0,0.0,0.0,0.0,-1.0,-9.999999999999999e-31,0.0,0.7092,0.2755,0.00271,0.0007399,0.00672,-1.0,0.01527,-5.642,-3.791,-3.903,-3.582
0.0152,0.01508,7.4,9.776673317,2.6256271753,9.774,4.18,4.3159,3.463,1.0,0.0,0.538,0.0,0.0,0.0,0.0,0.0,-1.0,-9.999999999999999e-31,0.0,0.7092,0.2755,0.00271,0.0007399,0.00672,-1.0,0.01527,-5.681,-3.751,-3.867,-3.535
0.0152,0.01508,7.4,9.7795600891,2.6256303643,9.777,4.196,4.3271,3.492,1.0,0.0,0.538,0.0,0.0,0.0,0.0,0.0,-1.0,-9.999999999999999e-31,0.0,0.7092,0.2755,0.00271,0.0007399,0.00672,-1.0,0.01527,-5.721,-3.729,-3.848,-3.507
0.0152,0.01508,7.4,9.780921936,2.6256318679,9.778,4.212,4.3361,3.512,1.0,0.0,0.538,0.0,0.0,0.0,0.0,0.0,-1.0,-9.999999999999999e-31,0.0,0.7092,0.2755,0.00271,0.0007399,0.00672,-1.0,0.01527,-5.761,-3.719,-3.84,-3.492
0.0152,0.01508,7.4,9.7814598083,2.6256324617,9.779,4.218,4.3396,3.52,1.0,0.0,0.538,0.0,0.0,0.0,0.0,0.0,-1.0,-9.999999999999999e-31,0.0,0.7092,0.2755,0.00271,0.0007399,0.00672,-1.0,0.01527,-5.775,-3.714,-3.837,-3.486
0.0152,0.01508,7.4,9.7820777893,2.6256331438,9.779,4.197,4.3323,3.512,2.0,0.0,0.538,0.0,0.0,0.0,0.0,0.0,-1.0,-9.999999999999999e-31,0.0,0.7092,0.2755,0.00271,0.0007399,0.00672,-1.0,0.01527,-5.723,-3.702,-3.823,-3.477
0.0152,0.01508,7.4,9.7825212479,2.6256336332,9.78,4.181,4.3238,3.495,2.0,0.0,0.538,0.0,0.0,0.0,0.0,0.0,-1.0,-9.999999999999999e-31,0.0,0.7092,0.2755,0.00271,0.0007399,0.00672,-1.0,0.01527,-5.681,-3.707,-3.825,-3.486
0.0152,0.01508,7.4,9.7828779221,2.6256340268,9.78,4.17,4.3142,3.467,2.0,0.0,0.538,0.0,0.0,0.0,0.0,0.0,-1.0,-9.999999999999999e-31,0.0,0.7092,0.2755,0.00271,0.0007399,0.00672,-1.0,0.01527,-5.654,-3.733,-3.849,-3.518
0.0152,0.01508,7.4,9.7832765579,2.6256344666,9.78,4.165,4.3016,3.422,2.0,0.0,0.538,0.0,0.0,0.0,0.0,0.0,-1.0,-9.999999999999999e-31,0.0,0.7092,0.2755,0.00271,0.0007399,0.00672,-1.0,0.01527,-5.642,-3.793,-3.905,-3.585
0.0152,0.01508,7.4,9.7836351395,2.6256348623,9.781,4.167,4.2894,3.371,2.0,0.0,0.538,0.0,0.0,0.0,0.0,0.0,-1.0,-9.999999999999999e-31,0.0,0.7092,0.2755,0.00271,0.0007399,0.00672,-1.0,0.01527,-5.647,-3.867,-3.976,-3.666
0.0152,0.01508,7.4,9.7839727402,2.6256352347,9.781,4.171,4.2772,3.318,2.0,0.0,0.538,0.0,0.0,0.0,0.0,0.0,-1.0,-9.999999999999999e-31,0.0,0.7092,0.2755,0.00271,0.0007399,0.00672,-1.0,0.01527,-5.658,-3.949,-4.054,-3.754
0.0152,0.01508,7.4,9.7842960358,2.6256355914,9.781,4.177,4.2651,3.264,2.0,0.0,0.538,0.0,0.0,0.0,0.0,0.0,-1.0,-9.999999999999999e-31,0.0,0.7092,0.2755,0.00271,0.0007399,0.00672,-1.0,0.01527,-5.673,-4.033,-4.135,-3.846
0.0152,0.01508,7.4,9.7846078873,2.6256359353,9.782,4.183,4.2531,3.21,2.0,0.0,0.538,0.0,0.0,0.0,0.0,0.0,-1.0,-9.999999999999999e-31,0.0,0.7092,0.2755,0.00271,0.0007399,0.00672,-1.0,0.01527,-5.687,-4.116,-4.215,-3.936
0.0152,0.01508,7.4,9.7849082947,2.6256362667,9.782,4.188,4.2411,3.157,2.0,0.0,0.538,0.0,0.0,0.0,0.0,0.0,-1.0,-9.999999999999999e-31,0.0,0.7092,0.2755,0.00271,0.0007399,0.00672,-1.0,0.01527,-5.699,-4.198,-4.294,-4.025
0.0152,0.01508,7.4,9.785200119,2.6256365885,9.782,4.192,4.2291,3.105,2.0,0.0,0.538,0.0,0.0,0.0,0.0,0.0,-1.0,-9.999999999999999e-31,0.0,0.7092,0.2755,0.00271,0.0007399,0.00672,-1.0,0.01527,-5.71,-4.278,-4.37,-4.112
0.0152,0.01508,7.4,9.7854814529,2.6256368988,9.783,4.195,4.2171,3.054,2.0,0.0,0.538,0.0,0.0,0.0,0.0,0.0,-1.0,-9.999999999999999e-31,0.0,0.7092,0.2755,0.00271,0.0007399,0.00672,-1.0,0.01527,-5.718,-4.355,-4.444,-4.197
0.0152,0.01508,7.4,9.7857522964,2.6256371975,9.783,4.198,4.2051,3.003,2.0,0.0,0.538,0.0,0.0,0.0,0.0,0.0,-1.0,-9.999999999999999e-31,0.0,0.7092,0.2755,0.00271,0.0007399,0.00672,-1.0,0.01527,-5.724,-4.431,-4.515,-4.279
0.0152,0.01508,7.4,9.7860136032,2.6256374856,9.783,4.199,4.193,2.953,2.0,0.0,0.538,0.0,0.0,0.0,0.0,0.0,-1.0,-9.999999999999999e-31,0.0,0.7092,0.2755,0.00271,0.0007399,0.00672,-1.0,0.01527,-5.729,-4.504,-4.585,-4.361
0.0152,0.01508,7.4,9.7863264084,2.6256378305,9.783,4.201,4.178,2.892,2.0,0.0,0.538,0.0,0.0,0.0,0.0,0.0,-1.0,-9.999999999999999e-31,0.0,0.7092,0.2755,0.00271,0.0007399,0.00672,-1.0,0.01527,-5.732,-4.593,-4.669,-4.459
0.0152,0.01508,7.4,9.7865657806,2.6256380944,9.784,4.201,4.166,2.843,2.0,0.0,0.538,0.0,0.0,0.0,0.0,0.0,-1.0,-9.999999999999999e-31,0.0,0.7092,0.2755,0.00271,0.0007399,0.00672,-1.0,0.01527,-5.733,-4.663,-4.735,-4.537
0.0152,0.01508,7.4,9.7867946625,2.6256383468,9.784,4.201,4.1539,2.795,2.0,0.0,0.538,0.0,0.0,0.0,0.0,0.0,-1.0,-9.999999999999999e-31,0.0,0.7092,0.2755,0.00271,0.0007399,0.00672,-1.0,0.01527,-5.732,-4.731,-4.799,-4.613
0.0152,0.01508,7.4,9.7870664597,2.6256386464,9.784,4.2,4.1389,2.736,2.0,0.0,0.538,0.0,0.0,0.0,0.0,0.0,-1.0,-9.999999999999999e-31,0.0,0.7092,0.2755,0.00271,0.0007399,0.00672,-1.0,0.01527,-5.73,-4.813,-4.877,-4.705
0.0152,0.01508,7.4,9.7872743607,2.6256388756,9.784,4.199,4.1268,2.689,2.0,0.0,0.538,0.0,0.0,0.0,0.0,0.0,-1.0,-9.999999999999999e-31,0.0,0.7092,0.2755,0.00271,0.0007399,0.00672,-1.0,0.01527,-5.728,-4.878,-4.937,-4.777
0.0152,0.01508,7.4,9.7874717712,2.6256390932,9.785,4.198,4.1147,2.642,2.0,0.0,0.538,0.0,0.0,0.0,0.0,0.0,-1.0,-9.999999999999999e-31,0.0,0.7092,0.2755,0.00271,0.0007399,0.00672,-1.0,0.01527,-5.724,-4.941,-4.997,-4.849
0.0152,0.01508,7.4,9.7877063751,2.6256393518,9.785,4.195,4.0997,2.584,2.0,0.0,0.538,0.0,0.0,0.0,0.0,0.0,-1.0,-9.999999999999999e-31,0.0,0.7092,0.2755,0.00271,0.0007399,0.00672,-1.0,0.01527,-5.719,-5.018,-5.068,-4.935
0.0152,0.01508,7.4,9.7878847122,2.6256395483,9.785,4.193,4.0876,2.538,2.0,0.0,0.538,0.0,0.0,0.0,0.0,0.0,-1.0,-9.999999999999999e-31,0.0,0.7092,0.2755,0.00271,0.0007399,0.00672,-1.0,0.01527,-5.713,-5.077,-5.124,-5.003
0.0152,0.01508,7.4,9.7880554199,2.6256397365,9.785,4.191,4.0755,2.492,2.0,0.0,0.538,0.0,0.0,0.0,0.0,0.0,-1.0,-9.999999999999999e-31,0.0,0.7092,0.2755,0.00271,0.0007399,0.00672,-1.0,0.01527,-5.707,-5.135,-5.177,-5.068
0.0152,0.01508,7.4,9.7882566452,2.6256399582,9.785,4.187,4.0604,2.435,2.0,0.0,0.538,0.0,0.0,0.0,0.0,0.0,-1.0,-9.999999999999999e-31,0.0,0.7092,0.2755,0.00271,0.0007399,0.00672,-1.0,0.01527,-5.699,-5.203,-5.24,-5.148
0.0152,0.01508,7.4,9.7884092331,2.6256401264,9.785,4.184,4.0484,2.39,2.0,0.0,0.538,0.0,0.0,0.0,0.0,0.0,-1.0,-9.999999999999999e-31,0.0,0.7092,0.2755,0.00271,0.0007399,0.00672,-1.0,0.01527,-5.691,-5.256,-5.287,-5.208
0.0152,0.01508,7.4,9.7885551453,2.6256402872,9.786,4.181,4.0362,2.344,2.0,0.0,0.538,0.0,0.0,0.0,0.0,0.0,-1.0,-9.999999999999999e-31,0.0,0.7092,0.2755,0.00271,0.0007399,0.00672,-1.0,0.01527,-5.683,-5.306,-5.333,-5.268
0.0152,0.01508,7.4,9.7887277603,2.6256404774,9.786,4.177,4.0212,2.288,2.0,0.0,0.538,0.0,0.0,0.0,0.0,0.0,-1.0,-9.999999999999999e-31,0.0,0.7092,0.2755,0.00271,0.0007399,0.00672,-1.0,0.01527,-5.672,-5.367,-5.388,-5.339
0.0152,0.01508,7.4,9.7888584137,2.6256406214,9.786,4.173,4.0091,2.244,2.0,0.0,0.538,0.0,0.0,0.0,0.0,0.0,-1.0,-9.999999999999999e-31,0.0,0.7092,0.2755,0.00271,0.0007399,0.00672,-1.0,0.01527,-5.663,-5.413,-5.429,-5.394
0.0152,0.01508,7.4,9.788983345,2.625640759,9.786,4.169,3.997,2.199,2.0,0.0,0.538,0.0,0.0,0.0,0.0,0.0,-1.0,-9.999999999999999e-31,0.0,0.7092,0.2755,0.00271,0.0007399,0.00672,-1.0,0.01527,-5.654,-5.457,-5.469,-5.447
0.0152,0.01508,7.4,9.7891016006,2.6256408893,9.786,4.165,3.9849,2.155,2.0,0.0,0.538,0.0,0.0,0.0,0.0,0.0,-1.0,-9.999999999999999e-31,0.0,0.7092,0.2755,0.00271,0.0007399,0.00672,-1.0,0.01527,-5.644,-5.5,-5.507,-5.499
0.0152,0.01508,7.4,9.7892150879,2.6256410144,9.786,4.161,3.9728,2.11,2.0,0.0,0.538,0.0,0.0,0.0,0.0,0.0,-1.0,-9.999999999999999e-31,0.0,0.7092,0.2755,0.00271,0.0007399,0.00672,-1.0,0.01527,-5.633,-5.541,-5.543,-5.548
0.0152,0.01508,7.4,9.789349556,2.6256411625,9.786,4.156,3.9577,2.055,2.0,0.0,0.538,0.0,0.0,0.0,0.0,0.0,-1.0,-9.999999999999999e-31,0.0,0.7092,0.2755,0.00271,0.0007399,0.00672,-1.0,0.01527,-5.62,-5.588,-5.584,-5.608
0.0152,0.01508,7.4,9.7894506454,2.6256412739,9.786,4.152,3.9457,2.012,2.0,0.0,0.538,0.0,0.0,0.0,0.0,0.0,-1.0,-9.999999999999999e-31,0.0,0.7092,0.2755,0.00271,0.0007399,0.00672,-1.0,0.01527,-5.609,-5.623,-5.613,-5.653
0.0152,0.01508,7.4,9.7895488739,2.6256413821,9.787,4.147,3.9336,1.968,2.0,0.0,0.538,0.0,0.0,0.0,0.0,0.0,-1.0,-9.999999999999999e-31,0.0,0.7092,0.2755,0.00271,0.0007399,0.00672,-1.0,0.01527,-5.598,-5.653,-5.636,-5.696
0.0152,0.01508,7.4,9.789642334,2.6256414851,9.787,4.143,3.9215,1.924,2.0,0.0,0.538,0.0,0.0,0.0,0.0,0.0,-1.0,-9.999999999999999e-31,0.0,0.7092,0.2755,0.00271,0.0007399,0.00672,-1.0,0.01527,-5.586,-5.678,-5.652,-5.737
0.0152,0.01508,7.4,9.7897319794,2.6256415839,9.787,4.138,3.9094,1.88,2.0,0.0,0.538,0.0,0.0,0.0,0.0,0.0,-1.0,-9.999999999999999e-31,0.0,0.7092,0.2755,0.00271,0.0007399,0.00672,-1.0,0.01527,-5.574,-5.695,-5.659,-5.774
0.0152,0.01508,7.4,9.7898168564,2.6256416774,9.787,4.133,3.8973,1.837,2.0,0.0,0.538,0.0,0.0,0.0,0.0,0.0,-1.0,-9.999999999999999e-31,0.0,0.7092,0.2755,0.00271,0.0007399,0.00672,-1.0,0.01527,-5.562,-5.707,-5.658,-5.809
0.0152,0.01508,7.4,9.7898979187,2.6256417667,9.787,4.128,3.8853,1.794,2.0,0.0,0.538,0.0,0.0,0.0,0.0,0.0,-1.0,-9.999999999999999e-31,0.0,0.7092,0.2755,0.00271,0.0007399,0.00672,-1.0,0.01527,-5.55,-5.712,-5.648,-5.84
0.0152,0.01508,7.4,9.7899942398,2.6256418728,9.787,4.121,3.87,1.739,2.0,0.0,0.538,0.0,0.0,0.0,0.0,0.0,-1.0,-9.999999999999999e-31,0.0,0.7092,0.2755,0.00271,0.0007399,0.00672,-1.0,0.01527,-5.533,-5.711,-5.625,-5.876
0.0152,0.01508,7.4,9.7900676727,2.6256419537,9.787,4.116,3.8578,1.696,2.0,0.0,0.538,0.0,0.0,0.0,0.0,0.0,-1.0,-9.999999999999999e-31,0.0,0.7092,0.2755,0.00271,0.0007399,0.00672,-1.0,0.01527,-5.52,-5.705,-5.6,-5.904
0.0152,0.01508,7.4,9.7901363373,2.6256420293,9.787,4.11,3.8459,1.654,2.0,0.0,0.538,0.0,0.0,0.0,0.0,0.0,-1.0,-9.999999999999999e-31,0.0,0.7092,0.2755,0.00271,0.0007399,0.00672,-1.0,0.01527,-5.506,-5.695,-5.567,-5.929
0.0152,0.01508,7.4,9.7902021408,2.6256421018,9.787,4.105,3.8337,1.611,2.0,0.0,0.538,0.0,0.0,0.0,0.0,0.0,-1.0,-9.999999999999999e-31,0.0,0.7092,0.2755,0.00271,0.0007399,0.00672,-1.0,0.01527,-5.492,-5.682,-5.53,-5.954
0.0152,0.01508,7.4,9.7902650833,2.6256421711,9.787,4.099,3.8216,1.568,2.0,0.0,0.538,0.0,0.0,0.0,0.0,0.0,-1.0,-9.999999999999999e-31,0.0,0.7092,0.2755,0.00271,0.0007399,0.00672,-1.0,0.01527,-5.477,-5.667,-5.489,-5.975
0.0152,0.01508,7.4,9.7903251648,2.6256422373,9.787,4.093,3.8095,1.526,2.0,0.0,0.538,0.0,0.0,0.0,0.0,0.0,-1.0,-9.999999999999999e-31,0.0,0.7092,0.2755,0.00271,0.0007399,0.00672,-1.0,0.01527,-5.462,-5.649,-5.444,-5.994
0.0152,0.01508,7.4,9.7903833389,2.6256423014,9.787,4.086,3.7973,1.484,2.0,0.0,0.538,0.0,0.0,0.0,0.0,0.0,-1.0,-9.999999999999999e-31,0.0,0.7092,0.2755,0.00271,0.0007399,0.00672,-1.0,0.01527,-5.445,-5.626,-5.393,-6.009
0.0152,0.01508,7.4,9.7904367447,2.6256423602,9.787,4.08,3.7853,1.442,2.0,0.0,0.538,0.0,0.0,0.0,0.0,0.0,-1.0,-9.999999999999999e-31,0.0,0.7092,0.2755,0.00271,0.0007399,0.00672,-1.0,0.01527,-5.429,-5.602,-5.338,-6.023
0.0152,0.01508,7.4,9.7904882431,2.625642417,9.788,4.073,3.7733,1.401,2.0,0.0,0.538,0.0,0.0,0.0,0.0,0.0,-1.0,-9.999999999999999e-31,0.0,0.7092,0.2755,0.00271,0.0007399,0.00672,-1.0,0.01527,-5.411,-5.574,-5.275,-6.035
0.0152,0.01508,7.4,9.7905378342,2.6256424716,9.788,4.065,3.7612,1.36,2.0,0.0,0.538,0.0,0.0,0.0,0.0,0.0,-1.0,-9.999999999999999e-31,0.0,0.7092,0.2755,0.00271,0.0007399,0.00672,-1.0,0.01527,-5.393,-5.542,-5.208,-6.041
0.0152,0.01508,7.4,9.790596962,2.6256425367,9.788,4.055,3.7459,1.309,2.0,0.0,0.538,0.0,0.0,0.0,0.0,0.0,-1.0,-9.999999999999999e-31,0.0,0.7092,0.2755,0.00271,0.0007399,0.00672,-1.0,0.01527,-5.368,-5.496,-5.121,-6.037
0.0152,0.01508,7.4,9.7906417847,2.6256425861,9.788,4.047,3.734,1.27,2.0,0.0,0.538,0.0,0.0,0.0,0.0,0.0,-1.0,-9.999999999999999e-31,0.0,0.7092,0.2755,0.00271,0.0007399,0.00672,-1.0,0.01527,-5.347,-5.454,-5.046,-6.029
0.0152,0.01508,7.4,9.7906847,2.6256426333,9.788,4.038,3.7219,1.23,2.0,0.0,0.538,0.0,0.0,0.0,0.0,0.0,-1.0,-9.999999999999999e-31,0.0,0.7092,0.2755,0.00271,0.0007399,0.00672,-1.0,0.01527,-5.325,-5.407,-4.966,-6.011
0.0152,0.01508,7.4,9.790725708,2.6256426785,9.788,4.029,3.7101,1.192,2.0,0.0,0.538,0.0,0.0,0.0,0.0,0.0,-1.0,-9.999999999999999e-31,0.0,0.7092,0.2755,0.00271,0.0007399,0.00672,-1.0,0.01527,-5.302,-5.355,-4.882,-5.988
0.0152,0.01508,7.4,9.7907657623,2.6256427226,9.788,4.018,3.6981,1.155,2.0,0.0,0.538,0.0,0.0,0.0,0.0,0.0,-1.0,-9.999999999999999e-31,0.0,0.7092,0.2755,0.00271,0.0007399,0.00672,-1.0,0.01527,-5.275,-5.296,-4.791,-5.956
0.0152,0.01508,7.4,9.7908058167,2.6256427667,9.788,4.007,3.6867,1.121,2.0,0.0,0.538,0.0,0.0,0.0,0.0,0.0,-1.0,-9.999999999999999e-31,0.0,0.7092,0.2755,0.00271,0.0007399,0.00672,-1.0,0.01527,-5.246,-5.232,-4.698,-5.917
0.0152,0.01508,7.4,9.7908496857,2.6256428151,9.788,3.993,3.6754,1.09,2.0,0.0,0.538,0.0,0.0,0.0,0.0,0.0,-1.0,-9.999999999999999e-31,0.0,0.7092,0.2755,0.00271,0.0007399,0.00672,-1.0,0.01527,-5.212,-5.163,-4.606,-5.867
0.0152,0.01508,7.4,9.7908973694,2.6256428676,9.788,3.975,3.6648,1.064,2.0,0.0,0.538,0.0,0.0,0.0,0.0,0.0,-1.0,-9.999999999999999e-31,0.0,0.7092,0.2755,0.00271,0.0007399,0.00672,-1.0,0.01527,-5.169,-5.083,-4.504,-5.804
0.0152,0.01508,7.4,9.7909603119,2.6256429369,9.788,3.954,3.6546,1.045,2.0,0.0,0.538,0.0,0.0,0.0,0.0,0.0,-1.0,-9.999999999999999e-31,0.0,0.7092,0.2755,0.00271,0.0007399,0.00672,-1.0,0.01527,-5.115,-4.987,-4.384,-5.727
0.0152,0.01508,7.4,9.7910642624,2.6256430514,9.788,3.925,3.6448,1.035,2.0,0.0,0.538,0.0,0.0,0.0,0.0,0.0,-1.0,-9.999999999999999e-31,0.0,0.7092,0.2755,0.00271,0.0007399,0.00672,-1.0,0.01527,-5.041,-4.867,-4.233,-5.63
0.0152,0.01508,7.4,9.7911729813,2.6256431711,9.788,3.9,3.6369,1.029,2.0,0.0,0.538,0.0,0.0,0.0,0.0,0.0,-1.0,-9.999999999999999e-31,0.0,0.7092,0.2755,0.00271,0.0007399,0.00672,-1.0,0.01527,-4.979,-4.764,-4.104,-5.545
0.0152,0.01508,7.4,9.7912569046,2.6256432636,9.788,3.884,3.631,1.02,2.0,0.0,0.538,0.0,0.0,0.0,0.0,0.0,-1.0,-9.999999999999999e-31,0.0,0.7092,0.2755,0.00271,0.0007399,0.00672,-1.0,0.01527,-4.941,-4.693,-4.014,-5.49
0.0152,0.01508,7.4,9.7912969589,2.6256433077,9.788,3.892,3.6276,0.999,2.0,0.0,0.538,0.0,0.0,0.0,0.0,0.0,-1.0,-9.999999999999999e-31,0.0,0.7092,0.2755,0.00271,0.00074,0.00672,-1.0,0.01527,-4.96,-4.694,-4.002,-5.499
0.0152,0.01508,7.4,9.7914028168,2.6256434242,9.788,3.93,3.6177,0.922,3.0,0.0,0.535,41.17,28.88,20.13,14.54,12.04,4.0,-9.999999999999999e-31,0.0,0.7092,0.2755,0.002698,0.0007434,0.00672,-1.0,0.01527,-5.055,-4.73,-3.997,-5.562
0.0152,0.01508,7.4,9.7914476395,2.6256434736,9.789,3.961,3.6128,0.871,3.0,0.0,0.526,46.29,31.65,21.97,15.9,13.16,4.0,-9.999999999999999e-31,0.0,0.7092,0.2755,0.002652,0.0007724,0.00672,-1.0,0.01527,-5.133,-4.776,-4.021,-5.623
0.0152,0.01508,7.4,9.7914915085,2.6256435219,9.789,4.002,3.6075,0.808,3.0,0.0,0.502,53.5,35.44,24.48,17.74,14.69,4.0,-9.999999999999999e-31,0.0,0.7091,0.2755,0.002529,0.0008823,0.00672,-1.0,0.01531,-5.236,-4.843,-4.063,-5.707
0.0152,0.01508,7.4,9.7915277481,2.6256435618,9.789,4.042,3.6029,0.75,3.0,0.0,0.47,61.19,39.36,27.06,19.64,16.27,4.0,-9.999999999999999e-31,0.0,0.7091,0.2755,0.002372,0.001058,0.00672,-1.0,0.01536,-5.335,-4.911,-4.107,-5.788
0.0152,0.01508,7.4,9.79155159,2.6256435881,9.789,4.071,3.5998,0.709,3.0,0.0,0.449,67.31,42.41,29.06,21.11,17.49,4.0,-9.999999999999999e-31,0.0,0.7091,0.2755,0.002263,0.00119,0.00672,-1.0,0.01537,-5.407,-4.961,-4.141,-5.849
0.0152,0.01508,7.4,9.7915592194,2.6256435965,9.789,4.08,3.5988,0.696,3.0,0.0,0.444,69.44,43.45,29.74,21.61,17.91,4.0,-9.999999999999999e-31,0.0,0.7091,0.2755,0.002237,0.001222,0.00672,-1.0,0.01537,-5.431,-4.976,-4.15,-5.868
0.0152,0.01508,7.4,9.7915935516,2.6256436343,9.789,4.12,3.5948,0.64,3.0,0.0,0.426,79.06,48.08,32.76,23.85,19.76,4.0,-9.999999999999999e-31,0.0,0.709,0.2756,0.002147,0.001338,0.006715,-1.0,0.01536,-5.531,-5.044,-4.194,-5.95
0.0152,0.01508,7.4,9.7916021347,2.6256436437,9.789,4.13,3.5938,0.626,3.0,0.0,0.422,81.67,49.32,33.57,24.44,20.26,4.0,-9.999999999999999e-31,0.0,0.709,0.2757,0.002128,0.001364,0.006712,-1.0,0.01536,-5.556,-5.061,-4.205,-5.97
0.0152,0.01508,7.4,9.7916259766,2.62564367,9.789,4.155,3.5914,0.592,3.0,0.0,0.416,88.32,52.43,35.59,25.93,21.5,4.0,-9.999999999999999e-31,0.0,0.7087,0.2759,0.002089,0.001433,0.006688,-1.0,0.01536,-5.616,-5.103,-4.232,-6.02
0.0152,0.01508,7.4,9.7916650772,2.625643713,9.789,4.19,3.5879,0.543,3.0,0.0,0.408,98.91,57.28,38.72,28.26,23.43,4.0,-9.999999999999999e-31,0.0,0.7083,0.2763,0.002039,0.001522,0.006656,-1.0,0.01537,-5.704,-5.159,-4.265,-6.09
0.0152,0.01508,7.4,9.7917203903,2.625643774,9.789,4.227,3.5841,0.491,3.0,0.0,0.401,111.61,62.95,42.38,30.97,25.68,4.0,-9.999999999999999e-31,0.0,0.708,0.2766,0.001994,0.001604,0.006626,-1.0,0.01537,-5.797,-5.218,-4.296,-6.164
0.0152,0.01508,7.4,9.7918109894,2.6256438737,9.789,4.265,3.5802,0.436,3.0,0.0,0.396,126.55,69.44,46.54,34.06,28.25,4.0,-9.999999999999999e-31,0.0,0.7073,0.2773,0.001955,0.001696,0.006577,-1.0,0.01537,-5.893,-5.277,-4.325,-6.239
0.0152,0.01508,7.4,9.7920246124,2.6256441089,9.789,4.296,3.577,0.392,3.0,0.0,0.395,140.14,75.21,50.22,36.8,30.53,4.0,-9.999999999999999e-31,0.0,0.7053,0.2793,0.001917,0.001828,0.006478,-1.0,0.01537,-5.971,-5.319,-4.334,-6.297
0.0152,0.01508,7.4,9.7927780151,2.6256449384,9.79,4.343,3.5722,0.326,3.0,0.0,0.394,163.16,84.7,56.26,41.29,34.27,4.0,-9.999999999999999e-31,0.0,0.6995,0.2851,0.001853,0.002087,0.006274,-1.0,0.01537,-6.088,-5.381,-4.348,-6.384
0.0152,0.01508,7.4,9.7938117981,2.6256460764,9.791,4.383,3.5682,0.271,3.0,0.0,0.393,185.47,93.62,61.91,45.5,37.77,4.0,-9.999999999999999e-31,0.0,0.6925,0.2921,0.001797,0.002318,0.006089,-1.0,0.01537,-6.186,-5.431,-4.351,-6.455
0.0152,0.01508,7.4,9.7960147858,2.6256485004,9.793,4.412,3.5653,0.23,3.0,0.0,0.393,204.09,100.88,66.48,48.92,40.62,4.0,-9.999999999999999e-31,0.0,0.6872,0.2975,0.001765,0.002453,0.005982,-1.0,0.01537,-6.261,-5.467,-4.347,-6.507
0.0152,0.01508,7.4,9.797659874,2.6256503098,9.795,4.431,3.5635,0.204,3.0,0.0,0.393,216.45,105.62,69.46,51.15,42.47,3.0,-9.999999999999999e-31,0.0,0.6839,0.3008,0.001746,0.002532,0.005918,-1.0,0.01536,-6.307,-5.489,-4.344,-6.54
0.0152,0.01508,7.4,9.8190860748,2.6256738117,9.816,4.402,3.5671,0.249,4.0,0.0,0.393,0.0,0.0,0.0,0.0,0.0,-1.0,-9.999999999999999e-31,0.0,0.6839,0.3007,0.001746,0.002532,0.005918,-1.0,0.01536,-6.234,-5.464,-4.368,-6.494
0.0152,0.01508,7.4,9.8414382935,2.6256982039,9.839,4.365,3.5714,0.303,4.0,0.0,0.393,0.0,0.0,0.0,0.0,0.0,-1.0,-9.999999999999999e-31,0.0,0.6839,0.3007,0.001746,0.002532,0.005918,-1.0,0.01536,-6.143,-5.428,-4.385,-6.435
