Zini,MH,logAge,Mini,int_IMF,Mass,LogL,LogTe,logg,label,McoreTP,C_O,period0,period1,period2,period3,period4,pmode,Mloss,tau1m,X,Y,Xc,Xn,Xo,Cexcess,Z,mbolmag,Gmag,G_BPmag,G_RPmag
0.0152,0.01508,8.8,0.0900000036,1.0816895926,0.09,-3.321,3.3709,5.149,0.0,0.0,0.545,0.0,0.0,0.0,0.0,0.0,-1.0,-5.37e-17,0.0,0.7091,0.2756,0.002746,0.0007408,0.006719,-1.0,0.01527,13.072,15.123,18.024,13.635
0.0152,0.01508,8.8,0.0900000036,1.0816895926,0.09,-3.321,3.3709,5.149,0.0,0.0,0.545,0.0,0.0,0.0,0.0,0.0,-1.0,-5.37e-17,0.0,0.7091,0.2756,0.002746,0.0007408,0.006719,-1.0,0.01527,13.072,15.123,18.024,13.635
0.0152,0.01508,8.8,0.0935638249,1.1149764658,0.094,-3.276,3.3781,5.15,0.0,0.0,0.545,0.0,0.0,0.0,0.0,0.0,-1.0,-5.85e-17,0.0,0.7091,0.2756,0.002746,0.0007408,0.006719,-1.0,0.01527,12.96,15.011,17.912,13.522
0.0152,0.01508,8.8,0.1000000015,1.1711064122,0.1,-3.186,3.3916,5.143,0.0,0.0,0.545,0.0,0.0,0.0,0.0,0.0,-1.0,-7.02e-17,0.0,0.7091,0.2756,0.002746,0.0007408,0.006719,-1.0,0.01527,12.735,14.786,17.684,13.298
0.0152,0.01508,8.8,0.1135890111,1.2755331298,0.114,-3.026,3.4138,5.126,0.0,0.0,0.545,0.0,0.0,0.0,0.0,0.0,-1.0,-9.7e-17,0.0,0.7091,0.2756,0.002746,0.0007408,0.006719,-1.0,0.01527,12.334,14.384,17.275,12.896
0.0152,0.01508,8.8,0.1200000122,1.3193155232,0.12,-2.955,3.4237,5.119,0.0,0.0,0.545,0.0,0.0,0.0,0.0,0.0,-1.0,-1.12e-16,0.0,0.7091,0.2757,0.002746,0.0007408,0.006719,-1.0,0.01527,12.157,14.117,16.88,12.65
0.0152,0.01508,8.8,0.1209491491,1.3255389259,0.121,-2.947,3.4246,5.118,0.0,0.0,0.545,0.0,0.0,0.0,0.0,0.0,-1.0,-1.14e-16,0.0,0.7091,0.2757,0.002746,0.0007408,0.006719,-1.0,0.01527,12.137,14.082,16.826,12.618
0.0152,0.01508,8.8,0.1400000006,1.4384526719,0.14,-2.783,3.4431,5.092,0.0,0.0,0.545,0.0,0.0,0.0,0.0,0.0,-1.0,-1.59e-16,0.0,0.709,0.2757,0.002746,0.0007408,0.006719,-1.0,0.01527,11.728,13.424,15.834,12.019
0.0152,0.01508,8.8,0.1563580483,1.5205310481,0.156,-2.676,3.4541,5.076,0.0,0.0,0.545,0.0,0.0,0.0,0.0,0.0,-1.0,-1.95e-16,0.0,0.709,0.2757,0.002746,0.0007408,0.006719,-1.0,0.01527,11.459,13.014,15.238,11.646
0.0152,0.01508,8.8,0.1599999964,1.5372931554,0.16,-2.651,3.4565,5.071,0.0,0.0,0.545,0.0,0.0,0.0,0.0,0.0,-1.0,-2.05e-16,0.0,0.709,0.2758,0.002746,0.0007408,0.006719,-1.0,0.01527,11.399,12.924,15.107,11.564
0.0152,0.01508,8.8,0.200000003,1.6938790862,0.2,-2.438,3.4751,5.029,0.0,0.0,0.545,0.0,0.0,0.0,0.0,0.0,-1.0,-3.15e-16,0.0,0.7089,0.2758,0.002746,0.0007408,0.006719,-1.0,0.01527,10.864,12.172,14.063,10.876
0.0152,0.01508,8.8,0.25,1.8403257998,0.25,-2.236,3.4916,4.991,0.0,0.0,0.545,0.0,0.0,0.0,0.0,0.0,-1.0,-4.67e-16,0.0,0.7089,0.2758,0.002746,0.0007408,0.006719,-1.0,0.01527,10.361,11.491,13.15,10.254
0.0152,0.01508,8.8,0.302772969,1.9584340717,0.303,-2.072,3.5031,4.956,0.0,0.0,0.545,0.0,0.0,0.0,0.0,0.0,-1.0,-6.45e-16,0.0,0.7088,0.2759,0.002746,0.0007408,0.006719,-1.0,0.01527,9.951,10.978,12.511,9.778
0.0152,0.01508,8.8,0.3143304288,1.980752917,0.314,-2.035,3.5055,4.945,0.0,0.0,0.545,0.0,0.0,0.0,0.0,0.0,-1.0,-6.99e-16,0.0,0.7089,0.2758,0.002746,0.0007408,0.006719,-1.0,0.01527,9.858,10.865,12.373,9.672
0.0152,0.01508,8.8,0.3500000238,2.0434175133,0.35,-1.933,3.513,4.919,0.0,0.0,0.545,0.0,0.0,0.0,0.0,0.0,-1.0,-8.63e-16,0.0,0.7092,0.2756,0.002746,0.0007408,0.006719,-1.0,0.01527,9.603,10.549,11.983,9.379
0.0152,0.01508,8.8,0.4000000358,2.118502481,0.4,-1.783,3.5241,4.872,0.0,0.0,0.545,0.0,0.0,0.0,0.0,0.0,-1.0,-1.2e-15,0.0,0.7092,0.2755,0.002746,0.0007408,0.006719,-1.0,0.01527,9.228,10.091,11.429,8.955
0.0152,0.01508,8.8,0.4500000477,2.1822809714,0.45,-1.632,3.5359,4.818,0.0,0.0,0.545,0.0,0.0,0.0,0.0,0.0,-1.0,-1.7e-15,0.0,0.7092,0.2755,0.002746,0.0007408,0.006719,-1.0,0.01527,8.85,9.634,10.883,8.531
0.0152,0.01508,8.8,0.5,2.2374541529,0.5,-1.476,3.5504,4.767,0.0,0.0,0.545,0.0,0.0,0.0,0.0,0.0,-1.0,-2.46e-15,0.0,0.7092,0.2755,0.002746,0.0007408,0.006719,-1.0,0.01527,8.461,9.155,10.308,8.092
0.0152,0.01508,8.8,0.5500000119,2.2836582633,0.55,-1.316,3.5696,4.724,0.0,0.0,0.545,0.0,0.0,0.0,0.0,0.0,-1.0,-3.56e-15,0.0,0.7106,0.2742,0.002733,0.0007374,0.006687,-1.0,0.0152,8.06,8.634,9.667,7.628
0.0152,0.01508,8.8,0.6000000238,2.3211213258,0.6,-1.155,3.5926,4.693,0.0,0.0,0.545,0.0,0.0,0.0,0.0,0.0,-1.0,-5.12e-15,0.0,0.7108,0.274,0.002731,0.0007368,0.006683,-1.0,0.01517,7.657,8.103,9.014,7.162
0.0152,0.01508,8.8,0.6499999762,2.3520353107,0.65,-0.996,3.6183,4.672,0.0,0.0,0.545,0.0,0.0,0.0,0.0,0.0,-1.0,-7.26e-15,0.0,0.711,0.2737,0.002729,0.0007363,0.006678,-1.0,0.01522,7.26,7.581,8.378,6.708
0.0152,0.01508,8.8,0.7000000477,2.3779267258,0.7,-0.843,3.6452,4.659,0.0,0.0,0.545,0.0,0.0,0.0,0.0,0.0,-1.0,-1.01e-14,0.0,0.7112,0.2735,0.002727,0.0007358,0.006674,-1.0,0.01523,6.877,7.068,7.745,6.273
0.0152,0.01508,8.8,0.7006299496,2.3782259025,0.701,-0.841,3.6455,4.658,0.0,0.0,0.545,0.0,0.0,0.0,0.0,0.0,-1.0,-1.02e-14,0.0,0.7113,0.2735,0.002726,0.0007358,0.006673,-1.0,0.01523,6.872,7.062,7.737,6.268
0.0152,0.01508,8.8,0.73541224,2.3938356085,0.735,-0.738,3.6658,4.658,0.0,0.0,0.54,0.0,0.0,0.0,0.0,0.0,-1.0,-1.26e-14,0.0,0.7115,0.2733,0.002699,0.0007346,0.00667,-1.0,0.01517,6.615,6.712,7.306,5.977
0.0152,0.01508,8.8,0.75,2.3998889087,0.75,-0.697,3.674,4.658,1.0,0.0,0.538,0.0,0.0,0.0,0.0,0.0,-1.0,-1.37e-14,0.0,0.7115,0.2734,0.00269,0.0007345,0.006671,-1.0,0.01518,6.511,6.576,7.141,5.863
0.0152,0.01508,8.8,0.8000000119,2.4187244405,0.8,-0.566,3.6941,4.636,1.0,0.0,0.537,0.0,0.0,0.0,0.0,0.0,-1.0,-1.83e-14,0.0,0.7118,0.273,0.002687,0.0007338,0.006665,-1.0,0.01517,6.185,6.183,6.684,5.522
0.0152,0.01508,8.8,0.8500000238,2.435034684,0.85,-0.442,3.7129,4.613,1.0,0.0,0.537,0.0,0.0,0.0,0.0,0.0,-1.0,-2.43e-14,0.0,0.7122,0.2727,0.002684,0.0007329,0.006658,-1.0,0.01509,5.874,5.823,6.273,5.208
0.0152,0.01508,8.8,0.8997337818,2.4492075754,0.899,-0.324,3.7301,4.589,1.0,0.0,0.537,0.0,0.0,0.0,0.0,0.0,-1.0,-3.18e-14,0.0,0.7126,0.2723,0.00268,0.0007319,0.006649,-1.0,0.01514,5.581,5.496,5.905,4.918
0.0152,0.01508,8.8,0.9000000358,2.4492786175,0.899,-0.324,3.7302,4.589,1.0,0.0,0.537,0.0,0.0,0.0,0.0,0.0,-1.0,-3.19e-14,0.0,0.7126,0.2723,0.00268,0.0007319,0.006649,-1.0,0.01514,5.579,5.494,5.903,4.917
0.0152,0.01508,8.8,0.9500000477,2.4618122009,0.95,-0.211,3.7458,4.562,1.0,0.0,0.537,0.0,0.0,0.0,0.0,0.0,-1.0,-4.15e-14,0.0,0.7132,0.2717,0.002675,0.0007306,0.006637,-1.0,0.01512,5.297,5.19,5.561,4.649
0.0152,0.01508,8.8,1.0,2.4729154477,1.0,-0.102,3.7599,4.532,1.0,0.0,0.537,0.0,0.0,0.0,0.0,0.0,-1.0,-5.38e-14,0.0,0.714,0.2709,0.002669,0.0007289,0.006621,-1.0,0.01507,5.025,4.905,5.244,4.397
0.0152,0.01508,8.8,1.0499999523,2.482811486,1.05,0.003,3.7726,4.499,1.0,0.0,0.537,0.0,0.0,0.0,0.0,0.0,-1.0,-6.44e-14,0.0,0.7152,0.2698,0.002659,0.0007262,0.006598,-1.0,0.01497,4.764,4.638,4.949,4.16
0.0152,0.01508,8.8,1.0694333315,2.4863717959,1.069,0.042,3.7771,4.485,1.0,0.0,0.537,0.0,0.0,0.0,0.0,0.0,-1.0,-6.88e-14,0.0,0.7159,0.2692,0.002653,0.0007247,0.006584,-1.0,0.01494,4.665,4.537,4.838,4.071
0.0152,0.01508,8.8,1.1000000238,2.491680148,1.099,0.103,3.784,4.464,1.0,0.0,0.537,0.0,0.0,0.0,0.0,0.0,-1.0,-7.62e-14,0.0,0.7171,0.268,0.002644,0.0007221,0.00656,-1.0,0.01491,4.512,4.384,4.669,3.934
0.0152,0.01508,8.8,1.1499999762,2.4996678137,1.149,0.2,3.7945,4.429,1.0,0.0,0.537,0.0,0.0,0.0,0.0,0.0,-1.0,-8.89e-14,0.0,0.7196,0.2656,0.002623,0.0007166,0.006512,-1.0,0.01481,4.271,4.142,4.406,3.718
0.0152,0.01508,8.8,1.1955807209,2.5062840616,1.195,0.285,3.8035,4.397,1.0,0.0,0.537,0.0,0.0,0.0,0.0,0.0,-1.0,-1.01e-13,0.0,0.7198,0.2654,0.002626,0.0007176,0.006522,-1.0,0.01484,4.058,3.931,4.176,3.529
0.0152,0.01508,8.8,1.2000000477,2.5068948796,1.199,0.293,3.8044,4.394,1.0,0.0,0.537,0.0,0.0,0.0,0.0,0.0,-1.0,-1.02e-13,0.0,0.7198,0.2654,0.002627,0.0007178,0.006523,-1.0,0.01484,4.038,3.911,4.155,3.511
0.0152,0.01508,8.8,1.25,2.5134610955,1.25,0.381,3.8137,4.36,1.0,0.0,0.537,0.0,0.0,0.0,0.0,0.0,-1.0,-1.15e-13,0.0,0.72,0.2652,0.002627,0.0007179,0.006524,-1.0,0.01484,3.816,3.692,3.918,3.315
0.0152,0.01508,8.8,1.2999999523,2.5194498592,1.3,0.465,3.8227,4.329,1.0,0.0,0.537,0.0,0.0,0.0,0.0,0.0,-1.0,-1.26e-13,0.0,0.7202,0.265,0.002626,0.0007174,0.00652,-1.0,0.01484,3.606,3.483,3.693,3.127
0.0152,0.01508,8.8,1.3500001431,2.5249313723,1.35,0.545,3.8318,4.302,1.0,0.0,0.537,0.0,0.0,0.0,0.0,0.0,-1.0,-1.34e-13,0.0,0.7199,0.2652,0.002628,0.0007179,0.006525,-1.0,0.01482,3.407,3.285,3.48,2.95
0.0152,0.01508,8.8,1.3794715405,2.5279491187,1.38,0.59,3.8374,4.289,1.0,0.0,0.537,0.0,0.0,0.0,0.0,0.0,-1.0,-1.36e-13,0.0,0.7199,0.2652,0.002627,0.0007179,0.006524,-1.0,0.01482,3.294,3.174,3.359,2.852
0.0152,0.01508,8.8,1.4000000954,2.5299650415,1.4,0.621,3.8412,4.28,1.0,0.0,0.537,0.0,0.0,0.0,0.0,0.0,-1.0,-1.38e-13,0.0,0.7199,0.2652,0.002627,0.0007179,0.006524,-1.0,0.01482,3.217,3.098,3.277,2.785
0.0152,0.01508,8.8,1.4500000477,2.5346015836,1.45,0.694,3.8515,4.264,1.0,0.0,0.537,0.0,0.0,0.0,0.0,0.0,-1.0,-1.36e-13,0.0,0.7202,0.265,0.002625,0.0007173,0.006519,-1.0,0.01479,3.036,2.92,3.083,2.632
0.0152,0.01508,8.8,1.4965645075,2.5386006977,1.497,0.759,3.8623,4.255,1.0,0.0,0.537,0.0,0.0,0.0,0.0,0.0,-1.0,-1.27e-13,0.0,0.7204,0.2648,0.002623,0.0007168,0.006514,-1.0,0.0148,2.873,2.761,2.907,2.5
0.0152,0.01508,8.8,1.5,2.5388844597,1.5,0.764,3.8631,4.255,1.0,0.0,0.537,0.0,0.0,0.0,0.0,0.0,-1.0,-1.27e-13,0.0,0.7204,0.2648,0.002623,0.0007167,0.006514,-1.0,0.0148,2.861,2.75,2.894,2.49
0.0152,0.01508,8.8,1.5499999523,2.5428511323,1.55,0.831,3.8751,4.249,1.0,0.0,0.537,0.0,0.0,0.0,0.0,0.0,-1.0,-1.1e-13,0.0,0.7207,0.2645,0.002621,0.0007162,0.006509,-1.0,0.01482,2.692,2.588,2.714,2.358
0.0152,0.01508,8.8,1.5959219933,2.5462436078,1.596,0.891,3.8853,4.243,1.0,0.0,0.537,0.0,0.0,0.0,0.0,0.0,-1.0,-8.63e-14,0.0,0.7209,0.2643,0.002619,0.0007158,0.006505,-1.0,0.01478,2.543,2.446,2.557,2.241
0.0152,0.01508,8.8,1.6000000238,2.5465340628,1.6,0.896,3.8861,4.242,1.0,0.0,0.537,0.0,0.0,0.0,0.0,0.0,-1.0,-8.45e-14,0.0,0.7209,0.2643,0.002619,0.0007158,0.006505,-1.0,0.01478,2.53,2.433,2.543,2.231
0.0152,0.01508,8.8,1.6500000954,2.5499614852,1.649,0.958,3.8956,4.232,1.0,0.0,0.537,0.0,0.0,0.0,0.0,0.0,-1.0,-4.85e-14,0.0,0.721,0.2642,0.002618,0.0007155,0.006503,-1.0,0.01478,2.375,2.287,2.382,2.109
0.0152,0.01508,8.8,1.7000000477,2.5531580802,1.699,1.018,3.904,4.218,1.0,0.0,0.537,0.0,0.0,0.0,0.0,0.0,-1.0,-9.999999999999999e-31,0.0,0.7211,0.2641,0.002618,0.0007153,0.006501,-1.0,0.0148,2.225,2.145,2.229,1.99
0.0152,0.01508,8.8,1.75,2.5561455243,1.749,1.076,3.9115,4.203,1.0,0.0,0.537,0.0,0.0,0.0,0.0,0.0,-1.0,-9.999999999999999e-31,0.0,0.7212,0.264,0.002617,0.0007151,0.0065,-1.0,0.01473,2.079,2.009,2.081,1.873
0.0152,0.01508,8.8,1.7597416639,2.5567048996,1.759,1.088,3.9129,4.199,1.0,0.0,0.537,0.0,0.0,0.0,0.0,0.0,-1.0,-9.999999999999999e-31,0.0,0.7213,0.264,0.002617,0.0007151,0.006499,-1.0,0.01474,2.051,1.983,2.053,1.851
0.0152,0.01508,8.8,1.7999999523,2.5589429085,1.799,1.134,3.9184,4.185,1.0,0.0,0.537,0.0,0.0,0.0,0.0,0.0,-1.0,-9.999999999999999e-31,0.0,0.7213,0.2639,0.002617,0.000715,0.006499,-1.0,0.01475,1.936,1.876,1.938,1.758
0.0152,0.01508,8.8,1.8160361052,2.5598026629,1.815,1.152,3.9205,4.179,1.0,0.0,0.537,0.0,0.0,0.0,0.0,0.0,-1.0,-9.999999999999999e-31,0.0,0.7213,0.2639,0.002616,0.000715,0.006498,-1.0,0.01475,1.89,1.833,1.893,1.722
0.0152,0.01508,8.8,1.8500000238,2.5615671203,1.849,1.19,3.9248,4.166,1.0,0.0,0.537,0.0,0.0,0.0,0.0,0.0,-1.0,-9.999999999999999e-31,0.0,0.7213,0.2639,0.002617,0.000715,0.006498,-1.0,0.01475,1.795,1.745,1.799,1.644
0.0152,0.01508,8.8,1.8565001488,2.5618963544,1.855,1.197,3.9256,4.163,1.0,0.0,0.537,0.0,0.0,0.0,0.0,0.0,-1.0,-9.999999999999999e-31,0.0,0.7213,0.2639,0.002617,0.000715,0.006498,-1.0,0.01475,1.776,1.729,1.781,1.63
0.0152,0.01508,8.8,1.9000000954,2.5640331317,1.899,1.246,3.9304,4.144,1.0,0.0,0.537,0.0,0.0,0.0,0.0,0.0,-1.0,-9.999999999999999e-31,0.0,0.7213,0.264,0.002617,0.0007152,0.006499,-1.0,0.01477,1.654,1.615,1.661,1.529
0.0152,0.01508,8.8,1.9456357956,2.5661571294,1.945,1.297,3.9349,4.122,1.0,0.0,0.537,0.0,0.0,0.0,0.0,0.0,-1.0,-9.999999999999999e-31,0.0,0.7213,0.264,0.002617,0.0007152,0.0065,-1.0,0.01476,1.527,1.499,1.539,1.422
0.0152,0.01508,8.8,1.9500001669,2.5663542767,1.95,1.302,3.9353,4.119,1.0,0.0,0.537,0.0,0.0,0.0,0.0,0.0,-1.0,-9.999999999999999e-31,0.0,0.7213,0.264,0.002617,0.0007152,0.0065,-1.0,0.01476,1.515,1.487,1.527,1.412
0.0152,0.01508,8.8,1.9962191582,2.5683813888,1.996,1.353,3.9391,4.094,1.0,0.0,0.537,0.0,0.0,0.0,0.0,0.0,-1.0,-9.999999999999999e-31,0.0,0.7212,0.2641,0.002617,0.0007153,0.0065,-1.0,0.01477,1.387,1.368,1.403,1.302
0.0152,0.01508,8.8,2.0,2.5685424513,2.0,1.357,3.9394,4.091,1.0,0.0,0.537,0.0,0.0,0.0,0.0,0.0,-1.0,-9.999999999999999e-31,0.0,0.7212,0.2641,0.002617,0.0007154,0.0065,-1.0,0.01477,1.377,1.358,1.393,1.292
0.0152,0.01508,8.8,2.0457115173,2.5704356936,2.045,1.407,3.9425,4.063,1.0,0.0,0.537,0.0,0.0,0.0,0.0,0.0,-1.0,-9.999999999999999e-31,0.0,0.7211,0.2641,0.002618,0.0007155,0.006502,-1.0,0.01481,1.252,1.241,1.272,1.182
0.0152,0.01508,8.8,2.0499999523,2.5706083333,2.05,1.412,3.9428,4.061,1.0,0.0,0.537,0.0,0.0,0.0,0.0,0.0,-1.0,-9.999999999999999e-31,0.0,0.7211,0.2641,0.002618,0.0007155,0.006502,-1.0,0.01482,1.24,1.23,1.261,1.172
0.0152,0.01508,8.8,2.0603978634,2.5710234933,2.06,1.423,3.9434,4.054,1.0,0.0,0.537,0.0,0.0,0.0,0.0,0.0,-1.0,-9.999999999999999e-31,0.0,0.7211,0.2641,0.002618,0.0007155,0.006502,-1.0,0.01482,1.212,1.203,1.233,1.146
0.0152,0.01508,8.8,2.0999999046,2.5725614918,2.099,1.466,3.9452,4.026,1.0,0.0,0.537,0.0,0.0,0.0,0.0,0.0,-1.0,-9.999999999999999e-31,0.0,0.721,0.2642,0.002619,0.0007156,0.006504,-1.0,0.01477,1.104,1.1,1.128,1.048
0.0152,0.01508,8.8,2.1289861202,2.5736456002,2.128,1.498,3.946,4.004,1.0,0.0,0.537,0.0,0.0,0.0,0.0,0.0,-1.0,-9.999999999999999e-31,0.0,0.721,0.2643,0.002619,0.0007158,0.006506,-1.0,0.01477,1.025,1.023,1.05,0.973
0.0152,0.01508,8.8,2.1500000954,2.5744105556,2.149,1.521,3.9461,3.986,1.0,0.0,0.537,0.0,0.0,0.0,0.0,0.0,-1.0,-9.999999999999999e-31,0.0,0.7209,0.2643,0.00262,0.000716,0.006507,-1.0,0.01478,0.968,0.966,0.992,0.916
0.0152,0.01508,8.8,2.1737580299,2.5752549451,2.172,1.547,3.9461,3.964,1.0,0.0,0.537,0.0,0.0,0.0,0.0,0.0,-1.0,-9.999999999999999e-31,0.0,0.7208,0.2644,0.00262,0.0007161,0.006508,-1.0,0.01478,0.903,0.901,0.927,0.851
0.0152,0.01508,8.8,2.2000000477,2.5761632879,2.199,1.575,3.9456,3.939,1.0,0.0,0.537,0.0,0.0,0.0,0.0,0.0,-1.0,-9.999999999999999e-31,0.0,0.7208,0.2645,0.002621,0.0007162,0.006509,-1.0,0.0148,0.832,0.828,0.854,0.778
0.0152,0.01508,8.8,2.2267951965,2.5770654183,2.225,1.604,3.9446,3.912,1.0,0.0,0.537,0.0,0.0,0.0,0.0,0.0,-1.0,-9.999999999999999e-31,0.0,0.7207,0.2645,0.002621,0.0007164,0.00651,-1.0,0.01482,0.76,0.752,0.779,0.701
0.0152,0.01508,8.8,2.25,2.5778267375,2.249,1.629,3.943,3.885,1.0,0.0,0.537,0.0,0.0,0.0,0.0,0.0,-1.0,-9.999999999999999e-31,0.0,0.7206,0.2646,0.002622,0.0007165,0.006512,-1.0,0.01483,0.697,0.684,0.712,0.631
0.0152,0.01508,8.8,2.259758234,2.5781415269,2.258,1.64,3.9424,3.874,1.0,0.0,0.537,0.0,0.0,0.0,0.0,0.0,-1.0,-9.999999999999999e-31,0.0,0.7206,0.2646,0.002622,0.0007166,0.006513,-1.0,0.01483,0.671,0.656,0.684,0.602
0.0152,0.01508,8.8,2.2956547737,2.5792730713,2.294,1.678,3.9385,3.826,1.0,0.0,0.537,0.0,0.0,0.0,0.0,0.0,-1.0,-9.999999999999999e-31,0.0,0.7204,0.2648,0.002623,0.0007169,0.006515,-1.0,0.01483,0.574,0.547,0.578,0.487
0.0152,0.01508,8.8,2.2999999523,2.5794072884,2.299,1.683,3.9379,3.82,1.0,0.0,0.537,0.0,0.0,0.0,0.0,0.0,-1.0,-9.999999999999999e-31,0.0,0.7204,0.2648,0.002624,0.0007169,0.006515,-1.0,0.01483,0.562,0.534,0.565,0.473
0.0152,0.01508,8.8,2.3330149651,2.5804083287,2.332,1.718,3.9326,3.77,1.0,0.0,0.537,0.0,0.0,0.0,0.0,0.0,-1.0,-9.999999999999999e-31,0.0,0.7203,0.2649,0.002625,0.0007171,0.006517,-1.0,0.01482,0.476,0.433,0.469,0.363
0.0152,0.01508,8.8,2.3639850616,2.5813181957,2.363,1.75,3.9258,3.717,1.0,0.0,0.537,0.0,0.0,0.0,0.0,0.0,-1.0,-9.999999999999999e-31,0.0,0.7202,0.265,0.002625,0.0007174,0.00652,-1.0,0.0148,0.396,0.336,0.379,0.253
0.0152,0.01508,8.8,2.3888809681,2.5820299726,2.388,1.775,3.9184,3.666,1.0,0.0,0.537,0.0,0.0,0.0,0.0,0.0,-1.0,-9.999999999999999e-31,0.0,0.72,0.2651,0.002626,0.0007177,0.006522,-1.0,0.01485,0.332,0.256,0.307,0.158
0.0152,0.01508,8.8,2.4000000954,2.5823423892,2.399,1.787,3.9146,3.642,1.0,0.0,0.537,0.0,0.0,0.0,0.0,0.0,-1.0,-9.999999999999999e-31,0.0,0.72,0.2652,0.002627,0.0007178,0.006523,-1.0,0.01483,0.304,0.221,0.276,0.114
0.0152,0.01508,8.8,2.4063990116,2.5825206766,2.405,1.793,3.9125,3.628,1.0,0.0,0.537,0.0,0.0,0.0,0.0,0.0,-1.0,-9.999999999999999e-31,0.0,0.7197,0.2655,0.002629,0.0007185,0.006529,-1.0,0.01484,0.288,0.201,0.259,0.089
0.0152,0.01508,8.8,2.4298045635,2.5831636159,2.429,1.816,3.9039,3.575,1.0,0.0,0.537,0.0,0.0,0.0,0.0,0.0,-1.0,-9.999999999999999e-31,0.0,0.7185,0.2667,0.002639,0.0007209,0.006551,-1.0,0.01487,0.229,0.128,0.197,-0.003
0.0152,0.01508,8.8,2.4475533962,2.5836417516,2.447,1.834,3.8962,3.529,1.0,0.0,0.537,0.0,0.0,0.0,0.0,0.0,-1.0,-9.999999999999999e-31,0.0,0.7175,0.2676,0.002646,0.0007228,0.006568,-1.0,0.01492,0.184,0.071,0.151,-0.078
0.0152,0.01508,8.8,2.4644570351,2.584089763,2.464,1.853,3.889,3.484,1.0,0.0,0.537,0.0,0.0,0.0,0.0,0.0,-1.0,-9.999999999999999e-31,0.0,0.7166,0.2684,0.002653,0.0007247,0.006584,-1.0,0.01496,0.136,0.014,0.104,-0.154
0.0152,0.01508,8.8,2.4774904251,2.5844304019,2.477,1.872,3.8858,3.455,1.0,0.0,0.537,0.0,0.0,0.0,0.0,0.0,-1.0,-9.999999999999999e-31,0.0,0.716,0.2691,0.002658,0.0007261,0.006597,-1.0,0.01497,0.091,-0.035,0.059,-0.211
0.0152,0.01508,8.8,2.485175848,2.5846293424,2.485,1.895,3.8925,3.461,1.0,0.0,0.537,0.0,0.0,0.0,0.0,0.0,-1.0,-9.999999999999999e-31,0.0,0.7155,0.2695,0.002661,0.0007269,0.006605,-1.0,0.01501,0.034,-0.086,-0.002,-0.243
0.0152,0.01508,8.8,2.4888870716,2.5847249033,2.488,1.914,3.9017,3.479,1.0,0.0,0.537,0.0,0.0,0.0,0.0,0.0,-1.0,-9.999999999999999e-31,0.0,0.7153,0.2697,0.002662,0.0007274,0.006608,-1.0,0.01501,-0.015,-0.123,-0.053,-0.256
0.0152,0.01508,8.8,2.4903445244,2.5847623419,2.49,1.931,3.911,3.499,1.0,0.0,0.537,0.0,0.0,0.0,0.0,0.0,-1.0,-9.999999999999999e-31,0.0,0.7153,0.2697,0.002663,0.0007275,0.00661,-1.0,0.01501,-0.056,-0.15,-0.093,-0.26
0.0152,0.01508,8.8,2.4911899567,2.5847840361,2.491,1.949,3.921,3.522,1.0,0.0,0.537,0.0,0.0,0.0,0.0,0.0,-1.0,-9.999999999999999e-31,0.0,0.7152,0.2698,0.002663,0.0007276,0.006611,-1.0,0.01501,-0.102,-0.177,-0.132,-0.264
0.0152,0.01508,8.8,2.4916510582,2.584795861,2.491,1.966,3.9302,3.541,1.0,0.0,0.537,0.0,0.0,0.0,0.0,0.0,-1.0,-9.999999999999999e-31,0.0,0.7152,0.2698,0.002664,0.0007277,0.006611,-1.0,0.01501,-0.146,-0.201,-0.166,-0.269
0.0152,0.01508,8.8,2.491944313,2.5848033789,2.491,1.987,3.9395,3.558,1.0,0.0,0.537,0.0,0.0,0.0,0.0,0.0,-1.0,-9.999999999999999e-31,0.0,0.7152,0.2698,0.002664,0.0007277,0.006612,-1.0,0.01501,-0.197,-0.226,-0.201,-0.277
0.0152,0.01508,8.8,2.4921548367,2.5848087746,2.492,2.008,3.9485,3.572,1.0,0.0,0.537,0.0,0.0,0.0,0.0,0.0,-1.0,-9.999999999999999e-31,0.0,0.7152,0.2698,0.002664,0.0007277,0.006612,-1.0,0.01501,-0.251,-0.252,-0.234,-0.288
0.0152,0.01508,8.8,2.4923131466,2.5848128314,2.492,2.022,3.9549,3.584,1.0,0.0,0.537,0.0,0.0,0.0,0.0,0.0,-1.0,-9.999999999999999e-31,0.0,0.7151,0.2698,0.002664,0.0007278,0.006612,-1.0,0.01501,-0.285,-0.264,-0.251,-0.291
0.0152,0.01508,8.8,2.4923667908,2.5848142059,2.492,2.006,3.9517,3.587,2.0,0.0,0.537,0.0,0.0,0.0,0.0,0.0,-1.0,-9.999999999999999e-31,0.0,0.7151,0.2698,0.002664,0.0007278,0.006612,-1.0,0.01501,-0.245,-0.235,-0.219,-0.266
0.0152,0.01508,8.8,2.4924349785,2.584815953,2.492,1.98,3.9449,3.586,2.0,0.0,0.537,0.0,0.0,0.0,0.0,0.0,-1.0,-9.999999999999999e-31,0.0,0.7151,0.2698,0.002664,0.0007278,0.006612,-1.0,0.01501,-0.181,-0.193,-0.172,-0.235
0.0152,0.01508,8.8,2.4925017357,2.5848176633,2.492,1.959,3.9359,3.572,2.0,0.0,0.537,0.0,0.0,0.0,0.0,0.0,-1.0,-9.999999999999999e-31,0.0,0.7151,0.2699,0.002664,0.0007278,0.006612,-1.0,0.01502,-0.127,-0.166,-0.136,-0.224
0.0152,0.01508,8.8,2.4925870895,2.58481985,2.492,1.949,3.9244,3.535,2.0,0.0,0.537,0.0,0.0,0.0,0.0,0.0,-1.0,-9.999999999999999e-31,0.0,0.7151,0.2699,0.002664,0.0007278,0.006612,-1.0,0.01502,-0.102,-0.169,-0.128,-0.25
0.0152,0.01508,8.8,2.4926841259,2.5848223357,2.492,1.953,3.9128,3.485,2.0,0.0,0.537,0.0,0.0,0.0,0.0,0.0,-1.0,-9.999999999999999e-31,0.0,0.7151,0.2699,0.002664,0.0007278,0.006612,-1.0,0.01502,-0.112,-0.203,-0.148,-0.308
0.0152,0.01508,8.8,2.4927978516,2.5848252486,2.492,1.962,3.901,3.429,2.0,0.0,0.537,0.0,0.0,0.0,0.0,0.0,-1.0,-9.999999999999999e-31,0.0,0.7151,0.2699,0.002664,0.0007278,0.006612,-1.0,0.01502,-0.135,-0.246,-0.176,-0.378
0.0152,0.01508,8.8,2.4929254055,2.5848285154,2.492,1.969,3.8892,3.374,2.0,0.0,0.537,0.0,0.0,0.0,0.0,0.0,-1.0,-9.999999999999999e-31,0.0,0.7151,0.2699,0.002664,0.0007278,0.006613,-1.0,0.01502,-0.153,-0.279,-0.192,-0.441
0.0152,0.01508,8.8,2.493064642,2.5848320809,2.493,1.973,3.8774,3.323,2.0,0.0,0.537,0.0,0.0,0.0,0.0,0.0,-1.0,-9.999999999999999e-31,0.0,0.7151,0.2699,0.002664,0.0007279,0.006613,-1.0,0.01502,-0.162,-0.298,-0.193,-0.492
0.0152,0.01508,8.8,2.4932134151,2.5848358901,2.493,1.973,3.8655,3.276,2.0,0.0,0.537,0.0,0.0,0.0,0.0,0.0,-1.0,-9.999999999999999e-31,0.0,0.7151,0.2699,0.002664,0.0007279,0.006613,-1.0,0.01502,-0.163,-0.307,-0.183,-0.533
0.0152,0.01508,8.8,2.4933698177,2.5848398941,2.493,1.972,3.8536,3.23,2.0,0.0,0.537,0.0,0.0,0.0,0.0,0.0,-1.0,-9.999999999999999e-31,0.0,0.7151,0.2699,0.002664,0.0007279,0.006613,-1.0,0.01502,-0.159,-0.308,-0.164,-0.565
0.0152,0.01508,8.8,2.4935312271,2.5848440257,2.493,1.968,3.8418,3.186,2.0,0.0,0.537,0.0,0.0,0.0,0.0,0.0,-1.0,-9.999999999999999e-31,0.0,0.7151,0.2699,0.002665,0.0007279,0.006613,-1.0,0.01502,-0.15,-0.302,-0.139,-0.59
0.0152,0.01508,8.8,2.4936952591,2.5848482238,2.493,1.963,3.8299,3.143,2.0,0.0,0.537,0.0,0.0,0.0,0.0,0.0,-1.0,-9.999999999999999e-31,0.0,0.7151,0.2699,0.002665,0.0007279,0.006613,-1.0,0.01502,-0.138,-0.291,-0.107,-0.609
0.0152,0.01508,8.8,2.4938588142,2.5848524091,2.493,1.957,3.8184,3.103,2.0,0.0,0.537,0.0,0.0,0.0,0.0,0.0,-1.0,-9.999999999999999e-31,0.0,0.7151,0.2699,0.002665,0.0007279,0.006613,-1.0,0.01502,-0.122,-0.274,-0.069,-0.621
0.0152,0.01508,8.8,2.4940202236,2.5848565388,2.493,1.949,3.8073,3.067,2.0,0.0,0.537,0.0,0.0,0.0,0.0,0.0,-1.0,-9.999999999999999e-31,0.0,0.715,0.2699,0.002665,0.000728,0.006614,-1.0,0.01502,-0.103,-0.254,-0.028,-0.63
0.0152,0.01508,8.8,2.4941809177,2.5848606496,2.494,1.941,3.7969,3.034,2.0,0.0,0.537,0.0,0.0,0.0,0.0,0.0,-1.0,-9.999999999999999e-31,0.0,0.715,0.2699,0.002665,0.000728,0.006614,-1.0,0.01502,-0.082,-0.23,0.018,-0.632
0.0152,0.01508,8.8,2.4943497181,2.5848649671,2.494,1.93,3.7869,3.004,2.0,0.0,0.537,0.0,0.0,0.0,0.0,0.0,-1.0,-9.999999999999999e-31,0.0,0.715,0.27,0.002665,0.000728,0.006614,-1.0,0.01502,-0.055,-0.199,0.07,-0.627
0.0152,0.01508,8.8,2.4945352077,2.5848697107,2.494,1.916,3.777,2.979,2.0,0.0,0.537,0.0,0.0,0.0,0.0,0.0,-1.0,-9.999999999999999e-31,0.0,0.715,0.27,0.002665,0.000728,0.006614,-1.0,0.01502,-0.02,-0.157,0.133,-0.611
0.0152,0.01508,8.8,2.4947662354,2.5848756178,2.494,1.895,3.7663,2.957,2.0,0.0,0.537,0.0,0.0,0.0,0.0,0.0,-1.0,-9.999999999999999e-31,0.0,0.715,0.27,0.002665,0.000728,0.006614,-1.0,0.01502,0.032,-0.096,0.218,-0.578
0.0152,0.01508,8.8,2.4949688911,2.5848807984,2.494,1.873,3.7581,2.946,2.0,0.0,0.537,0.0,0.0,0.0,0.0,0.0,-1.0,-9.999999999999999e-31,0.0,0.7148,0.2702,0.002667,0.0007285,0.006618,-1.0,0.01503,0.087,-0.033,0.3,-0.534
0.0152,0.01508,8.8,2.4951856136,2.5848863375,2.495,1.845,3.75,2.942,2.0,0.0,0.537,0.0,0.0,0.0,0.0,0.0,-1.0,-9.999999999999999e-31,0.0,0.7139,0.2711,0.002674,0.0007304,0.006635,-1.0,0.01507,0.156,0.047,0.398,-0.474
0.0152,0.01508,8.8,2.4953942299,2.5848916684,2.495,1.815,3.7427,2.943,2.0,0.0,0.537,0.0,0.0,0.0,0.0,0.0,-1.0,-9.999999999999999e-31,0.0,0.7126,0.2723,0.002684,0.000733,0.006659,-1.0,0.01513,0.232,0.133,0.5,-0.404
0.0152,0.01508,8.8,2.4955816269,2.5848964562,2.495,1.787,3.7364,2.946,2.0,0.0,0.537,0.0,0.0,0.0,0.0,0.0,-1.0,-9.999999999999999e-31,0.0,0.7117,0.2731,0.002691,0.0007348,0.006675,-1.0,0.01517,0.303,0.215,0.595,-0.336
0.0152,0.01508,8.8,2.4958260059,2.5849026986,2.495,1.752,3.7285,2.95,2.0,0.0,0.538,0.0,0.0,0.0,0.0,0.0,-1.0,-9.999999999999999e-31,0.0,0.711,0.2738,0.002696,0.0007363,0.006688,-1.0,0.01517,0.391,0.316,0.713,-0.253
0.0152,0.01508,8.8,2.4961345196,2.5849105772,2.496,1.722,3.719,2.942,2.0,0.0,0.538,0.0,0.0,0.0,0.0,0.0,-1.0,-9.999999999999999e-31,0.0,0.7104,0.2744,0.0027,0.0007374,0.006698,-1.0,0.01521,0.465,0.408,0.827,-0.181
0.0152,0.01508,8.8,2.4962279797,2.5849129634,2.496,1.717,3.7163,2.935,2.0,0.0,0.538,0.0,0.0,0.0,0.0,0.0,-1.0,-9.999999999999999e-31,0.0,0.7103,0.2745,0.002701,0.0007377,0.0067,-1.0,0.01522,0.477,0.425,0.851,-0.17
0.0152,0.01508,8.8,2.4965400696,2.5849209304,2.496,1.734,3.708,2.886,3.0,0.0,0.538,0.0,0.0,0.0,0.0,0.0,-1.0,-9.999999999999999e-31,0.0,0.7099,0.2748,0.002703,0.0007383,0.006705,-1.0,0.01527,0.436,0.402,0.847,-0.211
0.0152,0.01508,8.8,2.4968519211,2.584928889,2.496,1.772,3.7011,2.82,3.0,0.0,0.535,0.0,0.0,0.0,0.0,0.0,-1.0,-9.999999999999999e-31,0.0,0.7095,0.2752,0.002692,0.0007421,0.006708,-1.0,0.01527,0.34,0.323,0.785,-0.304
0.0152,0.01508,8.8,2.4971010685,2.5849352457,2.497,1.808,3.6965,2.765,3.0,0.0,0.524,0.0,0.0,0.0,0.0,0.0,-1.0,-9.999999999999999e-31,0.0,0.7092,0.2756,0.002637,0.0007782,0.00671,-1.0,0.01525,0.249,0.244,0.717,-0.394
0.0152,0.01508,8.8,2.4974126816,2.5849431941,2.497,1.853,3.6919,2.702,3.0,0.0,0.487,0.0,0.0,0.0,0.0,0.0,-1.0,-9.999999999999999e-31,0.0,0.7087,0.276,0.002449,0.0009684,0.006711,-1.0,0.0153,0.137,0.145,0.629,-0.503
0.0152,0.01508,8.8,2.4977238178,2.5849511281,2.497,1.897,3.6878,2.642,3.0,0.0,0.445,0.0,0.0,0.0,0.0,0.0,-1.0,-9.999999999999999e-31,0.0,0.7081,0.2766,0.002239,0.001221,0.006712,-1.0,0.01534,0.028,0.048,0.542,-0.609
0.0152,0.01508,8.8,2.4980344772,2.5849590476,2.498,1.94,3.684,2.583,3.0,0.0,0.415,0.0,0.0,0.0,0.0,0.0,-1.0,-9.999999999999999e-31,0.0,0.7075,0.2771,0.002087,0.001408,0.006713,-1.0,0.01533,-0.081,-0.049,0.455,-0.714
0.0152,0.01508,8.8,2.4982829094,2.5849653792,2.498,1.976,3.6811,2.536,3.0,0.0,0.398,0.0,0.0,0.0,0.0,0.0,-1.0,-9.999999999999999e-31,0.0,0.7071,0.2776,0.002003,0.001513,0.006714,-1.0,0.01536,-0.169,-0.128,0.383,-0.8
0.0152,0.01508,8.8,2.4985313416,2.5849717093,2.498,2.011,3.6782,2.489,3.0,0.0,0.385,0.0,0.0,0.0,0.0,0.0,-1.0,-9.999999999999999e-31,0.0,0.7065,0.2781,0.001938,0.001595,0.006716,-1.0,0.01537,-0.259,-0.208,0.311,-0.886
0.0152,0.01508,8.8,2.4985933304,2.5849732886,2.498,2.02,3.6775,2.477,3.0,0.0,0.382,0.0,0.0,0.0,0.0,0.0,-1.0,-9.999999999999999e-31,0.0,0.7063,0.2783,0.001924,0.001616,0.006713,-1.0,0.01537,-0.281,-0.229,0.293,-0.908
0.0152,0.01508,8.8,2.4986569881,2.5849749103,2.498,2.03,3.6768,2.465,3.0,0.0,0.381,0.0,0.0,0.0,0.0,0.0,-1.0,-9.999999999999999e-31,0.0,0.706,0.2787,0.001913,0.001641,0.0067,-1.0,0.01537,-0.304,-0.249,0.274,-0.931
0.0152,0.01508,8.8,2.4989750385,2.5849830113,2.498,2.076,3.6732,2.404,3.0,0.0,0.374,0.0,0.0,0.0,0.0,0.0,-1.0,-9.999999999999999e-31,0.0,0.7039,0.2808,0.001859,0.001772,0.006626,-1.0,0.01537,-0.421,-0.354,0.181,-1.044
0.0152,0.01508,8.8,2.4990394115,2.5849846506,2.499,2.086,3.6726,2.392,3.0,0.0,0.374,0.0,0.0,0.0,0.0,0.0,-1.0,-9.999999999999999e-31,0.0,0.7031,0.2816,0.00185,0.001804,0.006602,-1.0,0.01537,-0.444,-0.375,0.162,-1.067
0.0152,0.01508,8.8,2.4992961884,2.5849911888,2.499,2.123,3.6699,2.344,3.0,0.0,0.372,0.0,0.0,0.0,0.0,0.0,-1.0,-9.999999999999999e-31,0.0,0.6997,0.285,0.001816,0.00193,0.006505,-1.0,0.01537,-0.538,-0.46,0.085,-1.159
0.0152,0.01508,8.8,2.4995529652,2.5849977254,2.499,2.161,3.6672,2.296,3.0,0.0,0.371,0.0,0.0,0.0,0.0,0.0,-1.0,-9.999999999999999e-31,0.0,0.6959,0.2887,0.001787,0.002042,0.006417,-1.0,0.01539,-0.633,-0.544,0.01,-1.25
0.0152,0.01508,8.8,2.4998090267,2.5850042423,2.499,2.199,3.6644,2.246,3.0,0.0,0.371,0.0,0.0,0.0,0.0,0.0,-1.0,-9.999999999999999e-31,0.0,0.6923,0.2924,0.001764,0.002135,0.006342,-1.0,0.01537,-0.728,-0.63,-0.067,-1.342
0.0152,0.01508,8.8,2.5000598431,2.5850106242,2.5,2.237,3.6617,2.197,3.0,0.0,0.37,0.0,0.0,0.0,0.0,0.0,-1.0,-9.999999999999999e-31,0.0,0.689,0.2956,0.001746,0.002211,0.006282,-1.0,0.01539,-0.823,-0.714,-0.143,-1.434
0.0152,0.01508,8.8,2.5003070831,2.5850169136,2.5,2.276,3.6589,2.148,3.0,0.0,0.37,0.0,0.0,0.0,0.0,0.0,-1.0,-9.999999999999999e-31,0.0,0.6861,0.2985,0.001732,0.002271,0.006234,-1.0,0.01537,-0.919,-0.799,-0.218,-1.526
0.0152,0.01508,8.8,2.5005474091,2.5850230258,2.5,2.314,3.6561,2.099,3.0,0.0,0.37,0.0,0.0,0.0,0.0,0.0,-1.0,-9.999999999999999e-31,0.0,0.6837,0.301,0.001721,0.002318,0.006195,-1.0,0.01535,-1.014,-0.883,-0.292,-1.617
0.0152,0.01508,8.8,2.5007817745,2.5850289851,2.5,2.351,3.6533,2.05,3.0,0.0,0.37,0.0,0.0,0.0,0.0,0.0,-1.0,-9.999999999999999e-31,0.0,0.6817,0.303,0.001712,0.002356,0.006165,-1.0,0.01536,-1.108,-0.965,-0.365,-1.706
0.0152,0.01508,8.8,2.5010139942,2.5850348886,2.5,2.389,3.6504,2.0,3.0,0.0,0.37,0.0,0.0,0.0,0.0,0.0,-1.0,-9.999999999999999e-31,0.0,0.68,0.3047,0.001705,0.002386,0.006141,-1.0,0.01535,-1.203,-1.048,-0.438,-1.797
0.0152,0.01508,8.8,2.5012364388,2.5850405424,2.501,2.426,3.6476,1.952,3.0,0.0,0.37,0.0,0.0,0.0,0.0,0.0,-1.0,-9.999999999999999e-31,0.0,0.6787,0.306,0.001699,0.002409,0.006123,-1.0,0.01538,-1.296,-1.128,-0.508,-1.883
0.0152,0.01508,8.8,2.5014865398,2.5850468978,2.501,2.469,3.6443,1.897,3.0,0.0,0.37,0.0,0.0,0.0,0.0,0.0,-1.0,-9.999999999999999e-31,0.0,0.6775,0.3072,0.001695,0.002429,0.006107,-1.0,0.01537,-1.401,-1.218,-0.587,-1.981
0.0152,0.01508,8.8,2.5017344952,2.5850531971,2.501,2.511,3.641,1.841,3.0,0.0,0.37,5.47,3.86,2.86,2.11,1.72,4.0,-9.999999999999999e-31,0.0,0.6766,0.3081,0.001691,0.002444,0.006094,-1.0,0.01536,-1.507,-1.309,-0.667,-2.079
0.0152,0.01508,8.8,2.5019514561,2.5850587079,2.501,2.549,3.638,1.792,3.0,0.0,0.37,6.02,4.22,3.11,2.3,1.87,4.0,-9.999999999999999e-31,0.0,0.676,0.3087,0.001689,0.002453,0.006087,-1.0,0.01536,-1.601,-1.388,-0.737,-2.165
0.0152,0.01508,8.8,2.5021984577,2.5850649804,2.502,2.588,3.6348,1.739,3.0,0.0,0.37,6.67,4.64,3.41,2.52,2.06,4.0,-9.999999999999999e-31,0.0,0.6755,0.3091,0.001687,0.002461,0.006081,-1.0,0.01537,-1.701,-1.471,-0.81,-2.256
0.0152,0.01508,8.8,2.5023336411,2.5850684127,2.502,2.607,3.6333,1.715,3.0,0.0,0.37,7.0,4.85,3.55,2.63,2.14,4.0,-9.999999999999999e-31,0.0,0.6754,0.3093,0.001687,0.002463,0.006079,-1.0,0.01537,-1.747,-1.509,-0.843,-2.297
0.0152,0.01508,8.8,2.5025858879,2.5850748161,2.502,2.559,3.6372,1.778,4.0,0.0,0.37,0.0,0.0,0.0,0.0,0.0,-1.0,-9.999999999999999e-31,0.0,0.6754,0.3093,0.001687,0.002463,0.006079,-1.0,0.01537,-1.628,-1.41,-0.757,-2.19
0.0152,0.01508,8.8,2.5028543472,2.5850816294,2.502,2.511,3.6411,1.841,4.0,0.0,0.37,0.0,0.0,0.0,0.0,0.0,-1.0,-9.999999999999999e-31,0.0,0.6754,0.3093,0.001687,0.002463,0.006078,-1.0,0.01537,-1.509,-1.311,-0.67,-2.081
0.0152,0.01508,8.8,2.5031633377,2.5850894694,2.503,2.467,3.6447,1.901,4.0,0.0,0.37,0.0,0.0,0.0,0.0,0.0,-1.0,-9.999999999999999e-31,0.0,0.6754,0.3093,0.001686,0.002464,0.006078,-1.0,0.01537,-1.397,-1.215,-0.586,-1.978
0.0152,0.01508,8.8,2.5035276413,2.5850987099,2.503,2.421,3.6484,1.961,4.0,0.0,0.37,0.0,0.0,0.0,0.0,0.0,-1.0,-9.999999999999999e-31,0.0,0.6754,0.3093,0.001686,0.002464,0.006078,-1.0,0.01537,-1.283,-1.118,-0.501,-1.872
0.0152,0.01508,8.8,2.5039513111,2.5851094523,2.503,2.373,3.6523,2.025,4.0,0.0,0.37,0.0,0.0,0.0,0.0,0.0,-1.0,-9.999999999999999e-31,0.0,0.6754,0.3093,0.001686,0.002464,0.006078,-1.0,0.01537,-1.162,-1.015,-0.411,-1.758
0.0152,0.01508,8.8,2.5043542385,2.5851196649,2.504,2.326,3.656,2.087,4.0,0.0,0.37,0.0,0.0,0.0,0.0,0.0,-1.0,-9.999999999999999e-31,0.0,0.6754,0.3093,0.001686,0.002464,0.006078,-1.0,0.01537,-1.045,-0.913,-0.322,-1.647
0.0152,0.01508,8.8,2.5046715736,2.5851277054,2.504,2.287,3.6591,2.138,4.0,0.0,0.37,0.0,0.0,0.0,0.0,0.0,-1.0,-9.999999999999999e-31,0.0,0.6754,0.3093,0.001686,0.002464,0.006078,-1.0,0.01537,-0.947,-0.828,-0.248,-1.555
0.0152,0.01508,8.8,2.5049788952,2.58513549,2.504,2.248,3.6622,2.189,4.0,0.0,0.37,0.0,0.0,0.0,0.0,0.0,-1.0,-9.999999999999999e-31,0.0,0.6754,0.3093,0.001686,0.002464,0.006078,-1.0,0.01537,-0.851,-0.744,-0.173,-1.462
0.0152,0.01508,8.8,2.505286932,2.5851432905,2.505,2.21,3.6652,2.24,4.0,0.0,0.37,0.0,0.0,0.0,0.0,0.0,-1.0,-9.999999999999999e-31,0.0,0.6754,0.3093,0.001686,0.002464,0.006078,-1.0,0.01537,-0.755,-0.659,-0.098,-1.37
0.0152,0.01508,8.8,2.5056068897,2.5851513905,2.505,2.171,3.6681,2.29,4.0,0.0,0.37,0.0,0.0,0.0,0.0,0.0,-1.0,-9.999999999999999e-31,0.0,0.6754,0.3093,0.001686,0.002464,0.006078,-1.0,0.01537,-0.659,-0.574,-0.023,-1.278
0.0152,0.01508,8.8,2.5059468746,2.5851599949,2.505,2.133,3.6711,2.34,4.0,0.0,0.37,0.0,0.0,0.0,0.0,0.0,-1.0,-9.999999999999999e-31,0.0,0.6753,0.3093,0.001686,0.002464,0.006078,-1.0,0.01537,-0.564,-0.49,0.052,-1.186
0.0152,0.01508,8.8,2.5063123703,2.585169242,2.506,2.096,3.674,2.389,4.0,0.0,0.37,0.0,0.0,0.0,0.0,0.0,-1.0,-9.999999999999999e-31,0.0,0.6753,0.3093,0.001686,0.002465,0.006077,-1.0,0.01537,-0.47,-0.406,0.127,-1.095
0.0152,0.01508,8.8,2.5067193508,2.585179535,2.506,2.059,3.6769,2.438,4.0,0.0,0.37,0.0,0.0,0.0,0.0,0.0,-1.0,-9.999999999999999e-31,0.0,0.6753,0.3093,0.001686,0.002465,0.006077,-1.0,0.01537,-0.378,-0.323,0.201,-1.005
0.0152,0.01508,8.8,2.5071799755,2.58519118,2.507,2.022,3.6798,2.486,4.0,0.0,0.37,0.0,0.0,0.0,0.0,0.0,-1.0,-9.999999999999999e-31,0.0,0.6753,0.3093,0.001686,0.002465,0.006077,-1.0,0.01537,-0.286,-0.241,0.274,-0.916
0.0152,0.01508,8.8,2.5077228546,2.5852048983,2.507,1.986,3.6826,2.533,4.0,0.0,0.37,0.0,0.0,0.0,0.0,0.0,-1.0,-9.999999999999999e-31,0.0,0.6753,0.3093,0.001686,0.002465,0.006077,-1.0,0.01537,-0.196,-0.16,0.347,-0.828
0.0152,0.01508,8.8,2.5084629059,2.5852235879,2.508,1.947,3.6859,2.586,4.0,0.0,0.37,0.0,0.0,0.0,0.0,0.0,-1.0,-9.999999999999999e-31,0.0,0.6753,0.3093,0.001686,0.002465,0.006077,-1.0,0.01537,-0.097,-0.071,0.428,-0.732
0.0152,0.01508,8.8,2.5095617771,2.585251316,2.509,1.903,3.6897,2.646,4.0,0.0,0.37,0.0,0.0,0.0,0.0,0.0,-1.0,-9.999999999999999e-31,0.0,0.6753,0.3093,0.001686,0.002466,0.006077,-1.0,0.01537,0.013,0.027,0.516,-0.625
0.0152,0.01508,8.8,2.5112206936,2.585293123,2.511,1.859,3.694,2.707,4.0,0.0,0.37,0.0,0.0,0.0,0.0,0.0,-1.0,-9.999999999999999e-31,0.0,0.6753,0.3093,0.001686,0.002466,0.006076,-1.0,0.01537,0.122,0.125,0.603,-0.519
0.0152,0.01508,8.8,2.5144722462,2.5853748827,2.514,1.821,3.699,2.765,4.0,0.0,0.37,0.0,0.0,0.0,0.0,0.0,-1.0,-9.999999999999999e-31,0.0,0.6753,0.3093,0.001686,0.002467,0.006075,-1.0,0.01537,0.217,0.205,0.671,-0.427
0.0152,0.01508,8.8,2.515355587,2.5853970521,2.515,1.816,3.6999,2.774,4.0,0.0,0.37,0.0,0.0,0.0,0.0,0.0,-1.0,-9.999999999999999e-31,0.0,0.6753,0.3094,0.001686,0.002467,0.006075,-1.0,0.01537,0.23,0.216,0.68,-0.415
0.0152,0.01508,8.8,2.535030365,2.5858862341,2.535,1.844,3.6996,2.748,5.0,0.0,0.37,0.0,0.0,0.0,0.0,0.0,-1.0,-9.999999999999999e-31,0.0,0.6751,0.3095,0.001685,0.002473,0.006069,-1.0,0.01537,0.159,0.146,0.611,-0.485
0.0152,0.01508,8.8,2.5687589645,2.5867048265,2.569,1.894,3.6995,2.704,5.0,0.0,0.37,0.0,0.0,0.0,0.0,0.0,-1.0,-9.999999999999999e-31,0.0,0.6748,0.3098,0.001684,0.002483,0.00606,-1.0,0.01537,0.036,0.023,0.488,-0.608
0.0152,0.01508,8.8,2.5959498882,2.5873469706,2.596,1.936,3.6991,2.665,5.0,0.0,0.371,0.0,0.0,0.0,0.0,0.0,-1.0,-9.999999999999999e-31,0.0,0.6746,0.31,0.001683,0.002491,0.006052,-1.0,0.01537,-0.069,-0.082,0.384,-0.713
0.0152,0.01508,8.8,2.5999999046,2.5874412955,2.6,1.942,3.699,2.659,5.0,0.0,0.371,0.0,0.0,0.0,0.0,0.0,-1.0,-9.999999999999999e-31,0.0,0.6746,0.31,0.001683,0.002492,0.006051,-1.0,0.01537,-0.086,-0.097,0.369,-0.729
0.0152,0.01508,8.8,2.6127784252,2.5877367043,2.613,1.964,3.6987,2.638,5.0,0.0,0.371,0.0,0.0,0.0,0.0,0.0,-1.0,-9.999999999999999e-31,0.0,0.6746,0.31,0.001683,0.002494,0.006049,-1.0,0.01537,-0.139,-0.15,0.317,-0.782
0.0152,0.01508,8.8,2.6433846951,2.588430912,2.643,2.016,3.6968,2.584,5.0,0.0,0.371,0.0,0.0,0.0,0.0,0.0,-1.0,-9.999999999999999e-31,0.0,0.6745,0.3101,0.001683,0.0025,0.006044,-1.0,0.01537,-0.269,-0.275,0.197,-0.912
0.0152,0.01508,8.8,2.6489064693,2.5885541934,2.649,2.025,3.6963,2.573,5.0,0.0,0.371,0.0,0.0,0.0,0.0,0.0,-1.0,-9.999999999999999e-31,0.0,0.6745,0.3101,0.001683,0.002501,0.006043,-1.0,0.01537,-0.293,-0.297,0.175,-0.935
0.0152,0.01508,8.8,2.6653072834,2.5889169034,2.665,2.057,3.6934,2.533,6.0,0.0,0.371,0.0,0.0,0.0,0.0,0.0,-1.0,-9.999999999999999e-31,0.0,0.6745,0.3101,0.001682,0.002504,0.00604,-1.0,0.01537,-0.373,-0.369,0.111,-1.013
