Zini,MH,logAge,Mini,int_IMF,Mass,LogL,LogTe,logg,label,McoreTP,C_O,period0,period1,period2,period3,period4,pmode,Mloss,tau1m,X,Y,Xc,Xn,Xo,Cexcess,Z,mbolmag,Gmag,G_BPmag,G_RPmag
0.0152,0.01508,7.5,0.0900000036,1.0816895926,0.09,-2.403,3.4034,4.361,0.0,0.0,0.545,0.0,0.0,0.0,0.0,0.0,-1.0,-1.11e-15,0.0,0.7092,0.2755,0.002746,0.0007408,0.006719,-1.0,0.01527,10.778,12.818,15.489,11.353
0.0152,0.01508,7.5,0.0900000036,1.0816895926,0.09,-2.403,3.4034,4.361,0.0,0.0,0.545,0.0,0.0,0.0,0.0,0.0,-1.0,-1.11e-15,0.0,0.7092,0.2755,0.002746,0.0007408,0.006719,-1.0,0.01527,10.778,12.818,15.489,11.353
0.0152,0.01508,7.5,0.0985069573,1.1585120789,0.098,-2.342,3.4103,4.366,0.0,0.0,0.545,0.0,0.0,0.0,0.0,0.0,-1.0,-1.21e-15,0.0,0.7092,0.2755,0.002746,0.0007408,0.006719,-1.0,0.01527,10.625,12.665,15.338,11.199
0.0152,0.01508,7.5,0.1000000015,1.1711064122,0.1,-2.332,3.4115,4.368,0.0,0.0,0.545,0.0,0.0,0.0,0.0,0.0,-1.0,-1.23e-15,0.0,0.7092,0.2755,0.002746,0.0007408,0.006719,-1.0,0.01527,10.599,12.64,15.313,11.174
0.0152,0.01508,7.5,0.1151940823,1.2867909046,0.115,-2.236,3.422,4.375,0.0,0.0,0.545,0.0,0.0,0.0,0.0,0.0,-1.0,-1.41e-15,0.0,0.7092,0.2755,0.002746,0.0007408,0.006719,-1.0,0.01527,10.36,12.334,14.929,10.884
0.0152,0.01508,7.5,0.1200000122,1.3193155232,0.12,-2.208,3.4252,4.378,0.0,0.0,0.545,0.0,0.0,0.0,0.0,0.0,-1.0,-1.47e-15,0.0,0.7092,0.2755,0.002746,0.0007408,0.006719,-1.0,0.01527,10.291,12.219,14.757,10.778
0.0152,0.01508,7.5,0.1212428659,1.3274519482,0.121,-2.201,3.426,4.379,0.0,0.0,0.545,0.0,0.0,0.0,0.0,0.0,-1.0,-1.49e-15,0.0,0.7092,0.2755,0.002746,0.0007408,0.006719,-1.0,0.01527,10.273,12.19,14.714,10.752
0.0152,0.01508,7.5,0.1400000006,1.4384526719,0.14,-2.103,3.4369,4.387,0.0,0.0,0.545,0.0,0.0,0.0,0.0,0.0,-1.0,-1.72e-15,0.0,0.7092,0.2755,0.002746,0.0007408,0.006719,-1.0,0.01527,10.028,11.797,14.149,10.393
0.0152,0.01508,7.5,0.1599999964,1.5372931554,0.16,-2.014,3.4468,4.396,0.0,0.0,0.545,0.0,0.0,0.0,0.0,0.0,-1.0,-1.95e-15,0.0,0.7092,0.2755,0.002746,0.0007408,0.006719,-1.0,0.01527,9.806,11.449,13.658,10.075
0.0152,0.01508,7.5,0.1762147099,1.6063187567,0.176,-1.951,3.4537,4.402,0.0,0.0,0.545,0.0,0.0,0.0,0.0,0.0,-1.0,-2.13e-15,0.0,0.7092,0.2755,0.002746,0.0007408,0.006719,-1.0,0.01527,9.648,11.206,13.315,9.854
0.0152,0.01508,7.5,0.203659147,1.7061471711,0.204,-1.857,3.4639,4.412,0.0,0.0,0.545,0.0,0.0,0.0,0.0,0.0,-1.0,-2.44e-15,0.0,0.7092,0.2755,0.002746,0.0007408,0.006719,-1.0,0.01527,9.412,10.85,12.817,9.53
0.0152,0.01508,7.5,0.2269651145,1.7780875307,0.227,-1.787,3.4712,4.418,0.0,0.0,0.545,0.0,0.0,0.0,0.0,0.0,-1.0,-2.69e-15,0.0,0.7092,0.2755,0.002746,0.0007408,0.006719,-1.0,0.01527,9.237,10.597,12.472,9.298
0.0152,0.01508,7.5,0.2424147278,1.8206835644,0.242,-1.745,3.4757,4.422,0.0,0.0,0.545,0.0,0.0,0.0,0.0,0.0,-1.0,-2.84e-15,0.0,0.7092,0.2755,0.002746,0.0007408,0.006719,-1.0,0.01527,9.132,10.445,12.265,9.16
0.0152,0.01508,7.5,0.2447962463,1.8269356609,0.245,-1.739,3.4763,4.423,0.0,0.0,0.545,0.0,0.0,0.0,0.0,0.0,-1.0,-2.86e-15,0.0,0.7092,0.2755,0.002746,0.0007408,0.006719,-1.0,0.01527,9.117,10.422,12.235,9.14
0.0152,0.01508,7.5,0.2536920607,1.849608291,0.254,-1.715,3.4787,4.424,0.0,0.0,0.545,0.0,0.0,0.0,0.0,0.0,-1.0,-2.98e-15,0.0,0.7092,0.2755,0.002746,0.0007408,0.006719,-1.0,0.01527,9.058,10.338,12.122,9.063
0.0152,0.01508,7.5,0.2807514071,1.9126748558,0.281,-1.65,3.4854,4.429,0.0,0.0,0.545,0.0,0.0,0.0,0.0,0.0,-1.0,-3.28e-15,0.0,0.7092,0.2755,0.002746,0.0007408,0.006719,-1.0,0.01527,8.894,10.103,11.803,8.851
0.0152,0.01508,7.5,0.3000000119,1.9529139769,0.3,-1.608,3.4899,4.434,0.0,0.0,0.545,0.0,0.0,0.0,0.0,0.0,-1.0,-3.48e-15,0.0,0.7092,0.2755,0.002746,0.0007408,0.006719,-1.0,0.01527,8.789,9.949,11.591,8.713
0.0152,0.01508,7.5,0.3405140638,2.027590588,0.341,-1.528,3.4979,4.442,0.0,0.0,0.545,0.0,0.0,0.0,0.0,0.0,-1.0,-3.89e-15,0.0,0.7092,0.2755,0.002746,0.0007408,0.006719,-1.0,0.01527,8.59,9.683,11.252,8.469
0.0152,0.01508,7.5,0.3500000238,2.0434175133,0.35,-1.511,3.4996,4.444,0.0,0.0,0.545,0.0,0.0,0.0,0.0,0.0,-1.0,-3.98e-15,0.0,0.7092,0.2755,0.002746,0.0007408,0.006719,-1.0,0.01527,8.547,9.626,11.178,8.417
0.0152,0.01508,7.5,0.362108469,2.0628281449,0.362,-1.489,3.5019,4.446,0.0,0.0,0.545,0.0,0.0,0.0,0.0,0.0,-1.0,-4.1e-15,0.0,0.7092,0.2755,0.002746,0.0007408,0.006719,-1.0,0.01527,8.493,9.555,11.087,8.352
0.0152,0.01508,7.5,0.4000000358,2.118502481,0.4,-1.425,3.5084,4.451,0.0,0.0,0.545,0.0,0.0,0.0,0.0,0.0,-1.0,-4.5e-15,0.0,0.7092,0.2755,0.002746,0.0007408,0.006719,-1.0,0.01527,8.332,9.343,10.82,8.158
0.0152,0.01508,7.5,0.4481446445,2.1800816549,0.448,-1.348,3.5168,4.456,0.0,0.0,0.545,0.0,0.0,0.0,0.0,0.0,-1.0,-5.05e-15,0.0,0.7092,0.2755,0.002746,0.0007408,0.006719,-1.0,0.01527,8.139,9.088,10.497,7.926
0.0152,0.01508,7.5,0.4500000477,2.1822809714,0.45,-1.345,3.5171,4.456,0.0,0.0,0.545,0.0,0.0,0.0,0.0,0.0,-1.0,-5.07e-15,0.0,0.7092,0.2755,0.002746,0.0007408,0.006719,-1.0,0.01527,8.132,9.079,10.486,7.917
0.0152,0.01508,7.5,0.4731296003,2.2087452677,0.473,-1.31,3.5213,4.46,0.0,0.0,0.545,0.0,0.0,0.0,0.0,0.0,-1.0,-5.34e-15,0.0,0.7092,0.2755,0.002746,0.0007408,0.006719,-1.0,0.01527,8.045,8.961,10.335,7.811
0.0152,0.01508,7.5,0.5,2.2374541529,0.5,-1.271,3.5256,4.462,0.0,0.0,0.545,0.0,0.0,0.0,0.0,0.0,-1.0,-5.67e-15,0.0,0.7092,0.2755,0.002746,0.0007408,0.006719,-1.0,0.01527,7.947,8.833,10.173,7.695
0.0152,0.01508,7.5,0.5147387981,2.2521488919,0.515,-1.25,3.5284,4.465,0.0,0.0,0.545,0.0,0.0,0.0,0.0,0.0,-1.0,-5.84e-15,0.0,0.7092,0.2755,0.002746,0.0007408,0.006719,-1.0,0.01527,7.894,8.761,10.08,7.63
0.0152,0.01508,7.5,0.5465631485,2.2807921789,0.546,-1.2,3.534,4.464,0.0,0.0,0.545,0.0,0.0,0.0,0.0,0.0,-1.0,-6.36e-15,0.0,0.7092,0.2755,0.002746,0.0007408,0.006719,-1.0,0.01527,7.771,8.601,9.88,7.486
0.0152,0.01508,7.5,0.5500000119,2.2836582633,0.55,-1.195,3.5346,4.463,0.0,0.0,0.545,0.0,0.0,0.0,0.0,0.0,-1.0,-6.42e-15,0.0,0.7092,0.2755,0.002746,0.0007408,0.006719,-1.0,0.01527,7.757,8.583,9.859,7.47
0.0152,0.01508,7.5,0.5670673251,2.2973012549,0.567,-1.17,3.5379,4.465,0.0,0.0,0.545,0.0,0.0,0.0,0.0,0.0,-1.0,-6.68e-15,0.0,0.7092,0.2755,0.002746,0.0007408,0.006719,-1.0,0.01527,7.695,8.498,9.75,7.394
0.0152,0.01508,7.5,0.6000000238,2.3211213258,0.6,-1.116,3.5447,4.463,0.0,0.0,0.545,0.0,0.0,0.0,0.0,0.0,-1.0,-7.36e-15,0.0,0.7092,0.2755,0.002746,0.0007408,0.006719,-1.0,0.01527,7.561,8.321,9.527,7.236
0.0152,0.01508,7.5,0.6031461954,2.323240919,0.603,-1.112,3.5454,4.464,0.0,0.0,0.545,0.0,0.0,0.0,0.0,0.0,-1.0,-7.42e-15,0.0,0.7092,0.2755,0.002746,0.0007408,0.006719,-1.0,0.01527,7.549,8.304,9.505,7.221
0.0152,0.01508,7.5,0.6499999762,2.3520353107,0.65,-1.024,3.5584,4.46,0.0,0.0,0.545,0.0,0.0,0.0,0.0,0.0,-1.0,-8.77e-15,0.0,0.7092,0.2755,0.002746,0.0007408,0.006719,-1.0,0.01527,7.329,8.0,9.115,6.955
0.0152,0.01508,7.5,0.672742486,2.3643608619,0.673,-0.981,3.566,4.463,0.0,0.0,0.545,0.0,0.0,0.0,0.0,0.0,-1.0,-9.47e-15,0.0,0.7092,0.2755,0.002746,0.0007408,0.006719,-1.0,0.01527,7.221,7.843,8.908,6.821
0.0152,0.01508,7.5,0.6815046072,2.3688578917,0.682,-0.962,3.5693,4.463,0.0,0.0,0.545,0.0,0.0,0.0,0.0,0.0,-1.0,-9.78e-15,0.0,0.7092,0.2755,0.002746,0.0007408,0.006719,-1.0,0.01527,7.176,7.777,8.822,6.765
0.0152,0.01508,7.5,0.7000000477,2.3779267258,0.7,-0.918,3.5772,4.461,0.0,0.0,0.545,0.0,0.0,0.0,0.0,0.0,-1.0,-1.07e-14,0.0,0.7092,0.2755,0.002746,0.0007408,0.006719,-1.0,0.01527,7.064,7.617,8.615,6.629
0.0152,0.01508,7.5,0.7150930166,2.3849288592,0.715,-0.858,3.597,4.491,0.0,0.0,0.543,0.0,0.0,0.0,0.0,0.0,-1.0,-1.17e-14,0.0,0.7092,0.2755,0.002734,0.0007405,0.006719,-1.0,0.01527,6.916,7.356,8.25,6.425
0.0152,0.01508,7.5,0.75,2.3998889087,0.75,-0.718,3.6413,4.549,0.0,0.0,0.538,0.0,0.0,0.0,0.0,0.0,-1.0,-1.48e-14,0.0,0.7092,0.2755,0.002709,0.0007398,0.00672,-1.0,0.01527,6.566,6.778,7.468,5.975
0.0152,0.01508,7.5,0.7728703618,2.4088522703,0.773,-0.66,3.6497,4.537,0.0,0.0,0.538,0.0,0.0,0.0,0.0,0.0,-1.0,-1.68e-14,0.0,0.7092,0.2755,0.002709,0.0007398,0.00672,-1.0,0.01527,6.42,6.591,7.244,5.813
0.0152,0.01508,7.5,0.8000000119,2.4187244405,0.8,-0.581,3.6621,4.523,0.0,0.0,0.538,0.0,0.0,0.0,0.0,0.0,-1.0,-2.01e-14,0.0,0.7092,0.2755,0.002709,0.0007398,0.00672,-1.0,0.01527,6.223,6.336,6.939,5.593
0.0152,0.01508,7.5,0.8149454594,2.4238411599,0.815,-0.535,3.67,4.516,0.0,0.0,0.538,0.0,0.0,0.0,0.0,0.0,-1.0,-2.24e-14,0.0,0.7092,0.2755,0.002709,0.0007398,0.00672,-1.0,0.01527,6.108,6.188,6.762,5.467
0.0152,0.01508,7.5,0.8413722515,2.4323790911,0.841,-0.449,3.6852,4.504,0.0,0.0,0.538,0.0,0.0,0.0,0.0,0.0,-1.0,-2.72e-14,0.0,0.7092,0.2755,0.002709,0.0007398,0.006719,-1.0,0.01527,5.892,5.917,6.441,5.236
0.0152,0.01508,7.5,0.8500000238,2.435034684,0.85,-0.42,3.6905,4.501,0.0,0.0,0.538,0.0,0.0,0.0,0.0,0.0,-1.0,-2.9e-14,0.0,0.7092,0.2755,0.002709,0.0007398,0.006719,-1.0,0.01527,5.82,5.828,6.337,5.161
0.0152,0.01508,7.5,0.8671829104,2.4401429294,0.867,-0.362,3.7009,4.494,0.0,0.0,0.538,0.0,0.0,0.0,0.0,0.0,-1.0,-3.31e-14,0.0,0.7092,0.2755,0.002709,0.0007398,0.006719,-1.0,0.01527,5.676,5.655,6.134,5.013
0.0152,0.01508,7.5,0.8900663257,2.4465949537,0.889,-0.286,3.7148,4.484,0.0,0.0,0.538,0.0,0.0,0.0,0.0,0.0,-1.0,-3.94e-14,0.0,0.7092,0.2755,0.002709,0.0007398,0.006719,-1.0,0.01527,5.484,5.43,5.873,4.82
0.0152,0.01508,7.5,0.9000000358,2.4492786175,0.899,-0.252,3.7208,4.48,0.0,0.0,0.538,0.0,0.0,0.0,0.0,0.0,-1.0,-4.25e-14,0.0,0.7092,0.2755,0.002709,0.0007398,0.006719,-1.0,0.01527,5.401,5.334,5.762,4.738
0.0152,0.01508,7.5,0.9017010331,2.4497313405,0.901,-0.247,3.7219,4.479,0.0,0.0,0.538,0.0,0.0,0.0,0.0,0.0,-1.0,-4.31e-14,0.0,0.7092,0.2755,0.002709,0.0007398,0.006719,-1.0,0.01527,5.387,5.318,5.743,4.724
0.0152,0.01508,7.5,0.9250330329,2.4557484381,0.924,-0.172,3.7353,4.469,0.0,0.0,0.538,0.0,0.0,0.0,0.0,0.0,-1.0,-5.12e-14,0.0,0.7092,0.2755,0.002709,0.0007398,0.006719,-1.0,0.01527,5.199,5.107,5.502,4.543
0.0152,0.01508,7.5,0.9337688088,2.4579125326,0.933,-0.145,3.7401,4.466,0.0,0.0,0.538,0.0,0.0,0.0,0.0,0.0,-1.0,-5.44e-14,0.0,0.7092,0.2755,0.002709,0.0007398,0.006719,-1.0,0.01527,5.133,5.032,5.416,4.479
0.0152,0.01508,7.5,0.9417651892,2.4598530377,0.941,-0.126,3.7437,4.465,0.0,0.0,0.538,0.0,0.0,0.0,0.0,0.0,-1.0,-5.67e-14,0.0,0.7092,0.2755,0.002709,0.0007398,0.006719,-1.0,0.01527,5.086,4.981,5.357,4.437
0.0152,0.01508,7.5,0.9500000477,2.4618122009,0.95,-0.108,3.7473,4.465,0.0,0.0,0.538,0.0,0.0,0.0,0.0,0.0,-1.0,-5.89e-14,0.0,0.7092,0.2755,0.002709,0.0007398,0.006719,-1.0,0.01527,5.04,4.932,5.298,4.396
0.0152,0.01508,7.5,0.9571812153,2.4634890733,0.957,-0.092,3.7503,4.465,0.0,0.0,0.538,0.0,0.0,0.0,0.0,0.0,-1.0,-6.09e-14,0.0,0.7092,0.2755,0.002709,0.0007398,0.006719,-1.0,0.01527,5.001,4.89,5.249,4.361
0.0152,0.01508,7.5,1.0,2.4729154477,1.0,-0.036,3.763,4.478,0.0,0.0,0.538,0.0,0.0,0.0,0.0,0.0,-1.0,-6.72e-14,0.0,0.7092,0.2755,0.002709,0.0007397,0.006719,-1.0,0.01527,4.861,4.74,5.072,4.24
0.0152,0.01508,7.5,1.0098139048,2.4749468465,1.01,-0.025,3.7659,4.482,0.0,0.0,0.538,0.0,0.0,0.0,0.0,0.0,-1.0,-6.75e-14,0.0,0.7092,0.2755,0.002709,0.0007397,0.006719,-1.0,0.01527,4.832,4.709,5.035,4.216
0.0152,0.01508,7.5,1.0340358019,2.4797713368,1.034,-0.009,3.7703,4.495,0.0,0.0,0.538,0.0,0.0,0.0,0.0,0.0,-1.0,-6.57e-14,0.0,0.7093,0.2755,0.002709,0.0007397,0.006718,-1.0,0.01525,4.793,4.668,4.984,4.185
0.0152,0.01508,7.5,1.0499999523,2.482811486,1.05,0.002,3.7725,4.499,0.0,0.0,0.538,0.0,0.0,0.0,0.0,0.0,-1.0,-6.51e-14,0.0,0.7093,0.2755,0.002709,0.0007397,0.006718,-1.0,0.01526,4.765,4.639,4.95,4.161
0.0152,0.01508,7.5,1.0623717308,2.4850953904,1.062,0.011,3.774,4.501,0.0,0.0,0.538,0.0,0.0,0.0,0.0,0.0,-1.0,-6.45e-14,0.0,0.7093,0.2754,0.002709,0.0007396,0.006718,-1.0,0.01527,4.743,4.616,4.924,4.143
0.0152,0.01508,7.5,1.1000000238,2.491680148,1.099,0.061,3.7798,4.49,0.0,0.0,0.538,0.0,0.0,0.0,0.0,0.0,-1.0,-6.78e-14,0.0,0.7093,0.2754,0.002708,0.0007396,0.006717,-1.0,0.01527,4.618,4.489,4.784,4.03
0.0152,0.01508,7.5,1.1113045216,2.4935584813,1.111,0.073,3.7812,4.487,0.0,0.0,0.538,0.0,0.0,0.0,0.0,0.0,-1.0,-6.81e-14,0.0,0.7093,0.2754,0.002708,0.0007395,0.006717,-1.0,0.01527,4.587,4.459,4.75,4.003
0.0152,0.01508,7.5,1.1499999762,2.4996678137,1.149,0.147,3.789,4.46,0.0,0.0,0.538,0.0,0.0,0.0,0.0,0.0,-1.0,-7.62e-14,0.0,0.7093,0.2754,0.002708,0.0007395,0.006716,-1.0,0.01527,4.403,4.275,4.55,3.837
0.0152,0.01508,7.5,1.2000000477,2.5068948796,1.2,0.233,3.7981,4.429,0.0,0.0,0.538,0.0,0.0,0.0,0.0,0.0,-1.0,-8.57e-14,0.0,0.7094,0.2753,0.002708,0.0007393,0.006715,-1.0,0.01527,4.189,4.061,4.317,3.645
0.0152,0.01508,7.5,1.25,2.5134610955,1.25,0.325,3.8078,4.393,0.0,0.0,0.538,0.0,0.0,0.0,0.0,0.0,-1.0,-9.69e-14,0.0,0.7094,0.2753,0.002708,0.0007393,0.006715,-1.0,0.01527,3.957,3.831,4.068,3.44
0.0152,0.01508,7.5,1.2585451603,2.5145234144,1.258,0.341,3.8096,4.387,0.0,0.0,0.538,0.0,0.0,0.0,0.0,0.0,-1.0,-9.87e-14,0.0,0.7094,0.2753,0.002708,0.0007393,0.006715,-1.0,0.01527,3.918,3.792,4.026,3.405
0.0152,0.01508,7.5,1.2999999523,2.5194498592,1.3,0.413,3.8184,4.364,0.0,0.0,0.538,0.0,0.0,0.0,0.0,0.0,-1.0,-1.07e-13,0.0,0.7094,0.2753,0.002707,0.0007392,0.006714,-1.0,0.01527,3.737,3.613,3.831,3.247
0.0152,0.01508,7.5,1.3500001431,2.5249313723,1.35,0.498,3.8296,4.341,0.0,0.0,0.538,0.0,0.0,0.0,0.0,0.0,-1.0,-1.15e-13,0.0,0.7095,0.2753,0.002707,0.0007392,0.006714,-1.0,0.01524,3.525,3.403,3.602,3.063
0.0152,0.01508,7.5,1.370806098,2.5270772945,1.371,0.532,3.835,4.335,0.0,0.0,0.538,0.0,0.0,0.0,0.0,0.0,-1.0,-1.17e-13,0.0,0.7095,0.2753,0.002707,0.0007392,0.006714,-1.0,0.01522,3.439,3.319,3.509,2.991
0.0152,0.01508,7.5,1.4000000954,2.5299650415,1.4,0.575,3.8406,4.324,0.0,0.0,0.538,0.0,0.0,0.0,0.0,0.0,-1.0,-1.18e-13,0.0,0.7095,0.2753,0.002707,0.0007392,0.006714,-1.0,0.01521,3.333,3.215,3.395,2.9
0.0152,0.01508,7.5,1.4500000477,2.5346015836,1.45,0.642,3.8515,4.315,0.0,0.0,0.538,0.0,0.0,0.0,0.0,0.0,-1.0,-1.14e-13,0.0,0.7095,0.2752,0.002707,0.0007392,0.006713,-1.0,0.01527,3.164,3.05,3.213,2.761
0.0152,0.01508,7.5,1.5,2.5388844597,1.5,0.707,3.8636,4.313,0.0,0.0,0.538,0.0,0.0,0.0,0.0,0.0,-1.0,-1.05e-13,0.0,0.7095,0.2752,0.002706,0.0007391,0.006713,-1.0,0.01527,3.002,2.893,3.038,2.634
0.0152,0.01508,7.5,1.5499999523,2.5428511323,1.55,0.769,3.8769,4.318,0.0,0.0,0.538,0.0,0.0,0.0,0.0,0.0,-1.0,-8.86e-14,0.0,0.7096,0.2752,0.002707,0.000739,0.006713,-1.0,0.01527,2.846,2.746,2.871,2.519
0.0152,0.01508,7.5,1.6000000238,2.5465340628,1.6,0.83,3.8902,4.325,0.0,0.0,0.538,0.0,0.0,0.0,0.0,0.0,-1.0,-6.65e-14,0.0,0.7096,0.2751,0.002707,0.000739,0.006712,-1.0,0.01526,2.695,2.605,2.71,2.41
0.0152,0.01508,7.5,1.6500000954,2.5499614852,1.649,0.887,3.9027,4.331,0.0,0.0,0.538,0.0,0.0,0.0,0.0,0.0,-1.0,-3.71e-14,0.0,0.7096,0.2751,0.002706,0.0007389,0.006712,-1.0,0.01526,2.552,2.475,2.563,2.312
0.0152,0.01508,7.5,1.7000000477,2.5531580802,1.699,0.943,3.9147,4.336,0.0,0.0,0.538,0.0,0.0,0.0,0.0,0.0,-1.0,-9.999999999999999e-31,0.0,0.7096,0.2751,0.002706,0.0007389,0.006711,-1.0,0.01526,2.413,2.352,2.423,2.219
0.0152,0.01508,7.5,1.75,2.5561455243,1.749,0.996,3.926,4.341,0.0,0.0,0.538,0.0,0.0,0.0,0.0,0.0,-1.0,-9.999999999999999e-31,0.0,0.7096,0.2751,0.002706,0.0007388,0.006711,-1.0,0.01526,2.279,2.238,2.294,2.133
0.0152,0.01508,7.5,1.7999999523,2.5589429085,1.799,1.048,3.9368,4.344,0.0,0.0,0.538,0.0,0.0,0.0,0.0,0.0,-1.0,-9.999999999999999e-31,0.0,0.7097,0.2751,0.002705,0.0007388,0.006711,-1.0,0.01525,2.15,2.132,2.174,2.052
0.0152,0.01508,7.5,1.8500000238,2.5615671203,1.849,1.097,3.9468,4.347,0.0,0.0,0.538,0.0,0.0,0.0,0.0,0.0,-1.0,-9.999999999999999e-31,0.0,0.7097,0.275,0.002705,0.0007388,0.00671,-1.0,0.01525,2.028,2.037,2.069,1.977
0.0152,0.01508,7.5,1.9000000954,2.5640331317,1.899,1.144,3.9564,4.35,0.0,0.0,0.538,0.0,0.0,0.0,0.0,0.0,-1.0,-9.999999999999999e-31,0.0,0.7097,0.275,0.002705,0.0007387,0.00671,-1.0,0.01525,1.909,1.947,1.97,1.905
0.0152,0.01508,7.5,1.9500001669,2.5663542767,1.95,1.191,3.9657,4.352,0.0,0.0,0.538,0.0,0.0,0.0,0.0,0.0,-1.0,-9.999999999999999e-31,0.0,0.7097,0.275,0.002705,0.0007387,0.006709,-1.0,0.01524,1.793,1.863,1.878,1.837
0.0152,0.01508,7.5,2.0,2.5685424513,2.0,1.236,3.9744,4.353,0.0,0.0,0.538,0.0,0.0,0.0,0.0,0.0,-1.0,-9.999999999999999e-31,0.0,0.7097,0.275,0.002705,0.0007387,0.006709,-1.0,0.01527,1.681,1.786,1.793,1.772
0.0152,0.01508,7.5,2.0499999523,2.5706083333,2.05,1.279,3.9828,4.354,0.0,0.0,0.538,0.0,0.0,0.0,0.0,0.0,-1.0,-9.999999999999999e-31,0.0,0.7098,0.275,0.002705,0.0007386,0.006709,-1.0,0.01525,1.573,1.712,1.714,1.709
0.0152,0.01508,7.5,2.0999999046,2.5725614918,2.099,1.321,3.9907,4.354,0.0,0.0,0.538,0.0,0.0,0.0,0.0,0.0,-1.0,-9.999999999999999e-31,0.0,0.7098,0.275,0.002705,0.0007386,0.006709,-1.0,0.01523,1.467,1.641,1.637,1.648
0.0152,0.01508,7.5,2.1500000954,2.5744105556,2.149,1.362,3.9985,4.354,0.0,0.0,0.538,0.0,0.0,0.0,0.0,0.0,-1.0,-9.999999999999999e-31,0.0,0.7098,0.275,0.002705,0.0007386,0.006709,-1.0,0.01524,1.365,1.573,1.565,1.589
0.0152,0.01508,7.5,2.2000000477,2.5761632879,2.199,1.402,4.0059,4.354,1.0,0.0,0.538,0.0,0.0,0.0,0.0,0.0,-1.0,-9.999999999999999e-31,0.0,0.7098,0.2749,0.002705,0.0007385,0.006708,-1.0,0.01527,1.264,1.507,1.495,1.531
0.0152,0.01508,7.5,2.25,2.5778267375,2.249,1.441,4.0133,4.354,1.0,0.0,0.538,0.0,0.0,0.0,0.0,0.0,-1.0,-9.999999999999999e-31,0.0,0.7098,0.2749,0.002705,0.0007385,0.006708,-1.0,0.01527,1.168,1.445,1.429,1.476
0.0152,0.01508,7.5,2.2999999523,2.5794072884,2.299,1.479,4.0201,4.353,1.0,0.0,0.538,0.0,0.0,0.0,0.0,0.0,-1.0,-9.999999999999999e-31,0.0,0.7098,0.2749,0.002705,0.0007385,0.006708,-1.0,0.01526,1.073,1.383,1.363,1.42
0.0152,0.01508,7.5,2.4000000954,2.5823423892,2.399,1.552,4.033,4.35,1.0,0.0,0.538,0.0,0.0,0.0,0.0,0.0,-1.0,-9.999999999999999e-31,0.0,0.7098,0.2749,0.002705,0.0007385,0.006708,-1.0,0.01524,0.89,1.263,1.237,1.312
0.0152,0.01508,7.5,2.5999999046,2.5874412955,2.6,1.689,4.0567,4.343,1.0,0.0,0.538,0.0,0.0,0.0,0.0,0.0,-1.0,-9.999999999999999e-31,0.0,0.7092,0.2755,0.00271,0.0007399,0.00672,-1.0,0.01527,0.549,1.04,1.005,1.107
0.0152,0.01508,7.5,2.6458480358,2.5884859826,2.646,1.718,4.0617,4.341,1.0,0.0,0.538,0.0,0.0,0.0,0.0,0.0,-1.0,-9.999999999999999e-31,0.0,0.7092,0.2755,0.00271,0.0007399,0.00672,-1.0,0.01527,0.474,0.991,0.955,1.062
0.0152,0.01508,7.5,2.8000001907,2.5917117867,2.8,1.815,4.0779,4.334,1.0,0.0,0.538,0.0,0.0,0.0,0.0,0.0,-1.0,-9.999999999999999e-31,0.0,0.7092,0.2755,0.00271,0.0007399,0.00672,-1.0,0.01527,0.232,0.834,0.791,0.914
0.0152,0.01508,7.5,2.826761961,2.5922307436,2.827,1.831,4.0805,4.332,1.0,0.0,0.538,0.0,0.0,0.0,0.0,0.0,-1.0,-9.999999999999999e-31,0.0,0.7092,0.2755,0.00271,0.0007399,0.00672,-1.0,0.01527,0.192,0.807,0.763,0.889
0.0152,0.01508,7.5,3.0,2.5953341962,3.0,1.932,4.0971,4.323,1.0,0.0,0.538,0.0,0.0,0.0,0.0,0.0,-1.0,-9.999999999999999e-31,0.0,0.7092,0.2755,0.00271,0.0007399,0.00672,-1.0,0.01527,-0.061,0.642,0.593,0.734
0.0152,0.01508,7.5,3.2000000477,2.5984409005,3.199,2.042,4.1148,4.312,1.0,0.0,0.538,0.0,0.0,0.0,0.0,0.0,-1.0,-9.999999999999999e-31,0.0,0.7092,0.2755,0.00271,0.0007399,0.00672,-1.0,0.01527,-0.335,0.464,0.409,0.566
0.0152,0.01508,7.5,3.317107439,2.6000613453,3.316,2.103,4.1245,4.305,1.0,0.0,0.538,0.0,0.0,0.0,0.0,0.0,-1.0,-9.999999999999999e-31,0.0,0.7092,0.2755,0.00271,0.0007399,0.00672,-1.0,0.01527,-0.488,0.365,0.307,0.473
0.0152,0.01508,7.5,3.4000000954,2.6011310876,3.398,2.145,4.1312,4.301,1.0,0.0,0.538,0.0,0.0,0.0,0.0,0.0,-1.0,-9.999999999999999e-31,0.0,0.7092,0.2755,0.00271,0.0007399,0.00672,-1.0,0.01527,-0.593,0.297,0.237,0.408
0.0152,0.01508,7.5,3.6000001431,2.6034804607,3.598,2.243,4.1463,4.289,1.0,0.0,0.538,0.0,0.0,0.0,0.0,0.0,-1.0,-9.999999999999999e-31,0.0,0.7092,0.2755,0.00271,0.0007399,0.00672,-1.0,0.01527,-0.837,0.138,0.073,0.258
0.0152,0.01508,7.5,3.6105384827,2.6035959778,3.608,2.248,4.1471,4.288,1.0,0.0,0.538,0.0,0.0,0.0,0.0,0.0,-1.0,-9.999999999999999e-31,0.0,0.7092,0.2755,0.00271,0.0007399,0.00672,-1.0,0.01527,-0.849,0.13,0.065,0.25
0.0152,0.01508,7.5,3.8000001907,2.6055477311,3.798,2.335,4.1606,4.277,1.0,0.0,0.538,0.0,0.0,0.0,0.0,0.0,-1.0,-9.999999999999999e-31,0.0,0.7092,0.2755,0.00271,0.0007399,0.00672,-1.0,0.01527,-1.067,-0.011,-0.08,0.117
0.0152,0.01508,7.5,3.8747651577,2.606257798,3.874,2.368,4.1656,4.272,1.0,0.0,0.538,0.0,0.0,0.0,0.0,0.0,-1.0,-9.999999999999999e-31,0.0,0.7092,0.2755,0.00271,0.0007399,0.00672,-1.0,0.01527,-1.15,-0.065,-0.135,0.066
0.0152,0.01508,7.5,4.0,2.607379084,4.001,2.423,4.1738,4.265,1.0,0.0,0.538,0.0,0.0,0.0,0.0,0.0,-1.0,-9.999999999999999e-31,0.0,0.7092,0.2755,0.00271,0.0007399,0.00672,-1.0,0.01527,-1.287,-0.154,-0.227,-0.018
0.0152,0.01508,7.5,4.1545376778,2.608656146,4.153,2.488,4.1836,4.255,1.0,0.0,0.538,0.0,0.0,0.0,0.0,0.0,-1.0,-9.999999999999999e-31,0.0,0.7092,0.2755,0.00271,0.0007399,0.00672,-1.0,0.01527,-1.45,-0.26,-0.336,-0.119
0.0152,0.01508,7.5,4.1999998093,2.6090113217,4.198,2.507,4.1864,4.252,1.0,0.0,0.538,0.0,0.0,0.0,0.0,0.0,-1.0,-9.999999999999999e-31,0.0,0.7092,0.2755,0.00271,0.0007399,0.00672,-1.0,0.01527,-1.497,-0.291,-0.367,-0.148
0.0152,0.01508,7.5,4.3721613884,2.6102797002,4.369,2.576,4.1965,4.24,1.0,0.0,0.538,0.0,0.0,0.0,0.0,0.0,-1.0,-9.999999999999999e-31,0.0,0.7092,0.2755,0.00271,0.0007399,0.00672,-1.0,0.01527,-1.67,-0.405,-0.484,-0.257
0.0152,0.01508,7.5,4.4000000954,2.6104741055,4.397,2.587,4.1981,4.239,1.0,0.0,0.538,0.0,0.0,0.0,0.0,0.0,-1.0,-9.999999999999999e-31,0.0,0.7092,0.2755,0.00271,0.0007399,0.00672,-1.0,0.01527,-1.698,-0.423,-0.503,-0.274
0.0152,0.01508,7.5,4.5999999046,2.6117915791,4.597,2.664,4.2092,4.225,1.0,0.0,0.538,0.0,0.0,0.0,0.0,0.0,-1.0,-9.999999999999999e-31,0.0,0.7092,0.2755,0.00271,0.0007399,0.00672,-1.0,0.01527,-1.89,-0.551,-0.634,-0.395
0.0152,0.01508,7.5,4.6189770699,2.6119097913,4.617,2.671,4.2102,4.224,1.0,0.0,0.538,0.0,0.0,0.0,0.0,0.0,-1.0,-9.999999999999999e-31,0.0,0.7092,0.2755,0.00271,0.0007399,0.00672,-1.0,0.01527,-1.908,-0.562,-0.646,-0.407
0.0152,0.01508,7.5,4.8000001907,2.6129836005,4.798,2.738,4.2196,4.211,1.0,0.0,0.538,0.0,0.0,0.0,0.0,0.0,-1.0,-9.999999999999999e-31,0.0,0.7092,0.2755,0.00271,0.0007399,0.00672,-1.0,0.01527,-2.076,-0.675,-0.762,-0.514
0.0152,0.01508,7.5,4.8531384468,2.6132813733,4.851,2.758,4.2223,4.207,1.0,0.0,0.538,0.0,0.0,0.0,0.0,0.0,-1.0,-9.999999999999999e-31,0.0,0.7092,0.2755,0.00271,0.0007399,0.00672,-1.0,0.01527,-2.124,-0.708,-0.795,-0.545
0.0152,0.01508,7.5,5.0,2.6140666223,4.999,2.81,4.2294,4.196,1.0,0.0,0.538,0.0,0.0,0.0,0.0,0.0,-1.0,-9.999999999999999e-31,0.0,0.7092,0.2755,0.00271,0.0007399,0.00672,-1.0,0.01527,-2.256,-0.798,-0.888,-0.631
0.0152,0.01508,7.5,5.025724411,2.6141987462,5.025,2.82,4.2306,4.194,1.0,0.0,0.538,0.0,0.0,0.0,0.0,0.0,-1.0,-9.999999999999999e-31,0.0,0.7092,0.2755,0.00271,0.0007399,0.00672,-1.0,0.01527,-2.279,-0.814,-0.904,-0.646
0.0152,0.01508,7.5,5.1999998093,2.6150544,5.2,2.881,4.2386,4.179,1.0,0.0,0.538,0.0,0.0,0.0,0.0,0.0,-1.0,-9.999999999999999e-31,0.0,0.7092,0.2755,0.00271,0.0007399,0.00672,-1.0,0.01527,-2.432,-0.921,-1.013,-0.748
0.0152,0.01508,7.5,5.3481459618,2.6157315618,5.349,2.931,4.245,4.167,1.0,0.0,0.538,0.0,0.0,0.0,0.0,0.0,-1.0,-9.999999999999999e-31,0.0,0.7092,0.2755,0.00271,0.0007399,0.00672,-1.0,0.01527,-2.559,-1.01,-1.104,-0.834
0.0152,0.01508,7.5,5.3999996185,2.6159585084,5.401,2.949,4.2472,4.162,1.0,0.0,0.538,0.0,0.0,0.0,0.0,0.0,-1.0,-9.999999999999999e-31,0.0,0.7092,0.2755,0.00271,0.0007399,0.00672,-1.0,0.01527,-2.603,-1.041,-1.136,-0.864
0.0152,0.01508,7.5,5.5999994278,2.6167887546,5.601,3.016,4.2553,4.144,1.0,0.0,0.538,0.0,0.0,0.0,0.0,0.0,-1.0,-9.999999999999999e-31,0.0,0.7092,0.2755,0.00271,0.0007399,0.00672,-1.0,0.01527,-2.769,-1.16,-1.257,-0.978
0.0152,0.01508,7.5,5.7681298256,2.6174357191,5.769,3.07,4.2617,4.128,1.0,0.0,0.538,0.0,0.0,0.0,0.0,0.0,-1.0,-9.999999999999999e-31,0.0,0.7092,0.2755,0.00271,0.0007399,0.00672,-1.0,0.01527,-2.905,-1.259,-1.359,-1.074
0.0152,0.01508,7.5,5.8000001907,2.6175535027,5.801,3.08,4.2628,4.125,1.0,0.0,0.538,0.0,0.0,0.0,0.0,0.0,-1.0,-9.999999999999999e-31,0.0,0.7092,0.2755,0.00271,0.0007399,0.00672,-1.0,0.01527,-2.931,-1.278,-1.378,-1.092
0.0152,0.01508,7.5,5.9083404541,2.6179429927,5.909,3.115,4.2668,4.114,1.0,0.0,0.538,0.0,0.0,0.0,0.0,0.0,-1.0,-9.999999999999999e-31,0.0,0.7092,0.2755,0.00271,0.0007399,0.00672,-1.0,0.01527,-3.017,-1.342,-1.443,-1.153
0.0152,0.01508,7.5,6.0,2.6182599138,6.0,3.144,4.2699,4.104,1.0,0.0,0.538,0.0,0.0,0.0,0.0,0.0,-1.0,-9.999999999999999e-31,0.0,0.7092,0.2755,0.00271,0.0007399,0.00672,-1.0,0.01527,-3.09,-1.397,-1.499,-1.206
0.0152,0.01508,7.5,6.1944336891,2.6188966187,6.194,3.205,4.2762,4.082,1.0,0.0,0.538,0.0,0.0,0.0,0.0,0.0,-1.0,-9.999999999999999e-31,0.0,0.7092,0.2755,0.00271,0.0007399,0.00672,-1.0,0.01527,-3.242,-1.513,-1.617,-1.319
0.0152,0.01508,7.5,6.1999998093,2.6189141709,6.2,3.207,4.2764,4.081,1.0,0.0,0.538,0.0,0.0,0.0,0.0,0.0,-1.0,-9.999999999999999e-31,0.0,0.7092,0.2755,0.00271,0.0007399,0.00672,-1.0,0.01527,-3.246,-1.516,-1.62,-1.322
0.0152,0.01508,7.5,6.2517151833,2.6190755327,6.251,3.223,4.278,4.075,1.0,0.0,0.538,0.0,0.0,0.0,0.0,0.0,-1.0,-9.999999999999999e-31,0.0,0.7092,0.2755,0.00271,0.0007399,0.00672,-1.0,0.01527,-3.286,-1.547,-1.651,-1.352
0.0152,0.01508,7.5,6.4000000954,2.6195216279,6.399,3.269,4.2822,4.056,1.0,0.0,0.538,0.0,0.0,0.0,0.0,0.0,-1.0,-9.999999999999999e-31,0.0,0.7092,0.2755,0.00271,0.0007399,0.00672,-1.0,0.01527,-3.401,-1.639,-1.744,-1.441
0.0152,0.01508,7.5,6.5391740799,2.6199192178,6.537,3.311,4.2858,4.038,1.0,0.0,0.538,0.0,0.0,0.0,0.0,0.0,-1.0,-9.999999999999999e-31,0.0,0.7092,0.2755,0.00271,0.0007399,0.00672,-1.0,0.01527,-3.507,-1.724,-1.831,-1.525
0.0152,0.01508,7.5,6.7046518326,2.6203673366,6.702,3.361,4.2897,4.014,1.0,0.0,0.538,0.0,0.0,0.0,0.0,0.0,-1.0,-9.999999999999999e-31,0.0,0.7092,0.2755,0.00271,0.0007399,0.00672,-1.0,0.01527,-3.633,-1.828,-1.935,-1.626
0.0152,0.01508,7.5,6.8579411507,2.6207603366,6.854,3.407,4.2929,3.991,1.0,0.0,0.538,0.0,0.0,0.0,0.0,0.0,-1.0,-9.999999999999999e-31,0.0,0.7092,0.2755,0.00271,0.0007399,0.00672,-1.0,0.01527,-3.748,-1.925,-2.034,-1.722
0.0152,0.01508,7.5,7.0,2.621106928,6.996,3.45,4.2955,3.967,1.0,0.0,0.538,0.0,0.0,0.0,0.0,0.0,-1.0,-9.999999999999999e-31,0.0,0.7092,0.2755,0.00271,0.0007399,0.00672,-1.0,0.01527,-3.855,-2.019,-2.128,-1.813
0.0152,0.01508,7.5,7.000617981,2.6211084004,6.997,3.45,4.2955,3.967,1.0,0.0,0.538,0.0,0.0,0.0,0.0,0.0,-1.0,-9.999999999999999e-31,0.0,0.7092,0.2755,0.00271,0.0007399,0.00672,-1.0,0.01527,-3.856,-2.019,-2.129,-1.814
0.0152,0.01508,7.5,7.2064666748,2.6215827524,7.203,3.512,4.2979,3.927,1.0,0.0,0.538,0.0,0.0,0.0,0.0,0.0,-1.0,-9.999999999999999e-31,0.0,0.7092,0.2755,0.00271,0.0007399,0.00672,-1.0,0.01527,-4.01,-2.161,-2.272,-1.955
0.0152,0.01508,7.5,7.3772864342,2.6219533588,7.375,3.563,4.299,3.891,1.0,0.0,0.538,0.0,0.0,0.0,0.0,0.0,-1.0,-9.999999999999999e-31,0.0,0.7092,0.2755,0.00271,0.0007399,0.00672,-1.0,0.01527,-4.138,-2.284,-2.395,-2.077
0.0152,0.01508,7.5,7.5465435982,2.6223016093,7.545,3.614,4.2992,3.85,1.0,0.0,0.538,0.0,0.0,0.0,0.0,0.0,-1.0,-9.999999999999999e-31,0.0,0.7092,0.2755,0.00271,0.0007399,0.00672,-1.0,0.01527,-4.266,-2.412,-2.523,-2.205
0.0152,0.01508,7.5,7.7002038956,2.6226025692,7.7,3.662,4.2981,3.807,1.0,0.0,0.538,0.0,0.0,0.0,0.0,0.0,-1.0,-9.999999999999999e-31,0.0,0.7092,0.2755,0.00271,0.0007399,0.00672,-1.0,0.01527,-4.384,-2.539,-2.649,-2.332
0.0152,0.01508,7.5,7.8286428452,2.6228437335,7.829,3.702,4.296,3.766,1.0,0.0,0.538,0.0,0.0,0.0,0.0,0.0,-1.0,-9.999999999999999e-31,0.0,0.7092,0.2755,0.00271,0.0007399,0.00672,-1.0,0.01527,-4.485,-2.653,-2.763,-2.447
0.0152,0.01508,7.5,7.9830732346,2.6231219175,7.984,3.751,4.2921,3.71,1.0,0.0,0.538,0.0,0.0,0.0,0.0,0.0,-1.0,-9.999999999999999e-31,0.0,0.7092,0.2755,0.00271,0.0007399,0.00672,-1.0,0.01527,-4.607,-2.799,-2.908,-2.596
0.0152,0.01508,7.5,8.0,2.6231516585,8.001,3.756,4.2915,3.703,1.0,0.0,0.538,0.0,0.0,0.0,0.0,0.0,-1.0,-9.999999999999999e-31,0.0,0.7092,0.2755,0.00271,0.0007399,0.00672,-1.0,0.01527,-4.621,-2.816,-2.925,-2.613
0.0152,0.01508,7.5,8.0886306763,2.6233050515,8.089,3.784,4.2886,3.668,1.0,0.0,0.538,0.0,0.0,0.0,0.0,0.0,-1.0,-9.999999999999999e-31,0.0,0.7092,0.2755,0.00271,0.0007399,0.00672,-1.0,0.01527,-4.69,-2.903,-3.011,-2.701
0.0152,0.01508,7.5,8.2196731567,2.6235248912,8.219,3.826,4.282,3.607,1.0,0.0,0.538,0.0,0.0,0.0,0.0,0.0,-1.0,-9.999999999999999e-31,0.0,0.7092,0.2755,0.00271,0.0007399,0.00672,-1.0,0.01527,-4.795,-3.046,-3.153,-2.849
0.0152,0.01508,7.5,8.3374500275,2.6237157101,8.336,3.864,4.2748,3.546,1.0,0.0,0.538,0.0,0.0,0.0,0.0,0.0,-1.0,-9.999999999999999e-31,0.0,0.7092,0.2755,0.00271,0.0007399,0.00672,-1.0,0.01527,-4.89,-3.185,-3.29,-2.991
0.0152,0.01508,7.5,8.4433813095,2.623882118,8.441,3.9,4.2665,3.482,1.0,0.0,0.538,0.0,0.0,0.0,0.0,0.0,-1.0,-9.999999999999999e-31,0.0,0.7092,0.2755,0.00271,0.0007399,0.00672,-1.0,0.01527,-4.98,-3.324,-3.427,-3.135
0.0152,0.01508,7.5,8.5369129181,2.624025106,8.534,3.934,4.2592,3.424,1.0,0.0,0.538,0.0,0.0,0.0,0.0,0.0,-1.0,-9.999999999999999e-31,0.0,0.7092,0.2755,0.00271,0.0007399,0.00672,-1.0,0.01527,-5.066,-3.454,-3.554,-3.269
0.0152,0.01508,7.5,8.5832567215,2.6240946286,8.58,3.953,4.2573,3.4,1.0,0.0,0.538,0.0,0.0,0.0,0.0,0.0,-1.0,-9.999999999999999e-31,0.0,0.7092,0.2755,0.00271,0.0007399,0.00672,-1.0,0.01527,-5.112,-3.511,-3.611,-3.328
0.0152,0.01508,7.5,8.6276330948,2.6241603954,8.624,3.978,4.2684,3.421,1.0,0.0,0.538,0.0,0.0,0.0,0.0,0.0,-1.0,-9.999999999999999e-31,0.0,0.7092,0.2755,0.00271,0.0007399,0.00672,-1.0,0.01527,-5.176,-3.512,-3.615,-3.322
0.0152,0.01508,7.5,8.6405277252,2.6241793599,8.637,3.993,4.2801,3.454,1.0,0.0,0.538,0.0,0.0,0.0,0.0,0.0,-1.0,-9.999999999999999e-31,0.0,0.7092,0.2755,0.00271,0.0007399,0.00672,-1.0,0.01527,-5.212,-3.481,-3.587,-3.284
0.0152,0.01508,7.5,8.6453275681,2.6241864026,8.642,4.008,4.2922,3.488,1.0,0.0,0.538,0.0,0.0,0.0,0.0,0.0,-1.0,-9.999999999999999e-31,0.0,0.7092,0.2755,0.00271,0.0007399,0.00672,-1.0,0.01527,-5.249,-3.448,-3.558,-3.244
0.0152,0.01508,7.5,8.6474113464,2.6241894573,8.644,4.024,4.3031,3.515,1.0,0.0,0.538,0.0,0.0,0.0,0.0,0.0,-1.0,-9.999999999999999e-31,0.0,0.7092,0.2755,0.00271,0.0007399,0.00672,-1.0,0.01527,-5.291,-3.428,-3.541,-3.219
0.0152,0.01508,7.5,8.6484766006,2.6241910182,8.645,4.041,4.3118,3.534,1.0,0.0,0.538,0.0,0.0,0.0,0.0,0.0,-1.0,-9.999999999999999e-31,0.0,0.7092,0.2755,0.00271,0.0007399,0.00672,-1.0,0.01527,-5.331,-3.42,-3.535,-3.206
0.0152,0.01508,7.5,8.6487321854,2.6241913926,8.645,4.044,4.3136,3.538,1.0,0.0,0.538,0.0,0.0,0.0,0.0,0.0,-1.0,-9.999999999999999e-31,0.0,0.7092,0.2755,0.00271,0.0007399,0.00672,-1.0,0.01527,-5.339,-3.417,-3.533,-3.202
0.0152,0.01508,7.5,8.6493415833,2.6241922853,8.646,4.017,4.3048,3.529,2.0,0.0,0.538,0.0,0.0,0.0,0.0,0.0,-1.0,-9.999999999999999e-31,0.0,0.7092,0.2755,0.00271,0.0007399,0.00672,-1.0,0.01527,-5.272,-3.399,-3.512,-3.189
0.0152,0.01508,7.5,8.6496982574,2.6241928078,8.646,3.999,4.295,3.508,2.0,0.0,0.538,0.0,0.0,0.0,0.0,0.0,-1.0,-9.999999999999999e-31,0.0,0.7092,0.2755,0.00271,0.0007399,0.00672,-1.0,0.01527,-5.227,-3.409,-3.52,-3.204
0.0152,0.01508,7.5,8.6500701904,2.6241933525,8.646,3.989,4.2819,3.465,2.0,0.0,0.538,0.0,0.0,0.0,0.0,0.0,-1.0,-9.999999999999999e-31,0.0,0.7092,0.2755,0.00271,0.0007399,0.00672,-1.0,0.01527,-5.203,-3.46,-3.567,-3.263
0.0152,0.01508,7.5,8.6503973007,2.6241938315,8.647,3.989,4.2694,3.415,2.0,0.0,0.538,0.0,0.0,0.0,0.0,0.0,-1.0,-9.999999999999999e-31,0.0,0.7092,0.2755,0.00271,0.0007399,0.00672,-1.0,0.01527,-5.203,-3.533,-3.636,-3.342
0.0152,0.01508,7.5,8.6507062912,2.624194284,8.647,3.994,4.2572,3.361,2.0,0.0,0.538,0.0,0.0,0.0,0.0,0.0,-1.0,-9.999999999999999e-31,0.0,0.7092,0.2755,0.00271,0.0007399,0.00672,-1.0,0.01527,-5.216,-3.618,-3.717,-3.434
0.0152,0.01508,7.5,8.6510066986,2.6241947238,8.647,4.002,4.245,3.305,2.0,0.0,0.538,0.0,0.0,0.0,0.0,0.0,-1.0,-9.999999999999999e-31,0.0,0.7092,0.2755,0.00271,0.0007399,0.00672,-1.0,0.01527,-5.235,-3.708,-3.804,-3.532
0.0152,0.01508,7.5,8.6512975693,2.6241951497,8.647,4.01,4.2329,3.249,2.0,0.0,0.538,0.0,0.0,0.0,0.0,0.0,-1.0,-9.999999999999999e-31,0.0,0.7092,0.2755,0.00271,0.0007399,0.00672,-1.0,0.01527,-5.254,-3.797,-3.89,-3.628
0.0152,0.01508,7.5,8.6515836716,2.6241955685,8.648,4.016,4.2208,3.194,2.0,0.0,0.538,0.0,0.0,0.0,0.0,0.0,-1.0,-9.999999999999999e-31,0.0,0.7092,0.2755,0.00271,0.0007399,0.00672,-1.0,0.01527,-5.271,-3.884,-3.973,-3.722
0.0152,0.01508,7.5,8.6518611908,2.6241959747,8.648,4.021,4.2087,3.14,2.0,0.0,0.538,0.0,0.0,0.0,0.0,0.0,-1.0,-9.999999999999999e-31,0.0,0.7092,0.2755,0.00271,0.0007399,0.00672,-1.0,0.01527,-5.284,-3.967,-4.052,-3.813
0.0152,0.01508,7.5,8.6521320343,2.6241963712,8.648,4.025,4.1966,3.088,2.0,0.0,0.538,0.0,0.0,0.0,0.0,0.0,-1.0,-9.999999999999999e-31,0.0,0.7092,0.2755,0.00271,0.0007399,0.00672,-1.0,0.01527,-5.293,-4.046,-4.129,-3.9
0.0152,0.01508,7.5,8.6523942947,2.624196755,8.648,4.028,4.1845,3.037,2.0,0.0,0.538,0.0,0.0,0.0,0.0,0.0,-1.0,-9.999999999999999e-31,0.0,0.7092,0.2755,0.00271,0.0007399,0.00672,-1.0,0.01527,-5.3,-4.123,-4.202,-3.984
0.0152,0.01508,7.5,8.6526470184,2.6241971249,8.649,4.03,4.1725,2.987,2.0,0.0,0.538,0.0,0.0,0.0,0.0,0.0,-1.0,-9.999999999999999e-31,0.0,0.7092,0.2755,0.00271,0.0007399,0.00672,-1.0,0.01527,-5.305,-4.197,-4.272,-4.066
0.0152,0.01508,7.5,8.6528902054,2.6241974808,8.649,4.031,4.1604,2.937,2.0,0.0,0.538,0.0,0.0,0.0,0.0,0.0,-1.0,-9.999999999999999e-31,0.0,0.7092,0.2755,0.00271,0.0007399,0.00672,-1.0,0.01527,-5.308,-4.269,-4.34,-4.145
0.0152,0.01508,7.5,8.653181076,2.6241979064,8.649,4.032,4.1453,2.877,2.0,0.0,0.538,0.0,0.0,0.0,0.0,0.0,-1.0,-9.999999999999999e-31,0.0,0.7092,0.2755,0.00271,0.0007399,0.00672,-1.0,0.01527,-5.309,-4.356,-4.422,-4.242
0.0152,0.01508,7.5,8.6534032822,2.6241982316,8.65,4.031,4.1332,2.829,2.0,0.0,0.538,0.0,0.0,0.0,0.0,0.0,-1.0,-9.999999999999999e-31,0.0,0.7092,0.2755,0.00271,0.0007399,0.00672,-1.0,0.01527,-5.308,-4.423,-4.485,-4.316
0.0152,0.01508,7.5,8.6536159515,2.6241985427,8.65,4.031,4.1211,2.781,2.0,0.0,0.538,0.0,0.0,0.0,0.0,0.0,-1.0,-9.999999999999999e-31,0.0,0.7092,0.2755,0.00271,0.0007399,0.00672,-1.0,0.01527,-5.306,-4.488,-4.546,-4.39
0.0152,0.01508,7.5,8.6538181305,2.6241988385,8.65,4.029,4.1091,2.734,2.0,0.0,0.538,0.0,0.0,0.0,0.0,0.0,-1.0,-9.999999999999999e-31,0.0,0.7092,0.2755,0.00271,0.0007399,0.00672,-1.0,0.01527,-5.303,-4.552,-4.606,-4.461
0.0152,0.01508,7.5,8.6540117264,2.6241991218,8.65,4.028,4.0971,2.688,2.0,0.0,0.538,0.0,0.0,0.0,0.0,0.0,-1.0,-9.999999999999999e-31,0.0,0.7092,0.2755,0.00271,0.0007399,0.00672,-1.0,0.01527,-5.299,-4.613,-4.663,-4.53
0.0152,0.01508,7.5,8.6541976929,2.6241993938,8.65,4.026,4.085,2.641,2.0,0.0,0.538,0.0,0.0,0.0,0.0,0.0,-1.0,-9.999999999999999e-31,0.0,0.7092,0.2755,0.00271,0.0007399,0.00672,-1.0,0.01527,-5.294,-4.672,-4.718,-4.598
0.0152,0.01508,7.5,8.6543741226,2.6241996519,8.65,4.023,4.0729,2.595,2.0,0.0,0.538,0.0,0.0,0.0,0.0,0.0,-1.0,-9.999999999999999e-31,0.0,0.7092,0.2755,0.00271,0.0007399,0.00672,-1.0,0.01527,-5.288,-4.73,-4.772,-4.663
0.0152,0.01508,7.5,8.6545419693,2.6241998974,8.651,4.021,4.0609,2.55,2.0,0.0,0.538,0.0,0.0,0.0,0.0,0.0,-1.0,-9.999999999999999e-31,0.0,0.7092,0.2755,0.00271,0.0007399,0.00672,-1.0,0.01527,-5.282,-4.785,-4.823,-4.726
0.0152,0.01508,7.5,8.6547021866,2.6242001318,8.651,4.018,4.0488,2.505,2.0,0.0,0.538,0.0,0.0,0.0,0.0,0.0,-1.0,-9.999999999999999e-31,0.0,0.7092,0.2755,0.00271,0.0007399,0.00672,-1.0,0.01527,-5.274,-4.839,-4.872,-4.788
0.0152,0.01508,7.5,8.6548547745,2.624200355,8.651,4.014,4.0367,2.46,2.0,0.0,0.538,0.0,0.0,0.0,0.0,0.0,-1.0,-9.999999999999999e-31,0.0,0.7092,0.2755,0.00271,0.0007399,0.00672,-1.0,0.01527,-5.266,-4.889,-4.918,-4.847
0.0152,0.01508,7.5,8.654999733,2.624200567,8.651,4.011,4.0247,2.415,2.0,0.0,0.538,0.0,0.0,0.0,0.0,0.0,-1.0,-9.999999999999999e-31,0.0,0.7092,0.2755,0.00271,0.0007399,0.00672,-1.0,0.01527,-5.257,-4.937,-4.961,-4.903
0.0152,0.01508,7.5,8.6551380157,2.6242007692,8.651,4.007,4.0127,2.37,2.0,0.0,0.538,0.0,0.0,0.0,0.0,0.0,-1.0,-9.999999999999999e-31,0.0,0.7092,0.2755,0.00271,0.0007399,0.00672,-1.0,0.01527,-5.248,-4.984,-5.003,-4.958
0.0152,0.01508,7.5,8.6552705765,2.6242009631,8.651,4.003,4.0006,2.326,2.0,0.0,0.538,0.0,0.0,0.0,0.0,0.0,-1.0,-9.999999999999999e-31,0.0,0.7092,0.2755,0.00271,0.0007399,0.00672,-1.0,0.01527,-5.239,-5.028,-5.043,-5.012
0.0152,0.01508,7.5,8.6553955078,2.6242011458,8.652,4.0,3.9886,2.282,2.0,0.0,0.538,0.0,0.0,0.0,0.0,0.0,-1.0,-9.999999999999999e-31,0.0,0.7092,0.2755,0.00271,0.0007399,0.00672,-1.0,0.01527,-5.229,-5.071,-5.08,-5.064
0.0152,0.01508,7.5,8.6555147171,2.6242013201,8.652,3.995,3.9766,2.238,2.0,0.0,0.538,0.0,0.0,0.0,0.0,0.0,-1.0,-9.999999999999999e-31,0.0,0.7092,0.2755,0.00271,0.0007399,0.00672,-1.0,0.01527,-5.218,-5.112,-5.116,-5.113
0.0152,0.01508,7.5,8.6556282043,2.6242014861,8.652,3.991,3.9646,2.195,2.0,0.0,0.538,0.0,0.0,0.0,0.0,0.0,-1.0,-9.999999999999999e-31,0.0,0.7092,0.2755,0.00271,0.0007399,0.00672,-1.0,0.01527,-5.208,-5.15,-5.149,-5.161
0.0152,0.01508,7.5,8.6557369232,2.6242016451,8.652,3.987,3.9527,2.151,2.0,0.0,0.538,0.0,0.0,0.0,0.0,0.0,-1.0,-9.999999999999999e-31,0.0,0.7092,0.2755,0.00271,0.0007399,0.00672,-1.0,0.01527,-5.197,-5.185,-5.179,-5.207
0.0152,0.01508,7.5,8.6558418274,2.6242017985,8.652,3.982,3.9407,2.108,2.0,0.0,0.538,0.0,0.0,0.0,0.0,0.0,-1.0,-9.999999999999999e-31,0.0,0.7092,0.2755,0.00271,0.0007399,0.00672,-1.0,0.01527,-5.185,-5.218,-5.205,-5.252
0.0152,0.01508,7.5,8.6559410095,2.6242019435,8.652,3.977,3.9287,2.065,2.0,0.0,0.538,0.0,0.0,0.0,0.0,0.0,-1.0,-9.999999999999999e-31,0.0,0.7092,0.2755,0.00271,0.0007399,0.00672,-1.0,0.01527,-5.173,-5.245,-5.225,-5.293
0.0152,0.01508,7.5,8.656036377,2.6242020829,8.652,3.972,3.9167,2.021,2.0,0.0,0.538,0.0,0.0,0.0,0.0,0.0,-1.0,-9.999999999999999e-31,0.0,0.7092,0.2755,0.00271,0.0007399,0.00672,-1.0,0.01527,-5.161,-5.265,-5.235,-5.331
0.0152,0.01508,7.5,8.6561260223,2.624202214,8.652,3.967,3.9047,1.978,2.0,0.0,0.538,0.0,0.0,0.0,0.0,0.0,-1.0,-9.999999999999999e-31,0.0,0.7092,0.2755,0.00271,0.0007399,0.00672,-1.0,0.01527,-5.149,-5.279,-5.237,-5.367
0.0152,0.01508,7.5,8.6562128067,2.6242023409,8.652,3.962,3.8926,1.935,2.0,0.0,0.538,0.0,0.0,0.0,0.0,0.0,-1.0,-9.999999999999999e-31,0.0,0.7092,0.2755,0.00271,0.0007399,0.00672,-1.0,0.01527,-5.136,-5.287,-5.232,-5.401
0.0152,0.01508,7.5,8.6563158035,2.6242024915,8.652,3.956,3.8775,1.882,2.0,0.0,0.538,0.0,0.0,0.0,0.0,0.0,-1.0,-9.999999999999999e-31,0.0,0.7092,0.2755,0.00271,0.0007399,0.00672,-1.0,0.01527,-5.119,-5.288,-5.212,-5.437
0.0152,0.01508,7.5,8.6563930511,2.6242026044,8.652,3.95,3.8656,1.839,2.0,0.0,0.538,0.0,0.0,0.0,0.0,0.0,-1.0,-9.999999999999999e-31,0.0,0.7092,0.2755,0.00271,0.0007399,0.00672,-1.0,0.01527,-5.106,-5.284,-5.19,-5.465
0.0152,0.01508,7.5,8.6564846039,2.6242027383,8.653,3.943,3.8505,1.786,2.0,0.0,0.538,0.0,0.0,0.0,0.0,0.0,-1.0,-9.999999999999999e-31,0.0,0.7092,0.2755,0.00271,0.0007399,0.00672,-1.0,0.01527,-5.088,-5.274,-5.153,-5.497
0.0152,0.01508,7.5,8.6565542221,2.6242028401,8.653,3.937,3.8384,1.744,2.0,0.0,0.538,0.0,0.0,0.0,0.0,0.0,-1.0,-9.999999999999999e-31,0.0,0.7092,0.2755,0.00271,0.0007399,0.00672,-1.0,0.01527,-5.073,-5.262,-5.117,-5.522
0.0152,0.01508,7.5,8.6566371918,2.6242029614,8.653,3.93,3.8234,1.691,2.0,0.0,0.538,0.0,0.0,0.0,0.0,0.0,-1.0,-9.999999999999999e-31,0.0,0.7092,0.2755,0.00271,0.0007399,0.00672,-1.0,0.01527,-5.054,-5.242,-5.066,-5.547
0.0152,0.01508,7.5,8.6566991806,2.624203052,8.653,3.924,3.8114,1.649,2.0,0.0,0.538,0.0,0.0,0.0,0.0,0.0,-1.0,-9.999999999999999e-31,0.0,0.7092,0.2755,0.00271,0.0007399,0.00672,-1.0,0.01527,-5.039,-5.224,-5.022,-5.565
0.0152,0.01508,7.5,8.6567573547,2.624203137,8.653,3.917,3.7994,1.608,2.0,0.0,0.538,0.0,0.0,0.0,0.0,0.0,-1.0,-9.999999999999999e-31,0.0,0.7092,0.2755,0.00271,0.0007399,0.00672,-1.0,0.01527,-5.023,-5.202,-4.973,-5.58
0.0152,0.01508,7.5,8.6568145752,2.6242032207,8.653,3.91,3.7873,1.566,2.0,0.0,0.538,0.0,0.0,0.0,0.0,0.0,-1.0,-9.999999999999999e-31,0.0,0.7092,0.2755,0.00271,0.0007399,0.00672,-1.0,0.01527,-5.006,-5.178,-4.919,-5.593
0.0152,0.01508,7.5,8.656867981,2.6242032987,8.653,3.903,3.7754,1.525,2.0,0.0,0.538,0.0,0.0,0.0,0.0,0.0,-1.0,-9.999999999999999e-31,0.0,0.7092,0.2755,0.00271,0.0007399,0.00672,-1.0,0.01527,-4.989,-5.152,-4.859,-5.606
0.0152,0.01508,7.5,8.6569185257,2.6242033726,8.653,3.896,3.7633,1.484,2.0,0.0,0.538,0.0,0.0,0.0,0.0,0.0,-1.0,-9.999999999999999e-31,0.0,0.7092,0.2755,0.00271,0.0007399,0.00672,-1.0,0.01527,-4.971,-5.12,-4.793,-5.613
0.0152,0.01508,7.5,8.6569671631,2.6242034437,8.653,3.889,3.7513,1.444,2.0,0.0,0.538,0.0,0.0,0.0,0.0,0.0,-1.0,-9.999999999999999e-31,0.0,0.7092,0.2755,0.00271,0.0007399,0.00672,-1.0,0.01527,-4.952,-5.086,-4.728,-5.611
0.0152,0.01508,7.5,8.6570138931,2.624203512,8.653,3.881,3.7393,1.404,2.0,0.0,0.538,0.0,0.0,0.0,0.0,0.0,-1.0,-9.999999999999999e-31,0.0,0.7092,0.2755,0.00271,0.0007399,0.00672,-1.0,0.01527,-4.932,-5.047,-4.655,-5.606
0.0152,0.01508,7.5,8.6570577621,2.6242035762,8.653,3.873,3.7276,1.365,2.0,0.0,0.538,0.0,0.0,0.0,0.0,0.0,-1.0,-9.999999999999999e-31,0.0,0.7092,0.2755,0.00271,0.0007399,0.00672,-1.0,0.01527,-4.911,-5.004,-4.581,-5.592
0.0152,0.01508,7.5,8.6570997238,2.6242036375,8.653,3.864,3.7158,1.327,2.0,0.0,0.538,0.0,0.0,0.0,0.0,0.0,-1.0,-9.999999999999999e-31,0.0,0.7092,0.2755,0.00271,0.0007399,0.00672,-1.0,0.01527,-4.889,-4.956,-4.502,-5.572
0.0152,0.01508,7.5,8.6571407318,2.6242036974,8.653,3.854,3.7046,1.291,2.0,0.0,0.538,0.0,0.0,0.0,0.0,0.0,-1.0,-9.999999999999999e-31,0.0,0.7092,0.2755,0.00271,0.0007399,0.00672,-1.0,0.01527,-4.866,-4.904,-4.42,-5.547
0.0152,0.01508,7.5,8.6571798325,2.6242037546,8.653,3.844,3.6939,1.258,2.0,0.0,0.538,0.0,0.0,0.0,0.0,0.0,-1.0,-9.999999999999999e-31,0.0,0.7092,0.2755,0.00271,0.0007399,0.00672,-1.0,0.01527,-4.841,-4.848,-4.336,-5.515
0.0152,0.01508,7.5,8.6572208405,2.6242038145,8.653,3.833,3.6836,1.229,2.0,0.0,0.538,0.0,0.0,0.0,0.0,0.0,-1.0,-9.999999999999999e-31,0.0,0.7092,0.2755,0.00271,0.0007399,0.00672,-1.0,0.01527,-4.812,-4.787,-4.25,-5.476
0.0152,0.01508,7.5,8.6572666168,2.6242038815,8.653,3.819,3.6738,1.204,2.0,0.0,0.538,0.0,0.0,0.0,0.0,0.0,-1.0,-9.999999999999999e-31,0.0,0.7092,0.2755,0.00271,0.0007399,0.00672,-1.0,0.01527,-4.777,-4.723,-4.166,-5.427
0.0152,0.01508,7.5,8.6573209763,2.6242039609,8.653,3.802,3.6645,1.184,2.0,0.0,0.538,0.0,0.0,0.0,0.0,0.0,-1.0,-9.999999999999999e-31,0.0,0.7092,0.2755,0.00271,0.0007399,0.00672,-1.0,0.01527,-4.734,-4.647,-4.071,-5.366
0.0152,0.01508,7.5,8.6573953629,2.6242040696,8.653,3.781,3.6561,1.171,2.0,0.0,0.538,0.0,0.0,0.0,0.0,0.0,-1.0,-9.999999999999999e-31,0.0,0.7092,0.2755,0.00271,0.0007399,0.00672,-1.0,0.01527,-4.681,-4.56,-3.964,-5.294
0.0152,0.01508,7.5,8.6574935913,2.6242042132,8.654,3.755,3.6482,1.165,2.0,0.0,0.538,0.0,0.0,0.0,0.0,0.0,-1.0,-9.999999999999999e-31,0.0,0.7092,0.2755,0.00271,0.0007399,0.00672,-1.0,0.01527,-4.618,-4.459,-3.84,-5.212
0.0152,0.01508,7.5,8.6576099396,2.6242043833,8.654,3.733,3.6398,1.154,2.0,0.0,0.538,0.0,0.0,0.0,0.0,0.0,-1.0,-9.999999999999999e-31,0.0,0.7092,0.2755,0.00271,0.0007399,0.00672,-1.0,0.01527,-4.562,-4.361,-3.716,-5.134
0.0152,0.01508,7.5,8.6576490402,2.6242044404,8.654,3.727,3.637,1.148,2.0,0.0,0.538,0.0,0.0,0.0,0.0,0.0,-1.0,-9.999999999999999e-31,0.0,0.7092,0.2755,0.00271,0.0007399,0.00672,-1.0,0.01527,-4.549,-4.333,-3.678,-5.113
0.0152,0.01508,7.5,8.6577281952,2.6242045561,8.654,3.744,3.6303,1.105,2.0,0.0,0.537,0.0,0.0,0.0,0.0,0.0,-1.0,-9.999999999999999e-31,0.0,0.7092,0.2755,0.002709,0.0007402,0.00672,-1.0,0.01527,-4.589,-4.338,-3.659,-5.135
0.0152,0.01508,7.5,8.6578168869,2.6242046857,8.654,3.78,3.6221,1.036,3.0,0.0,0.535,30.72,22.76,16.0,11.57,9.56,4.0,-9.999999999999999e-31,0.0,0.7092,0.2755,0.002699,0.0007435,0.00672,-1.0,0.01527,-4.679,-4.381,-3.67,-5.2
0.0152,0.01508,7.5,8.6578702927,2.6242047638,8.654,3.82,3.6164,0.973,3.0,0.0,0.525,35.48,25.51,17.84,12.92,10.68,4.0,-9.999999999999999e-31,0.0,0.7092,0.2755,0.002645,0.0007762,0.00672,-1.0,0.01528,-4.78,-4.447,-3.711,-5.282
0.0152,0.01508,7.5,8.6579113007,2.6242048237,8.654,3.858,3.6117,0.916,3.0,0.0,0.502,40.4,28.28,19.68,14.28,11.81,4.0,-9.999999999999999e-31,0.0,0.7091,0.2755,0.002532,0.0008769,0.00672,-1.0,0.01535,-4.876,-4.512,-3.755,-5.361
0.0152,0.01508,7.5,8.657948494,2.6242048781,8.654,3.896,3.6074,0.861,3.0,0.0,0.472,45.75,31.21,21.62,15.71,12.99,4.0,-9.999999999999999e-31,0.0,0.7091,0.2755,0.002381,0.001048,0.00672,-1.0,0.01537,-4.969,-4.577,-3.798,-5.439
0.0152,0.01508,7.5,8.6579656601,2.6242049031,8.654,3.914,3.6054,0.835,3.0,0.0,0.458,48.54,32.71,22.62,16.44,13.6,4.0,-9.999999999999999e-31,0.0,0.7091,0.2755,0.002309,0.001135,0.00672,-1.0,0.01537,-5.014,-4.607,-3.819,-5.476
0.0152,0.01508,7.5,8.6579866409,2.6242049338,8.654,3.934,3.6033,0.806,3.0,0.0,0.447,51.82,34.45,23.77,17.29,14.3,4.0,-9.999999999999999e-31,0.0,0.7091,0.2756,0.002253,0.001204,0.00672,-1.0,0.01536,-5.065,-4.643,-3.844,-5.519
0.0152,0.01508,7.5,8.6580276489,2.6242049937,8.654,3.973,3.5993,0.752,3.0,0.0,0.428,58.69,38.03,26.12,19.03,15.75,4.0,-9.999999999999999e-31,0.0,0.7091,0.2756,0.002156,0.001323,0.00672,-1.0,0.0153,-5.162,-4.712,-3.891,-5.6
0.0152,0.01508,7.5,8.658039093,2.6242050105,8.654,3.983,3.5984,0.738,3.0,0.0,0.424,60.54,38.98,26.74,19.49,16.13,4.0,-9.999999999999999e-31,0.0,0.7091,0.2756,0.002139,0.001344,0.00672,-1.0,0.01532,-5.186,-4.728,-3.902,-5.62
0.0152,0.01508,7.5,8.6580972672,2.6242050955,8.654,4.023,3.5944,0.682,3.0,0.0,0.412,68.83,43.15,29.46,21.51,17.8,4.0,-9.999999999999999e-31,0.0,0.709,0.2756,0.002075,0.001425,0.006719,-1.0,0.01535,-5.287,-4.797,-3.947,-5.703
0.0152,0.01508,7.5,8.6582050323,2.6242052529,8.654,4.069,3.5898,0.618,3.0,0.0,0.401,79.7,48.47,32.92,24.07,19.93,4.0,-9.999999999999999e-31,0.0,0.7087,0.276,0.002012,0.001531,0.006686,-1.0,0.01537,-5.402,-4.875,-3.996,-5.797
0.0152,0.01508,7.5,8.6584310532,2.6242055832,8.655,4.106,3.586,0.565,3.0,0.0,0.396,89.8,53.28,36.04,26.39,21.85,4.0,-9.999999999999999e-31,0.0,0.7073,0.2773,0.001958,0.00168,0.006591,-1.0,0.01537,-5.495,-4.933,-4.027,-5.871
0.0152,0.01508,7.5,8.6590747833,2.6242065238,8.655,4.15,3.5815,0.503,3.0,0.0,0.394,103.51,59.63,40.13,29.43,24.38,4.0,-9.999999999999999e-31,0.0,0.7028,0.2819,0.001889,0.001943,0.006389,-1.0,0.01538,-5.605,-5.002,-4.064,-5.958
0.0152,0.01508,7.5,8.6598405838,2.6242076425,8.656,4.189,3.5776,0.449,3.0,0.0,0.393,117.19,65.8,44.08,32.38,26.83,4.0,-9.999999999999999e-31,0.0,0.6967,0.2879,0.001832,0.002174,0.006206,-1.0,0.01536,-5.703,-5.059,-4.085,-6.033
0.0152,0.01508,7.5,8.6606454849,2.6242088181,8.657,4.219,3.5748,0.407,3.0,0.0,0.393,128.73,70.89,47.33,34.81,28.85,4.0,-9.999999999999999e-31,0.0,0.6916,0.293,0.001794,0.002328,0.006083,-1.0,0.01536,-5.778,-5.101,-4.097,-6.089
0.0152,0.01508,7.5,8.6616849899,2.6242103359,8.658,4.243,3.5725,0.375,3.0,0.0,0.393,138.66,75.19,50.07,36.85,30.55,4.0,-9.999999999999999e-31,0.0,0.6877,0.297,0.00177,0.00243,0.006001,-1.0,0.01535,-5.837,-5.135,-4.108,-6.134
0.0152,0.01508,7.5,8.6638154984,2.6242134455,8.66,4.269,3.5701,0.339,3.0,0.0,0.393,150.58,80.27,53.3,39.26,32.55,4.0,-9.999999999999999e-31,0.0,0.6836,0.3011,0.001746,0.002528,0.005922,-1.0,0.01531,-5.903,-5.173,-4.121,-6.185
0.0152,0.01508,7.5,8.6766395569,2.6242321259,8.673,4.248,3.5726,0.371,4.0,0.0,0.393,0.0,0.0,0.0,0.0,0.0,-1.0,-9.999999999999999e-31,0.0,0.6836,0.3011,0.001746,0.002528,0.005922,-1.0,0.01531,-5.85,-5.149,-4.123,-6.148
0.0152,0.01508,7.5,8.6951179504,2.6242589313,8.691,4.212,3.5768,0.425,4.0,0.0,0.393,0.0,0.0,0.0,0.0,0.0,-1.0,-9.999999999999999e-31,0.0,0.6836,0.3011,0.001746,0.002528,0.005922,-1.0,0.01531,-5.759,-5.105,-4.122,-6.084
0.0152,0.01508,7.5,8.7099370956,2.6242803341,8.706,4.176,3.5807,0.477,4.0,0.0,0.393,0.0,0.0,0.0,0.0,0.0,-1.0,-9.999999999999999e-31,0.0,0.6836,0.3011,0.001746,0.002528,0.005922,-1.0,0.01531,-5.669,-5.059,-4.114,-6.018
0.0152,0.01508,7.5,8.722782135,2.624298818,8.718,4.141,3.5846,0.527,4.0,0.0,0.393,0.0,0.0,0.0,0.0,0.0,-1.0,-9.999999999999999e-31,0.0,0.6836,0.3011,0.001746,0.002529,0.005922,-1.0,0.01531,-5.584,-5.009,-4.091,-5.952
