Zini,MH,logAge,Mini,int_IMF,Mass,LogL,LogTe,logg,label,McoreTP,C_O,period0,period1,period2,period3,period4,pmode,Mloss,tau1m,X,Y,Xc,Xn,Xo,Cexcess,Z,mbolmag,Gmag,G_BPmag,G_RPmag
0.0152,0.01508,9.0,0.0900000036,1.0816895926,0.09,-3.384,3.3657,5.191,0.0,0.0,0.545,0.0,0.0,0.0,0.0,0.0,-1.0,-4.43e-17,0.0,0.7091,0.2756,0.002746,0.0007408,0.006719,-1.0,0.01527,13.23,15.283,18.2,13.793
0.0152,0.01508,9.0,0.0900000036,1.0816895926,0.09,-3.384,3.3657,5.191,0.0,0.0,0.545,0.0,0.0,0.0,0.0,0.0,-1.0,-4.43e-17,0.0,0.7091,0.2756,0.002746,0.0007408,0.006719,-1.0,0.01527,13.23,15.283,18.2,13.793
0.0152,0.01508,9.0,0.1000000015,1.1711064122,0.1,-3.222,3.3893,5.17,0.0,0.0,0.545,0.0,0.0,0.0,0.0,0.0,-1.0,-6.24e-17,0.0,0.7091,0.2757,0.002746,0.0007408,0.006719,-1.0,0.01527,12.826,14.878,17.787,13.389
0.0152,0.01508,9.0,0.1200000122,1.3193155232,0.12,-2.975,3.4228,5.135,0.0,0.0,0.545,0.0,0.0,0.0,0.0,0.0,-1.0,-1.05e-16,0.0,0.709,0.2757,0.002746,0.0007408,0.006719,-1.0,0.01527,12.208,14.181,16.968,12.71
0.0152,0.01508,9.0,0.1229617968,1.3385280703,0.123,-2.948,3.4259,5.131,0.0,0.0,0.545,0.0,0.0,0.0,0.0,0.0,-1.0,-1.1e-16,0.0,0.709,0.2757,0.002746,0.0007408,0.006719,-1.0,0.01527,12.14,14.067,16.791,12.608
0.0152,0.01508,9.0,0.1400000006,1.4384526719,0.14,-2.794,3.443,5.102,0.0,0.0,0.545,0.0,0.0,0.0,0.0,0.0,-1.0,-1.52e-16,0.0,0.7089,0.2758,0.002746,0.0007408,0.006719,-1.0,0.01527,11.755,13.453,15.87,12.048
0.0152,0.01508,9.0,0.1493833214,1.4869667073,0.149,-2.726,3.4495,5.088,0.0,0.0,0.545,0.0,0.0,0.0,0.0,0.0,-1.0,-1.75e-16,0.0,0.7089,0.2758,0.002746,0.0007408,0.006719,-1.0,0.01527,11.585,13.199,15.504,11.814
0.0152,0.01508,9.0,0.1599999964,1.5372931554,0.16,-2.653,3.4565,5.073,0.0,0.0,0.545,0.0,0.0,0.0,0.0,0.0,-1.0,-2.03e-16,0.0,0.7088,0.2759,0.002746,0.0007408,0.006719,-1.0,0.01527,11.403,12.929,15.112,11.569
0.0152,0.01508,9.0,0.200000003,1.6938790862,0.2,-2.438,3.4752,5.03,0.0,0.0,0.545,0.0,0.0,0.0,0.0,0.0,-1.0,-3.14e-16,0.0,0.7087,0.276,0.002746,0.0007408,0.006719,-1.0,0.01527,10.865,12.173,14.063,10.877
0.0152,0.01508,9.0,0.25,1.8403257998,0.25,-2.236,3.4916,4.991,0.0,0.0,0.545,0.0,0.0,0.0,0.0,0.0,-1.0,-4.67e-16,0.0,0.7086,0.2761,0.002746,0.0007408,0.006719,-1.0,0.01527,10.36,11.49,13.148,10.253
0.0152,0.01508,9.0,0.3135807216,1.9793376999,0.314,-2.035,3.5051,4.941,0.0,0.0,0.545,0.0,0.0,0.0,0.0,0.0,-1.0,-7.02e-16,0.0,0.7089,0.2759,0.002746,0.0007408,0.006719,-1.0,0.01527,9.856,10.867,12.38,9.673
0.0152,0.01508,9.0,0.3194214404,1.9902485023,0.319,-2.016,3.5062,4.935,0.0,0.0,0.545,0.0,0.0,0.0,0.0,0.0,-1.0,-7.31e-16,0.0,0.7089,0.2758,0.002746,0.0007408,0.006719,-1.0,0.01527,9.81,10.812,12.312,9.621
0.0152,0.01508,9.0,0.3466126919,2.037830589,0.347,-1.938,3.5118,4.916,0.0,0.0,0.545,0.0,0.0,0.0,0.0,0.0,-1.0,-8.59e-16,0.0,0.7091,0.2756,0.002746,0.0007408,0.006719,-1.0,0.01527,9.616,10.571,12.017,9.398
0.0152,0.01508,9.0,0.3500000238,2.0434175133,0.35,-1.929,3.5125,4.913,0.0,0.0,0.545,0.0,0.0,0.0,0.0,0.0,-1.0,-8.75e-16,0.0,0.7091,0.2756,0.002746,0.0007408,0.006719,-1.0,0.01527,9.593,10.543,11.982,9.372
0.0152,0.01508,9.0,0.4000000358,2.118502481,0.4,-1.781,3.5233,4.866,0.0,0.0,0.545,0.0,0.0,0.0,0.0,0.0,-1.0,-1.22e-15,0.0,0.7092,0.2755,0.002746,0.0007408,0.006719,-1.0,0.01527,9.221,10.091,11.435,8.952
0.0152,0.01508,9.0,0.4500000477,2.1822809714,0.45,-1.631,3.5353,4.815,0.0,0.0,0.545,0.0,0.0,0.0,0.0,0.0,-1.0,-1.72e-15,0.0,0.7092,0.2755,0.002746,0.0007408,0.006719,-1.0,0.01527,8.847,9.635,10.888,8.53
0.0152,0.01508,9.0,0.5,2.2374541529,0.5,-1.476,3.5498,4.764,0.0,0.0,0.545,0.0,0.0,0.0,0.0,0.0,-1.0,-2.47e-15,0.0,0.7092,0.2755,0.002746,0.0007408,0.006719,-1.0,0.01527,8.459,9.156,10.312,8.092
0.0152,0.01508,9.0,0.5093271136,2.2468669658,0.509,-1.444,3.5535,4.755,0.0,0.0,0.545,0.0,0.0,0.0,0.0,0.0,-1.0,-2.66e-15,0.0,0.7095,0.2753,0.002743,0.0007401,0.006712,-1.0,0.01526,8.381,9.055,10.188,8.002
0.0152,0.01508,9.0,0.5500000119,2.2836582633,0.55,-1.315,3.5684,4.719,0.0,0.0,0.545,0.0,0.0,0.0,0.0,0.0,-1.0,-3.59e-15,0.0,0.7115,0.2733,0.002725,0.0007352,0.006668,-1.0,0.01518,8.057,8.64,9.68,7.63
0.0152,0.01508,9.0,0.5591750145,2.2911114552,0.559,-1.284,3.5728,4.713,0.0,0.0,0.545,0.0,0.0,0.0,0.0,0.0,-1.0,-3.84e-15,0.0,0.7116,0.2733,0.002724,0.000735,0.006666,-1.0,0.01517,7.981,8.537,9.552,7.54
0.0152,0.01508,9.0,0.6000000238,2.3211213258,0.6,-1.153,3.5914,4.687,0.0,0.0,0.545,0.0,0.0,0.0,0.0,0.0,-1.0,-5.17e-15,0.0,0.7119,0.273,0.002722,0.0007343,0.00666,-1.0,0.01513,7.654,8.106,9.023,7.162
0.0152,0.01508,9.0,0.615953505,2.3316128769,0.616,-1.101,3.5998,4.68,0.0,0.0,0.545,0.0,0.0,0.0,0.0,0.0,-1.0,-5.8e-15,0.0,0.712,0.2728,0.002721,0.000734,0.006658,-1.0,0.01515,7.523,7.933,8.811,7.011
0.0152,0.01508,9.0,0.6409601569,2.346855834,0.641,-1.021,3.6127,4.669,0.0,0.0,0.545,0.0,0.0,0.0,0.0,0.0,-1.0,-6.92e-15,0.0,0.7122,0.2727,0.002719,0.0007336,0.006654,-1.0,0.01516,7.323,7.672,8.492,6.784
0.0152,0.01508,9.0,0.6499999762,2.3520353107,0.65,-0.993,3.6174,4.666,0.0,0.0,0.545,0.0,0.0,0.0,0.0,0.0,-1.0,-7.36e-15,0.0,0.7122,0.2726,0.002718,0.0007335,0.006653,-1.0,0.01516,7.253,7.579,8.379,6.704
0.0152,0.01508,9.0,0.7000000477,2.3779267258,0.7,-0.839,3.6454,4.656,0.0,0.0,0.545,0.0,0.0,0.0,0.0,0.0,-1.0,-1.02e-14,0.0,0.7125,0.2723,0.002716,0.0007328,0.006647,-1.0,0.01514,6.867,7.058,7.734,6.263
0.0152,0.01508,9.0,0.7033793926,2.3795245598,0.703,-0.828,3.6474,4.655,0.0,0.0,0.544,0.0,0.0,0.0,0.0,0.0,-1.0,-1.05e-14,0.0,0.7126,0.2723,0.002713,0.0007326,0.006646,-1.0,0.01513,6.841,7.022,7.689,6.234
0.0152,0.01508,9.0,0.75,2.3998889087,0.75,-0.692,3.674,4.653,1.0,0.0,0.538,0.0,0.0,0.0,0.0,0.0,-1.0,-1.39e-14,0.0,0.7129,0.272,0.002677,0.0007312,0.006641,-1.0,0.01511,6.499,6.564,7.129,5.851
0.0152,0.01508,9.0,0.7531225681,2.4011496497,0.753,-0.683,3.6753,4.651,1.0,0.0,0.538,0.0,0.0,0.0,0.0,0.0,-1.0,-1.42e-14,0.0,0.7129,0.272,0.002677,0.0007311,0.006641,-1.0,0.01511,6.478,6.538,7.098,5.828
0.0152,0.01508,9.0,0.8000000119,2.4187244405,0.8,-0.56,3.6943,4.63,1.0,0.0,0.537,0.0,0.0,0.0,0.0,0.0,-1.0,-1.87e-14,0.0,0.7134,0.2715,0.002673,0.00073,0.006632,-1.0,0.01509,6.17,6.167,6.668,5.507
0.0152,0.01508,9.0,0.8025256395,2.4196045119,0.802,-0.553,3.6952,4.629,1.0,0.0,0.537,0.0,0.0,0.0,0.0,0.0,-1.0,-1.9e-14,0.0,0.7134,0.2715,0.002673,0.00073,0.006631,-1.0,0.01509,6.153,6.148,6.646,5.49
0.0152,0.01508,9.0,0.8500000238,2.435034684,0.85,-0.434,3.7134,4.607,1.0,0.0,0.537,0.0,0.0,0.0,0.0,0.0,-1.0,-2.49e-14,0.0,0.714,0.271,0.002669,0.0007288,0.00662,-1.0,0.015,5.855,5.803,6.252,5.189
0.0152,0.01508,9.0,0.9000000358,2.4492786175,0.899,-0.315,3.7309,4.582,1.0,0.0,0.537,0.0,0.0,0.0,0.0,0.0,-1.0,-3.27e-14,0.0,0.7147,0.2703,0.002663,0.0007272,0.006606,-1.0,0.01502,5.557,5.47,5.878,4.895
0.0152,0.01508,9.0,0.908683598,2.4515693549,0.908,-0.294,3.7337,4.577,1.0,0.0,0.537,0.0,0.0,0.0,0.0,0.0,-1.0,-3.44e-14,0.0,0.7148,0.2701,0.002661,0.0007268,0.006603,-1.0,0.01502,5.506,5.415,5.816,4.846
0.0152,0.01508,9.0,0.9500000477,2.4618122009,0.95,-0.2,3.7467,4.554,1.0,0.0,0.537,0.0,0.0,0.0,0.0,0.0,-1.0,-4.29e-14,0.0,0.7156,0.2694,0.002655,0.0007251,0.006587,-1.0,0.01501,5.271,5.162,5.532,4.624
0.0152,0.01508,9.0,1.0,2.4729154477,1.0,-0.09,3.7608,4.523,1.0,0.0,0.537,0.0,0.0,0.0,0.0,0.0,-1.0,-5.59e-14,0.0,0.7169,0.2682,0.002644,0.0007223,0.006562,-1.0,0.01492,4.995,4.875,5.212,4.369
0.0152,0.01508,9.0,1.0192375183,2.4768551789,1.019,-0.049,3.7657,4.51,1.0,0.0,0.537,0.0,0.0,0.0,0.0,0.0,-1.0,-6e-14,0.0,0.7176,0.2675,0.002639,0.0007207,0.006548,-1.0,0.01487,4.892,4.769,5.095,4.275
0.0152,0.01508,9.0,1.0499999523,2.482811486,1.049,0.016,3.7734,4.488,1.0,0.0,0.537,0.0,0.0,0.0,0.0,0.0,-1.0,-6.73e-14,0.0,0.7188,0.2664,0.002629,0.0007181,0.006524,-1.0,0.01479,4.729,4.603,4.912,4.128
0.0152,0.01508,9.0,1.1000000238,2.491680148,1.099,0.119,3.7848,4.451,1.0,0.0,0.537,0.0,0.0,0.0,0.0,0.0,-1.0,-8.03e-14,0.0,0.7219,0.2634,0.002604,0.0007114,0.006464,-1.0,0.01467,4.472,4.343,4.627,3.896
0.0152,0.01508,9.0,1.1228642464,2.4954343143,1.122,0.165,3.7897,4.434,1.0,0.0,0.537,0.0,0.0,0.0,0.0,0.0,-1.0,-8.65e-14,0.0,0.7236,0.2618,0.002591,0.0007078,0.006432,-1.0,0.01461,4.357,4.229,4.502,3.793
0.0152,0.01508,9.0,1.1499999762,2.4996678137,1.149,0.218,3.7952,4.413,1.0,0.0,0.537,0.0,0.0,0.0,0.0,0.0,-1.0,-9.45e-14,0.0,0.7257,0.2597,0.002574,0.0007034,0.006393,-1.0,0.01454,4.224,4.096,4.358,3.674
0.0152,0.01508,9.0,1.2000000477,2.5068948796,1.199,0.314,3.805,4.375,1.0,0.0,0.537,0.0,0.0,0.0,0.0,0.0,-1.0,-1.1e-13,0.0,0.7258,0.2596,0.002581,0.0007056,0.006414,-1.0,0.01457,3.984,3.857,4.1,3.459
0.0152,0.01508,9.0,1.25,2.5134610955,1.25,0.405,3.8142,4.338,1.0,0.0,0.536,0.0,0.0,0.0,0.0,0.0,-1.0,-1.24e-13,0.0,0.726,0.2594,0.002581,0.0007056,0.006415,-1.0,0.01458,3.756,3.632,3.857,3.256
0.0152,0.01508,9.0,1.2999999523,2.5194498592,1.3,0.492,3.8228,4.303,1.0,0.0,0.536,0.0,0.0,0.0,0.0,0.0,-1.0,-1.38e-13,0.0,0.7263,0.2591,0.002579,0.000705,0.006409,-1.0,0.0146,3.541,3.417,3.626,3.061
0.0152,0.01508,9.0,1.308029294,2.5203626373,1.308,0.505,3.8243,4.298,1.0,0.0,0.536,0.0,0.0,0.0,0.0,0.0,-1.0,-1.39e-13,0.0,0.7263,0.2591,0.002579,0.0007051,0.006411,-1.0,0.01459,3.507,3.383,3.591,3.031
0.0152,0.01508,9.0,1.3500001431,2.5249313723,1.35,0.574,3.8315,4.272,1.0,0.0,0.537,0.0,0.0,0.0,0.0,0.0,-1.0,-1.48e-13,0.0,0.7258,0.2596,0.002583,0.0007062,0.00642,-1.0,0.01458,3.335,3.212,3.407,2.877
0.0152,0.01508,9.0,1.4000000954,2.5299650415,1.4,0.652,3.8402,4.245,1.0,0.0,0.537,0.0,0.0,0.0,0.0,0.0,-1.0,-1.54e-13,0.0,0.7258,0.2596,0.002582,0.0007058,0.006416,-1.0,0.0146,3.139,3.018,3.198,2.704
0.0152,0.01508,9.0,1.4404761791,2.5337469333,1.441,0.714,3.8479,4.227,1.0,0.0,0.537,0.0,0.0,0.0,0.0,0.0,-1.0,-1.54e-13,0.0,0.7261,0.2593,0.00258,0.0007052,0.006411,-1.0,0.01462,2.986,2.867,3.035,2.572
0.0152,0.01508,9.0,1.4500000477,2.5346015836,1.45,0.728,3.8497,4.222,1.0,0.0,0.537,0.0,0.0,0.0,0.0,0.0,-1.0,-1.54e-13,0.0,0.7261,0.2592,0.002579,0.0007051,0.00641,-1.0,0.01463,2.95,2.832,2.997,2.541
0.0152,0.01508,9.0,1.4922093153,2.5382388106,1.492,0.789,3.858,4.206,1.0,0.0,0.536,0.0,0.0,0.0,0.0,0.0,-1.0,-1.48e-13,0.0,0.7264,0.259,0.002577,0.0007046,0.006405,-1.0,0.01459,2.797,2.682,2.833,2.411
0.0152,0.01508,9.0,1.5,2.5388844597,1.5,0.8,3.8594,4.203,1.0,0.0,0.536,0.0,0.0,0.0,0.0,0.0,-1.0,-1.47e-13,0.0,0.7265,0.259,0.002577,0.0007045,0.006404,-1.0,0.01458,2.769,2.654,2.803,2.387
0.0152,0.01508,9.0,1.5023057461,2.539074071,1.502,0.804,3.8599,4.202,1.0,0.0,0.536,0.0,0.0,0.0,0.0,0.0,-1.0,-1.46e-13,0.0,0.7265,0.2589,0.002577,0.0007044,0.006404,-1.0,0.01458,2.761,2.646,2.795,2.38
0.0152,0.01508,9.0,1.5499999523,2.5428511323,1.55,0.87,3.8683,4.183,1.0,0.0,0.536,0.0,0.0,0.0,0.0,0.0,-1.0,-1.3e-13,0.0,0.7267,0.2588,0.002575,0.0007038,0.0064,-1.0,0.0145,2.595,2.485,2.62,2.24
0.0152,0.01508,9.0,1.5530807972,2.5430859577,1.553,0.874,3.8688,4.182,1.0,0.0,0.536,0.0,0.0,0.0,0.0,0.0,-1.0,-1.28e-13,0.0,0.7268,0.2587,0.002575,0.0007038,0.0064,-1.0,0.0145,2.585,2.474,2.609,2.231
0.0152,0.01508,9.0,1.5960820913,2.5462550429,1.596,0.932,3.8755,4.163,1.0,0.0,0.536,0.0,0.0,0.0,0.0,0.0,-1.0,-1.04e-13,0.0,0.7269,0.2586,0.002574,0.0007036,0.006397,-1.0,0.01454,2.44,2.333,2.458,2.107
0.0152,0.01508,9.0,1.6000000238,2.5465340628,1.6,0.937,3.876,4.161,1.0,0.0,0.536,0.0,0.0,0.0,0.0,0.0,-1.0,-1.02e-13,0.0,0.7269,0.2586,0.002574,0.0007036,0.006397,-1.0,0.01454,2.427,2.32,2.444,2.095
0.0152,0.01508,9.0,1.631618619,2.5487295335,1.631,0.979,3.8801,4.144,1.0,0.0,0.536,0.0,0.0,0.0,0.0,0.0,-1.0,-7.29e-14,0.0,0.7269,0.2585,0.002573,0.0007036,0.006396,-1.0,0.01453,2.323,2.218,2.336,2.004
0.0152,0.01508,9.0,1.6500000954,2.5499614852,1.649,1.003,3.8822,4.133,1.0,0.0,0.536,0.0,0.0,0.0,0.0,0.0,-1.0,-6.03e-14,0.0,0.7269,0.2585,0.002573,0.0007036,0.006396,-1.0,0.01455,2.263,2.159,2.273,1.951
0.0152,0.01508,9.0,1.6682649851,2.5511547504,1.668,1.027,3.8841,4.122,1.0,0.0,0.536,0.0,0.0,0.0,0.0,0.0,-1.0,-3.96e-20,0.0,0.7269,0.2585,0.002573,0.0007036,0.006396,-1.0,0.01455,2.204,2.101,2.212,1.898
0.0152,0.01508,9.0,1.7000000477,2.5531580802,1.699,1.068,3.8872,4.101,1.0,0.0,0.537,0.0,0.0,0.0,0.0,0.0,-1.0,-9.999999999999999e-31,0.0,0.7269,0.2586,0.002574,0.0007038,0.006396,-1.0,0.01455,2.101,2.0,2.105,1.805
0.0152,0.01508,9.0,1.7347556353,2.5552556633,1.734,1.112,3.8901,4.077,1.0,0.0,0.537,0.0,0.0,0.0,0.0,0.0,-1.0,-9.999999999999999e-31,0.0,0.7268,0.2586,0.002574,0.000704,0.006395,-1.0,0.01453,1.989,1.889,1.99,1.702
0.0152,0.01508,9.0,1.75,2.5561455243,1.749,1.132,3.8911,4.065,1.0,0.0,0.537,0.0,0.0,0.0,0.0,0.0,-1.0,-9.999999999999999e-31,0.0,0.7268,0.2587,0.002575,0.000704,0.006396,-1.0,0.01452,1.94,1.841,1.94,1.657
0.0152,0.01508,9.0,1.7714525461,2.557367993,1.77,1.159,3.8925,4.049,1.0,0.0,0.537,0.0,0.0,0.0,0.0,0.0,-1.0,-9.999999999999999e-31,0.0,0.7268,0.2587,0.002575,0.0007041,0.006397,-1.0,0.01454,1.872,1.773,1.87,1.593
0.0152,0.01508,9.0,1.7999999523,2.5589429085,1.799,1.196,3.8935,4.023,1.0,0.0,0.537,0.0,0.0,0.0,0.0,0.0,-1.0,-9.999999999999999e-31,0.0,0.7267,0.2587,0.002575,0.0007043,0.006399,-1.0,0.01457,1.781,1.682,1.777,1.506
0.0152,0.01508,9.0,1.8009864092,2.5589963044,1.8,1.197,3.8936,4.023,1.0,0.0,0.537,0.0,0.0,0.0,0.0,0.0,-1.0,-9.999999999999999e-31,0.0,0.7267,0.2587,0.002575,0.0007043,0.006399,-1.0,0.01457,1.777,1.679,1.773,1.503
0.0152,0.01508,9.0,1.8274327517,2.5604031401,1.826,1.231,3.894,3.997,1.0,0.0,0.537,0.0,0.0,0.0,0.0,0.0,-1.0,-9.999999999999999e-31,0.0,0.7266,0.2589,0.002576,0.0007048,0.006398,-1.0,0.01454,1.693,1.593,1.687,1.42
0.0152,0.01508,9.0,1.8500000238,2.5615671203,1.849,1.26,3.8938,3.973,1.0,0.0,0.537,0.0,0.0,0.0,0.0,0.0,-1.0,-9.999999999999999e-31,0.0,0.7265,0.259,0.002577,0.0007053,0.006399,-1.0,0.01456,1.621,1.521,1.614,1.347
0.0152,0.01508,9.0,1.859924078,2.5620687142,1.859,1.272,3.8936,3.962,1.0,0.0,0.537,0.0,0.0,0.0,0.0,0.0,-1.0,-9.999999999999999e-31,0.0,0.7264,0.259,0.002577,0.0007053,0.0064,-1.0,0.01457,1.59,1.489,1.582,1.315
0.0152,0.01508,9.0,1.8873171806,2.5634218223,1.886,1.307,3.8925,3.929,1.0,0.0,0.537,0.0,0.0,0.0,0.0,0.0,-1.0,-9.999999999999999e-31,0.0,0.7263,0.2591,0.002578,0.0007054,0.006404,-1.0,0.01459,1.504,1.4,1.495,1.225
0.0152,0.01508,9.0,1.9000000954,2.5640331317,1.899,1.322,3.8915,3.912,1.0,0.0,0.537,0.0,0.0,0.0,0.0,0.0,-1.0,-9.999999999999999e-31,0.0,0.7262,0.2592,0.002579,0.0007054,0.006407,-1.0,0.01459,1.464,1.359,1.455,1.182
0.0152,0.01508,9.0,1.9200761318,2.5649818258,1.919,1.347,3.8897,3.885,1.0,0.0,0.537,0.0,0.0,0.0,0.0,0.0,-1.0,-9.999999999999999e-31,0.0,0.7261,0.2593,0.002579,0.0007055,0.006409,-1.0,0.0146,1.402,1.294,1.391,1.113
0.0152,0.01508,9.0,1.9500001669,2.5663542767,1.95,1.384,3.8855,3.838,1.0,0.0,0.537,0.0,0.0,0.0,0.0,0.0,-1.0,-9.999999999999999e-31,0.0,0.726,0.2595,0.002581,0.0007058,0.006412,-1.0,0.01455,1.309,1.197,1.3,1.007
0.0152,0.01508,9.0,1.975746274,2.5674969255,1.976,1.415,3.8805,3.792,1.0,0.0,0.537,0.0,0.0,0.0,0.0,0.0,-1.0,-9.999999999999999e-31,0.0,0.7258,0.2596,0.002582,0.0007061,0.006415,-1.0,0.01456,1.232,1.114,1.224,0.912
0.0152,0.01508,9.0,2.0,2.5685424513,2.0,1.444,3.8742,3.744,1.0,0.0,0.537,0.0,0.0,0.0,0.0,0.0,-1.0,-9.999999999999999e-31,0.0,0.7257,0.2598,0.002584,0.0007065,0.006419,-1.0,0.01457,1.161,1.037,1.156,0.82
0.0152,0.01508,9.0,2.0020978451,2.568631517,2.002,1.446,3.8736,3.74,1.0,0.0,0.537,0.0,0.0,0.0,0.0,0.0,-1.0,-9.999999999999999e-31,0.0,0.7256,0.2598,0.002584,0.0007065,0.006419,-1.0,0.01457,1.154,1.031,1.15,0.812
0.0152,0.01508,9.0,2.0220775604,2.5694691325,2.022,1.469,3.8668,3.694,1.0,0.0,0.537,0.0,0.0,0.0,0.0,0.0,-1.0,-9.999999999999999e-31,0.0,0.7255,0.2599,0.002585,0.0007069,0.006423,-1.0,0.01463,1.097,0.968,1.097,0.732
0.0152,0.01508,9.0,2.0425992012,2.5703098788,2.042,1.493,3.8585,3.642,1.0,0.0,0.537,0.0,0.0,0.0,0.0,0.0,-1.0,-9.999999999999999e-31,0.0,0.7253,0.2601,0.002587,0.0007073,0.006426,-1.0,0.01462,1.039,0.904,1.047,0.649
0.0152,0.01508,9.0,2.0499999523,2.5706083333,2.05,1.501,3.8553,3.622,1.0,0.0,0.537,0.0,0.0,0.0,0.0,0.0,-1.0,-9.999999999999999e-31,0.0,0.7252,0.2602,0.002587,0.0007074,0.006428,-1.0,0.01461,1.018,0.882,1.029,0.619
0.0152,0.01508,9.0,2.0634760857,2.5711454755,2.063,1.516,3.8489,3.584,1.0,0.0,0.537,0.0,0.0,0.0,0.0,0.0,-1.0,-9.999999999999999e-31,0.0,0.7251,0.2603,0.002588,0.0007076,0.00643,-1.0,0.0146,0.981,0.842,1.0,0.564
0.0152,0.01508,9.0,2.0773923397,2.5716917577,2.077,1.531,3.8414,3.542,1.0,0.0,0.537,0.0,0.0,0.0,0.0,0.0,-1.0,-9.999999999999999e-31,0.0,0.725,0.2604,0.002589,0.0007078,0.006433,-1.0,0.01463,0.942,0.801,0.97,0.504
0.0152,0.01508,9.0,2.0936467648,2.5723192622,2.093,1.553,3.8341,3.494,1.0,0.0,0.537,0.0,0.0,0.0,0.0,0.0,-1.0,-9.999999999999999e-31,0.0,0.7248,0.2606,0.00259,0.0007081,0.006436,-1.0,0.01464,0.887,0.744,0.925,0.43
0.0152,0.01508,9.0,2.0999999046,2.5725614918,2.099,1.563,3.832,3.477,1.0,0.0,0.537,0.0,0.0,0.0,0.0,0.0,-1.0,-9.999999999999999e-31,0.0,0.7247,0.2606,0.002591,0.0007082,0.006437,-1.0,0.01463,0.862,0.719,0.903,0.399
0.0152,0.01508,9.0,2.1010835171,2.5726026391,2.1,1.565,3.8317,3.474,1.0,0.0,0.537,0.0,0.0,0.0,0.0,0.0,-1.0,-9.999999999999999e-31,0.0,0.7247,0.2606,0.002591,0.0007082,0.006437,-1.0,0.01463,0.858,0.714,0.9,0.394
0.0152,0.01508,9.0,2.1069538593,2.5728247042,2.106,1.586,3.8377,3.478,1.0,0.0,0.537,0.0,0.0,0.0,0.0,0.0,-1.0,-9.999999999999999e-31,0.0,0.7247,0.2607,0.002591,0.0007083,0.006439,-1.0,0.01461,0.804,0.661,0.836,0.356
0.0152,0.01508,9.0,2.1104516983,2.5729563462,2.109,1.608,3.847,3.494,1.0,0.0,0.537,0.0,0.0,0.0,0.0,0.0,-1.0,-9.999999999999999e-31,0.0,0.7246,0.2608,0.002592,0.0007084,0.006439,-1.0,0.01461,0.749,0.608,0.767,0.326
0.0152,0.01508,9.0,2.1118011475,2.573006999,2.111,1.627,3.8569,3.515,1.0,0.0,0.537,0.0,0.0,0.0,0.0,0.0,-1.0,-9.999999999999999e-31,0.0,0.7246,0.2608,0.002592,0.0007085,0.00644,-1.0,0.01461,0.701,0.562,0.705,0.306
0.0152,0.01508,9.0,2.1124913692,2.5730328784,2.111,1.647,3.8668,3.535,1.0,0.0,0.537,0.0,0.0,0.0,0.0,0.0,-1.0,-9.999999999999999e-31,0.0,0.7246,0.2608,0.002592,0.0007085,0.00644,-1.0,0.01461,0.654,0.519,0.646,0.288
0.0152,0.01508,9.0,2.1128940582,2.5730479679,2.112,1.667,3.8767,3.554,1.0,0.0,0.537,0.0,0.0,0.0,0.0,0.0,-1.0,-9.999999999999999e-31,0.0,0.7246,0.2608,0.002592,0.0007085,0.00644,-1.0,0.01461,0.602,0.473,0.584,0.268
0.0152,0.01508,9.0,2.1131415367,2.5730572381,2.112,1.69,3.8863,3.57,1.0,0.0,0.537,0.0,0.0,0.0,0.0,0.0,-1.0,-9.999999999999999e-31,0.0,0.7246,0.2608,0.002592,0.0007085,0.00644,-1.0,0.01461,0.545,0.424,0.52,0.245
0.0152,0.01508,9.0,2.1133079529,2.5730634704,2.112,1.713,3.8953,3.583,1.0,0.0,0.537,0.0,0.0,0.0,0.0,0.0,-1.0,-9.999999999999999e-31,0.0,0.7246,0.2608,0.002592,0.0007085,0.00644,-1.0,0.01461,0.487,0.374,0.456,0.22
0.0152,0.01508,9.0,2.1134150028,2.5730674789,2.112,1.724,3.9003,3.592,1.0,0.0,0.537,0.0,0.0,0.0,0.0,0.0,-1.0,-9.999999999999999e-31,0.0,0.7246,0.2608,0.002592,0.0007085,0.00644,-1.0,0.01461,0.459,0.353,0.427,0.212
0.0152,0.01508,9.0,2.1134767532,2.5730697909,2.112,1.7,3.8955,3.596,2.0,0.0,0.537,0.0,0.0,0.0,0.0,0.0,-1.0,-9.999999999999999e-31,0.0,0.7246,0.2608,0.002592,0.0007085,0.00644,-1.0,0.01461,0.519,0.408,0.49,0.254
0.0152,0.01508,9.0,2.1135349274,2.5730719689,2.112,1.674,3.8881,3.594,2.0,0.0,0.537,0.0,0.0,0.0,0.0,0.0,-1.0,-9.999999999999999e-31,0.0,0.7246,0.2608,0.002592,0.0007085,0.00644,-1.0,0.01461,0.586,0.467,0.56,0.292
0.0152,0.01508,9.0,2.1135902405,2.5730740396,2.112,1.656,3.8791,3.575,2.0,0.0,0.537,0.0,0.0,0.0,0.0,0.0,-1.0,-9.999999999999999e-31,0.0,0.7246,0.2608,0.002592,0.0007085,0.00644,-1.0,0.01461,0.63,0.503,0.611,0.305
0.0152,0.01508,9.0,2.1136653423,2.573076851,2.113,1.65,3.8676,3.536,2.0,0.0,0.537,0.0,0.0,0.0,0.0,0.0,-1.0,-9.999999999999999e-31,0.0,0.7246,0.2608,0.002592,0.0007085,0.00644,-1.0,0.01461,0.646,0.511,0.637,0.283
0.0152,0.01508,9.0,2.1137542725,2.5730801797,2.113,1.656,3.856,3.483,2.0,0.0,0.537,0.0,0.0,0.0,0.0,0.0,-1.0,-9.999999999999999e-31,0.0,0.7246,0.2608,0.002592,0.0007086,0.00644,-1.0,0.01461,0.63,0.49,0.634,0.232
0.0152,0.01508,9.0,2.1138589382,2.5730840969,2.113,1.664,3.8444,3.428,2.0,0.0,0.537,0.0,0.0,0.0,0.0,0.0,-1.0,-9.999999999999999e-31,0.0,0.7246,0.2608,0.002592,0.0007086,0.006441,-1.0,0.01461,0.61,0.466,0.629,0.179
0.0152,0.01508,9.0,2.1139769554,2.5730885134,2.113,1.669,3.8328,3.377,2.0,0.0,0.537,0.0,0.0,0.0,0.0,0.0,-1.0,-9.999999999999999e-31,0.0,0.7246,0.2608,0.002592,0.0007086,0.006441,-1.0,0.01461,0.598,0.452,0.634,0.136
0.0152,0.01508,9.0,2.1141083241,2.5730934288,2.113,1.67,3.8216,3.331,2.0,0.0,0.537,0.0,0.0,0.0,0.0,0.0,-1.0,-9.999999999999999e-31,0.0,0.7246,0.2608,0.002592,0.0007086,0.006441,-1.0,0.01461,0.595,0.448,0.65,0.106
0.0152,0.01508,9.0,2.1142523289,2.5730988162,2.113,1.668,3.8109,3.29,2.0,0.0,0.537,0.0,0.0,0.0,0.0,0.0,-1.0,-9.999999999999999e-31,0.0,0.7246,0.2608,0.002592,0.0007086,0.006441,-1.0,0.01461,0.599,0.453,0.674,0.084
0.0152,0.01508,9.0,2.1144151688,2.5731049072,2.113,1.664,3.801,3.255,2.0,0.0,0.537,0.0,0.0,0.0,0.0,0.0,-1.0,-9.999999999999999e-31,0.0,0.7246,0.2608,0.002592,0.0007086,0.006441,-1.0,0.01461,0.609,0.464,0.705,0.069
0.0152,0.01508,9.0,2.1146085262,2.5731121384,2.114,1.657,3.7916,3.224,2.0,0.0,0.537,0.0,0.0,0.0,0.0,0.0,-1.0,-9.999999999999999e-31,0.0,0.7246,0.2608,0.002592,0.0007086,0.006441,-1.0,0.01462,0.627,0.484,0.745,0.066
0.0152,0.01508,9.0,2.1148581505,2.5731214715,2.114,1.645,3.7819,3.198,2.0,0.0,0.537,0.0,0.0,0.0,0.0,0.0,-1.0,-9.999999999999999e-31,0.0,0.7246,0.2608,0.002592,0.0007086,0.006441,-1.0,0.01462,0.657,0.519,0.8,0.076
0.0152,0.01508,9.0,2.1151769161,2.5731333861,2.114,1.625,3.7714,3.176,2.0,0.0,0.537,0.0,0.0,0.0,0.0,0.0,-1.0,-9.999999999999999e-31,0.0,0.7245,0.2608,0.002592,0.0007086,0.006441,-1.0,0.01462,0.708,0.577,0.881,0.107
0.0152,0.01508,9.0,2.1154534817,2.5731437201,2.114,1.603,3.7631,3.165,2.0,0.0,0.537,0.0,0.0,0.0,0.0,0.0,-1.0,-9.999999999999999e-31,0.0,0.7241,0.2612,0.002595,0.0007094,0.006448,-1.0,0.01465,0.763,0.64,0.963,0.149
0.0152,0.01508,9.0,2.1157507896,2.5731548256,2.115,1.573,3.7546,3.161,2.0,0.0,0.537,0.0,0.0,0.0,0.0,0.0,-1.0,-9.999999999999999e-31,0.0,0.7218,0.2635,0.002613,0.0007142,0.006491,-1.0,0.01476,0.837,0.723,1.064,0.212
0.0152,0.01508,9.0,2.1160171032,2.5731647703,2.115,1.542,3.7473,3.162,2.0,0.0,0.537,0.0,0.0,0.0,0.0,0.0,-1.0,-9.999999999999999e-31,0.0,0.7181,0.267,0.002642,0.0007218,0.006559,-1.0,0.0149,0.915,0.81,1.167,0.283
0.0152,0.01508,9.0,2.1162478924,2.5731733861,2.115,1.513,3.7412,3.167,2.0,0.0,0.537,0.0,0.0,0.0,0.0,0.0,-1.0,-9.999999999999999e-31,0.0,0.7158,0.2692,0.002659,0.0007265,0.006601,-1.0,0.01501,0.988,0.892,1.262,0.351
0.0152,0.01508,9.0,2.1165401936,2.5731842952,2.115,1.478,3.7336,3.172,2.0,0.0,0.537,0.0,0.0,0.0,0.0,0.0,-1.0,-9.999999999999999e-31,0.0,0.7139,0.271,0.002674,0.0007304,0.006636,-1.0,0.01507,1.076,0.992,1.379,0.435
0.0152,0.01508,9.0,2.1167590618,2.5731924614,2.116,1.455,3.728,3.173,2.0,0.0,0.537,0.0,0.0,0.0,0.0,0.0,-1.0,-9.999999999999999e-31,0.0,0.7129,0.272,0.002682,0.0007325,0.006654,-1.0,0.0151,1.133,1.059,1.458,0.489
0.0152,0.01508,9.0,2.1171352863,2.5732064941,2.116,1.447,3.7194,3.146,3.0,0.0,0.537,0.0,0.0,0.0,0.0,0.0,-1.0,-9.999999999999999e-31,0.0,0.7118,0.273,0.002688,0.0007343,0.00667,-1.0,0.01516,1.151,1.093,1.511,0.505
0.0152,0.01508,9.0,2.1175861359,2.5732233028,2.116,1.469,3.7106,3.09,3.0,0.0,0.535,0.0,0.0,0.0,0.0,0.0,-1.0,-9.999999999999999e-31,0.0,0.7107,0.2741,0.002683,0.0007387,0.006684,-1.0,0.01519,1.099,1.059,1.498,0.452
0.0152,0.01508,9.0,2.1179616451,2.5732372963,2.117,1.507,3.7048,3.028,3.0,0.0,0.516,0.0,0.0,0.0,0.0,0.0,-1.0,-9.999999999999999e-31,0.0,0.7097,0.2751,0.002591,0.000814,0.006691,-1.0,0.01521,1.004,0.978,1.431,0.358
0.0152,0.01508,9.0,2.1182615757,2.5732484693,2.117,1.543,3.7008,2.976,3.0,0.0,0.482,0.0,0.0,0.0,0.0,0.0,-1.0,-9.999999999999999e-31,0.0,0.7088,0.2759,0.002418,0.0009998,0.006695,-1.0,0.01524,0.913,0.896,1.359,0.268
0.0152,0.01508,9.0,2.1185612679,2.5732596297,2.117,1.582,3.6973,2.924,3.0,0.0,0.442,0.0,0.0,0.0,0.0,0.0,-1.0,-9.999999999999999e-31,0.0,0.7079,0.2769,0.002219,0.001238,0.006698,-1.0,0.01529,0.816,0.809,1.28,0.173
0.0152,0.01508,9.0,2.118858099,2.5732706801,2.118,1.621,3.6942,2.871,3.0,0.0,0.412,0.0,0.0,0.0,0.0,0.0,-1.0,-9.999999999999999e-31,0.0,0.7068,0.2778,0.002072,0.00142,0.0067,-1.0,0.01531,0.717,0.719,1.198,0.075
0.0152,0.01508,9.0,2.1191465855,2.5732814163,2.118,1.661,3.6912,2.82,3.0,0.0,0.393,0.0,0.0,0.0,0.0,0.0,-1.0,-9.999999999999999e-31,0.0,0.7059,0.2788,0.001976,0.00154,0.006703,-1.0,0.01535,0.618,0.628,1.114,-0.022
0.0152,0.01508,9.0,2.1194262505,2.5732918211,2.118,1.7,3.6883,2.769,3.0,0.0,0.38,0.0,0.0,0.0,0.0,0.0,-1.0,-9.999999999999999e-31,0.0,0.7048,0.2798,0.001913,0.001625,0.006705,-1.0,0.01539,0.52,0.538,1.031,-0.118
0.0152,0.01508,9.0,2.1197006702,2.5733020276,2.119,1.739,3.6856,2.719,3.0,0.0,0.373,0.0,0.0,0.0,0.0,0.0,-1.0,-9.999999999999999e-31,0.0,0.7033,0.2813,0.001869,0.001709,0.006682,-1.0,0.0154,0.422,0.449,0.949,-0.213
0.0152,0.01508,9.0,2.1199734211,2.5733121691,2.119,1.778,3.683,2.67,3.0,0.0,0.37,0.0,0.0,0.0,0.0,0.0,-1.0,-9.999999999999999e-31,0.0,0.7008,0.2839,0.001834,0.001812,0.006614,-1.0,0.01538,0.326,0.36,0.868,-0.307
0.0152,0.01508,9.0,2.1201779842,2.5733197732,2.119,1.806,3.6811,2.634,3.0,0.0,0.368,0.0,0.0,0.0,0.0,0.0,-1.0,-9.999999999999999e-31,0.0,0.6984,0.2862,0.001811,0.001892,0.006554,-1.0,0.0154,0.254,0.295,0.807,-0.377
0.0152,0.01508,9.0,2.1202476025,2.5733223607,2.119,1.816,3.6804,2.621,3.0,0.0,0.368,0.0,0.0,0.0,0.0,0.0,-1.0,-9.999999999999999e-31,0.0,0.6975,0.287,0.001805,0.001917,0.006534,-1.0,0.01541,0.229,0.272,0.786,-0.402
0.0152,0.01508,9.0,2.1205267906,2.5733327353,2.119,1.856,3.6778,2.572,3.0,0.0,0.367,0.0,0.0,0.0,0.0,0.0,-1.0,-9.999999999999999e-31,0.0,0.6941,0.2904,0.001782,0.002008,0.006463,-1.0,0.01545,0.13,0.182,0.702,-0.498
0.0152,0.01508,9.0,2.1205966473,2.5733353307,2.119,1.866,3.6772,2.559,3.0,0.0,0.367,0.0,0.0,0.0,0.0,0.0,-1.0,-9.999999999999999e-31,0.0,0.6934,0.2912,0.001777,0.002027,0.006447,-1.0,0.0154,0.105,0.159,0.681,-0.522
0.0152,0.01508,9.0,2.1206645966,2.573337855,2.12,1.876,3.6766,2.547,3.0,0.0,0.367,0.0,0.0,0.0,0.0,0.0,-1.0,-9.999999999999999e-31,0.0,0.6927,0.292,0.001772,0.002044,0.006433,-1.0,0.01539,0.08,0.136,0.661,-0.546
0.0152,0.01508,9.0,2.120934248,2.5733478707,2.12,1.915,3.674,2.497,3.0,0.0,0.367,0.0,0.0,0.0,0.0,0.0,-1.0,-9.999999999999999e-31,0.0,0.6899,0.2947,0.001757,0.002107,0.006383,-1.0,0.01542,-0.018,0.047,0.578,-0.641
0.0152,0.01508,9.0,2.1211993694,2.5733577154,2.12,1.954,3.6714,2.447,3.0,0.0,0.367,0.0,0.0,0.0,0.0,0.0,-1.0,-9.999999999999999e-31,0.0,0.6874,0.2972,0.001744,0.002159,0.006342,-1.0,0.0154,-0.116,-0.042,0.497,-0.737
0.0152,0.01508,9.0,2.1214592457,2.5733673625,2.12,1.994,3.6687,2.397,3.0,0.0,0.366,0.0,0.0,0.0,0.0,0.0,-1.0,-9.999999999999999e-31,0.0,0.6854,0.2992,0.001735,0.002199,0.006309,-1.0,0.0154,-0.214,-0.131,0.417,-0.832
0.0152,0.01508,9.0,2.1217141151,2.5733768211,2.121,2.033,3.666,2.348,3.0,0.0,0.366,0.0,0.0,0.0,0.0,0.0,-1.0,-9.999999999999999e-31,0.0,0.6837,0.3009,0.001727,0.002231,0.006284,-1.0,0.01539,-0.312,-0.218,0.338,-0.927
0.0152,0.01508,9.0,2.1219637394,2.5733860825,2.121,2.072,3.6633,2.298,3.0,0.0,0.366,0.0,0.0,0.0,0.0,0.0,-1.0,-9.999999999999999e-31,0.0,0.6823,0.3023,0.001721,0.002256,0.006263,-1.0,0.01537,-0.409,-0.306,0.26,-1.021
0.0152,0.01508,9.0,2.1222038269,2.5733949878,2.121,2.11,3.6605,2.249,3.0,0.0,0.366,0.0,0.0,0.0,0.0,0.0,-1.0,-9.999999999999999e-31,0.0,0.6812,0.3034,0.001717,0.002275,0.006248,-1.0,0.01539,-0.504,-0.39,0.184,-1.112
0.0152,0.01508,9.0,2.1225161552,2.5734065691,2.121,2.16,3.6569,2.184,3.0,0.0,0.366,0.0,0.0,0.0,0.0,0.0,-1.0,-9.999999999999999e-31,0.0,0.6802,0.3045,0.001712,0.002294,0.006233,-1.0,0.01537,-0.63,-0.501,0.086,-1.233
0.0152,0.01508,9.0,2.122780323,2.5734163615,2.122,2.203,3.6537,2.128,3.0,0.0,0.366,0.0,0.0,0.0,0.0,0.0,-1.0,-9.999999999999999e-31,0.0,0.6796,0.3051,0.00171,0.002304,0.006224,-1.0,0.01537,-0.738,-0.596,0.002,-1.336
0.0152,0.01508,9.0,2.1230080128,2.5734247995,2.122,2.241,3.6508,2.079,3.0,0.0,0.366,0.0,0.0,0.0,0.0,0.0,-1.0,-9.999999999999999e-31,0.0,0.6792,0.3054,0.001708,0.00231,0.00622,-1.0,0.01537,-0.833,-0.68,-0.071,-1.427
0.0152,0.01508,9.0,2.1232681274,2.5734344365,2.122,2.286,3.6475,2.021,3.0,0.0,0.366,0.0,0.0,0.0,0.0,0.0,-1.0,-9.999999999999999e-31,0.0,0.679,0.3056,0.001708,0.002314,0.006217,-1.0,0.01537,-0.944,-0.775,-0.155,-1.531
0.0152,0.01508,9.0,2.1235225201,2.573443859,2.122,2.33,3.6442,1.964,3.0,0.0,0.366,0.0,0.0,0.0,0.0,0.0,-1.0,-9.999999999999999e-31,0.0,0.6789,0.3057,0.001707,0.002315,0.006216,-1.0,0.01537,-1.054,-0.87,-0.238,-1.634
0.0152,0.01508,9.0,2.123803854,2.5734542763,2.123,2.377,3.6405,1.902,3.0,0.0,0.366,0.0,0.0,0.0,0.0,0.0,-1.0,-9.999999999999999e-31,0.0,0.6789,0.3057,0.001707,0.002315,0.006216,-1.0,0.01537,-1.173,-0.971,-0.327,-1.744
0.0152,0.01508,9.0,2.1240816116,2.573464558,2.123,2.422,3.637,1.843,3.0,0.0,0.366,0.0,0.0,0.0,0.0,0.0,-1.0,-9.999999999999999e-31,0.0,0.6789,0.3057,0.001707,0.002316,0.006216,-1.0,0.01537,-1.286,-1.066,-0.41,-1.847
0.0152,0.01508,9.0,2.1243708134,2.5734752601,2.123,2.463,3.6338,1.789,3.0,0.0,0.366,0.0,0.0,0.0,0.0,0.0,-1.0,-9.999999999999999e-31,0.0,0.6789,0.3057,0.001707,0.002316,0.006215,-1.0,0.01537,-1.388,-1.153,-0.486,-1.941
0.0152,0.01508,9.0,2.1245648861,2.57348244,2.123,2.484,3.6321,1.761,3.0,0.0,0.366,0.0,0.0,0.0,0.0,0.0,-1.0,-9.999999999999999e-31,0.0,0.6789,0.3057,0.001707,0.002316,0.006215,-1.0,0.01537,-1.441,-1.197,-0.525,-1.989
0.0152,0.01508,9.0,2.1246199608,2.5734844773,2.123,2.465,3.6337,1.786,4.0,0.0,0.366,0.0,0.0,0.0,0.0,0.0,-1.0,-9.999999999999999e-31,0.0,0.6789,0.3057,0.001707,0.002316,0.006215,-1.0,0.01537,-1.393,-1.157,-0.49,-1.945
0.0152,0.01508,9.0,2.1246502399,2.5734855973,2.123,2.427,3.6367,1.837,4.0,0.0,0.366,0.0,0.0,0.0,0.0,0.0,-1.0,-9.999999999999999e-31,0.0,0.6789,0.3057,0.001707,0.002316,0.006215,-1.0,0.01537,-1.297,-1.076,-0.419,-1.858
0.0152,0.01508,9.0,2.1246750355,2.5734865144,2.123,2.388,3.6398,1.888,4.0,0.0,0.366,0.0,0.0,0.0,0.0,0.0,-1.0,-9.999999999999999e-31,0.0,0.6789,0.3057,0.001707,0.002316,0.006215,-1.0,0.01537,-1.2,-0.995,-0.349,-1.77
0.0152,0.01508,9.0,2.1247048378,2.5734876167,2.124,2.339,3.6436,1.953,4.0,0.0,0.366,0.0,0.0,0.0,0.0,0.0,-1.0,-9.999999999999999e-31,0.0,0.6789,0.3057,0.001707,0.002316,0.006215,-1.0,0.01537,-1.077,-0.891,-0.257,-1.656
0.0152,0.01508,9.0,2.1247417927,2.5734889835,2.124,2.286,3.6477,2.021,4.0,0.0,0.366,0.0,0.0,0.0,0.0,0.0,-1.0,-9.999999999999999e-31,0.0,0.6789,0.3057,0.001707,0.002316,0.006215,-1.0,0.01537,-0.946,-0.778,-0.158,-1.534
0.0152,0.01508,9.0,2.1247904301,2.5734907823,2.124,2.235,3.6516,2.088,4.0,0.0,0.366,0.0,0.0,0.0,0.0,0.0,-1.0,-9.999999999999999e-31,0.0,0.6789,0.3057,0.001707,0.002316,0.006215,-1.0,0.01537,-0.819,-0.668,-0.062,-1.413
0.0152,0.01508,9.0,2.1248538494,2.5734931277,2.124,2.186,3.6554,2.153,4.0,0.0,0.366,0.0,0.0,0.0,0.0,0.0,-1.0,-9.999999999999999e-31,0.0,0.6789,0.3057,0.001707,0.002316,0.006215,-1.0,0.01537,-0.695,-0.56,0.033,-1.295
0.0152,0.01508,9.0,2.1249325275,2.5734960371,2.124,2.137,3.659,2.216,4.0,0.0,0.366,0.0,0.0,0.0,0.0,0.0,-1.0,-9.999999999999999e-31,0.0,0.6789,0.3057,0.001707,0.002316,0.006215,-1.0,0.01537,-0.572,-0.453,0.127,-1.179
0.0152,0.01508,9.0,2.1250264645,2.5734995105,2.124,2.089,3.6626,2.279,4.0,0.0,0.366,0.0,0.0,0.0,0.0,0.0,-1.0,-9.999999999999999e-31,0.0,0.6789,0.3057,0.001707,0.002316,0.006215,-1.0,0.01537,-0.452,-0.346,0.221,-1.063
0.0152,0.01508,9.0,2.1251366138,2.5735035829,2.124,2.043,3.6661,2.339,4.0,0.0,0.366,0.0,0.0,0.0,0.0,0.0,-1.0,-9.999999999999999e-31,0.0,0.6789,0.3057,0.001707,0.002316,0.006215,-1.0,0.01537,-0.337,-0.244,0.313,-0.952
0.0152,0.01508,9.0,2.1252689362,2.5735084744,2.124,1.999,3.6692,2.395,4.0,0.0,0.366,0.0,0.0,0.0,0.0,0.0,-1.0,-9.999999999999999e-31,0.0,0.6789,0.3057,0.001707,0.002316,0.006215,-1.0,0.01537,-0.227,-0.146,0.4,-0.846
0.0152,0.01508,9.0,2.1254415512,2.5735148543,2.124,1.957,3.6723,2.449,4.0,0.0,0.366,0.0,0.0,0.0,0.0,0.0,-1.0,-9.999999999999999e-31,0.0,0.6789,0.3058,0.001707,0.002316,0.006215,-1.0,0.01537,-0.123,-0.053,0.484,-0.745
0.0152,0.01508,9.0,2.1256966591,2.573524281,2.124,1.916,3.6753,2.502,4.0,0.0,0.366,0.0,0.0,0.0,0.0,0.0,-1.0,-9.999999999999999e-31,0.0,0.6789,0.3058,0.001707,0.002316,0.006215,-1.0,0.01537,-0.021,0.04,0.567,-0.645
0.0152,0.01508,9.0,2.1260685921,2.57353802,2.125,1.871,3.6786,2.561,4.0,0.0,0.366,0.0,0.0,0.0,0.0,0.0,-1.0,-9.999999999999999e-31,0.0,0.6789,0.3058,0.001707,0.002316,0.006215,-1.0,0.01537,0.093,0.142,0.661,-0.535
0.0152,0.01508,9.0,2.1263644695,2.5735489456,2.125,1.832,3.6814,2.612,4.0,0.0,0.366,0.0,0.0,0.0,0.0,0.0,-1.0,-9.999999999999999e-31,0.0,0.6789,0.3058,0.001707,0.002317,0.006215,-1.0,0.01537,0.191,0.231,0.742,-0.44
0.0152,0.01508,9.0,2.1266441345,2.5735592693,2.125,1.796,3.684,2.657,4.0,0.0,0.366,0.0,0.0,0.0,0.0,0.0,-1.0,-9.999999999999999e-31,0.0,0.6789,0.3058,0.001707,0.002317,0.006215,-1.0,0.01537,0.279,0.311,0.815,-0.355
0.0152,0.01508,9.0,2.12713027,2.5735772073,2.126,1.745,3.6877,2.723,4.0,0.0,0.366,0.0,0.0,0.0,0.0,0.0,-1.0,-9.999999999999999e-31,0.0,0.6789,0.3058,0.001707,0.002317,0.006214,-1.0,0.01537,0.407,0.427,0.922,-0.23
0.0152,0.01508,9.0,2.1276955605,2.5735980542,2.126,1.702,3.6909,2.779,4.0,0.0,0.366,0.0,0.0,0.0,0.0,0.0,-1.0,-9.999999999999999e-31,0.0,0.6789,0.3058,0.001707,0.002317,0.006214,-1.0,0.01537,0.514,0.525,1.012,-0.125
0.0152,0.01508,9.0,2.1284811497,2.5736270043,2.127,1.66,3.6942,2.834,4.0,0.0,0.366,0.0,0.0,0.0,0.0,0.0,-1.0,-9.999999999999999e-31,0.0,0.6788,0.3058,0.001707,0.002318,0.006214,-1.0,0.01537,0.62,0.621,1.1,-0.022
0.0152,0.01508,9.0,2.129837513,2.5736769303,2.129,1.619,3.6976,2.889,4.0,0.0,0.366,0.0,0.0,0.0,0.0,0.0,-1.0,-9.999999999999999e-31,0.0,0.6788,0.3058,0.001707,0.002318,0.006213,-1.0,0.01537,0.722,0.714,1.184,0.078
0.0152,0.01508,9.0,2.1306011677,2.5737050073,2.129,1.606,3.6988,2.907,4.0,0.0,0.366,0.0,0.0,0.0,0.0,0.0,-1.0,-9.999999999999999e-31,0.0,0.6788,0.3058,0.001707,0.002319,0.006213,-1.0,0.01537,0.754,0.743,1.21,0.11
0.0152,0.01508,9.0,2.1331808567,2.5737996829,2.132,1.611,3.6988,2.903,4.0,0.0,0.366,0.0,0.0,0.0,0.0,0.0,-1.0,-9.999999999999999e-31,0.0,0.6788,0.3058,0.001706,0.00232,0.006212,-1.0,0.01537,0.743,0.732,1.199,0.099
0.0152,0.01508,9.0,2.1500000954,2.5744105556,2.149,1.632,3.6991,2.887,4.0,0.0,0.366,0.0,0.0,0.0,0.0,0.0,-1.0,-9.999999999999999e-31,0.0,0.6786,0.306,0.001705,0.002327,0.006206,-1.0,0.01537,0.69,0.678,1.145,0.046
0.0152,0.01508,9.0,2.1750884056,2.5753016016,2.174,1.668,3.6995,2.857,5.0,0.0,0.366,0.0,0.0,0.0,0.0,0.0,-1.0,-9.999999999999999e-31,0.0,0.6783,0.3063,0.001703,0.002341,0.006193,-1.0,0.01537,0.601,0.588,1.054,-0.043
0.0152,0.01508,9.0,2.2000000477,2.5761632879,2.199,1.706,3.6996,2.824,5.0,0.0,0.367,0.0,0.0,0.0,0.0,0.0,-1.0,-9.999999999999999e-31,0.0,0.678,0.3066,0.001701,0.002354,0.00618,-1.0,0.01537,0.504,0.49,0.955,-0.141
0.0152,0.01508,9.0,2.2159602642,2.5767036524,2.215,1.734,3.6995,2.799,5.0,0.0,0.367,0.0,0.0,0.0,0.0,0.0,-1.0,-9.999999999999999e-31,0.0,0.6779,0.3067,0.0017,0.002361,0.006175,-1.0,0.01537,0.435,0.422,0.888,-0.209
0.0152,0.01508,9.0,2.2371623516,2.5774077958,2.236,1.773,3.6988,2.762,5.0,0.0,0.367,0.0,0.0,0.0,0.0,0.0,-1.0,-9.999999999999999e-31,0.0,0.6778,0.3069,0.001699,0.002369,0.006167,-1.0,0.01537,0.338,0.327,0.793,-0.306
0.0152,0.01508,9.0,2.25,2.5778267375,2.249,1.798,3.6981,2.737,5.0,0.0,0.367,0.0,0.0,0.0,0.0,0.0,-1.0,-9.999999999999999e-31,0.0,0.6777,0.307,0.001698,0.002375,0.006163,-1.0,0.01537,0.276,0.266,0.735,-0.368
0.0152,0.01508,9.0,2.2634615898,2.5782601761,2.262,1.825,3.697,2.707,5.0,0.0,0.367,0.0,0.0,0.0,0.0,0.0,-1.0,-9.999999999999999e-31,0.0,0.6775,0.3071,0.001697,0.002381,0.006156,-1.0,0.01538,0.207,0.2,0.672,-0.436
0.0152,0.01508,9.0,2.2683572769,2.578416342,2.267,1.837,3.6963,2.693,6.0,0.0,0.368,0.0,0.0,0.0,0.0,0.0,-1.0,-9.999999999999999e-31,0.0,0.6774,0.3072,0.001697,0.002383,0.006154,-1.0,0.01539,0.177,0.173,0.646,-0.465
