Zini,MH,logAge,Mini,int_IMF,Mass,LogL,LogTe,logg,label,McoreTP,C_O,period0,period1,period2,period3,period4,pmode,Mloss,tau1m,X,Y,Xc,Xn,Xo,Cexcess,Z,mbolmag,Gmag,G_BPmag,G_RPmag
0.0152,0.01508,8.5,0.0900000036,1.0816895926,0.09,-3.139,3.3825,5.013,0.0,0.0,0.545,0.0,0.0,0.0,0.0,0.0,-1.0,-9.57e-17,0.0,0.7092,0.2755,0.002746,0.0007408,0.006719,-1.0,0.01527,12.618,14.664,17.511,13.18
0.0152,0.01508,8.5,0.0900000036,1.0816895926,0.09,-3.139,3.3825,5.013,0.0,0.0,0.545,0.0,0.0,0.0,0.0,0.0,-1.0,-9.57e-17,0.0,0.7092,0.2755,0.002746,0.0007408,0.006719,-1.0,0.01527,12.618,14.664,17.511,13.18
0.0152,0.01508,8.5,0.0924445242,1.1047019543,0.092,-3.115,3.3866,5.017,0.0,0.0,0.545,0.0,0.0,0.0,0.0,0.0,-1.0,-9.94e-17,0.0,0.7092,0.2755,0.002746,0.0007408,0.006719,-1.0,0.01527,12.557,14.603,17.452,13.12
0.0152,0.01508,8.5,0.1000000015,1.1711064122,0.1,-3.039,3.3994,5.027,0.0,0.0,0.545,0.0,0.0,0.0,0.0,0.0,-1.0,-1.12e-16,0.0,0.7092,0.2755,0.002746,0.0007408,0.006719,-1.0,0.01527,12.368,14.415,17.267,12.931
0.0152,0.01508,8.5,0.1028865427,1.194776021,0.103,-3.014,3.4035,5.03,0.0,0.0,0.545,0.0,0.0,0.0,0.0,0.0,-1.0,-1.17e-16,0.0,0.7092,0.2755,0.002746,0.0007408,0.006719,-1.0,0.01527,12.305,14.351,17.205,12.867
0.0152,0.01508,8.5,0.114272356,1.2803511512,0.114,-2.913,3.4193,5.038,0.0,0.0,0.545,0.0,0.0,0.0,0.0,0.0,-1.0,-1.39e-16,0.0,0.7092,0.2755,0.002746,0.0007408,0.006719,-1.0,0.01527,12.053,14.067,16.88,12.59
0.0152,0.01508,8.5,0.1200000122,1.3193155232,0.12,-2.866,3.4271,5.044,0.0,0.0,0.545,0.0,0.0,0.0,0.0,0.0,-1.0,-1.5e-16,0.0,0.7092,0.2755,0.002746,0.0007408,0.006719,-1.0,0.01527,11.935,13.841,16.507,12.389
0.0152,0.01508,8.5,0.1230932623,1.3393668899,0.123,-2.845,3.4297,5.044,0.0,0.0,0.545,0.0,0.0,0.0,0.0,0.0,-1.0,-1.55e-16,0.0,0.7092,0.2755,0.002746,0.0007408,0.006719,-1.0,0.01527,11.882,13.749,16.362,12.306
0.0152,0.01508,8.5,0.1400000006,1.4384526719,0.14,-2.722,3.4439,5.034,0.0,0.0,0.545,0.0,0.0,0.0,0.0,0.0,-1.0,-1.95e-16,0.0,0.7092,0.2756,0.002746,0.0007408,0.006719,-1.0,0.01527,11.576,13.257,15.635,11.858
0.0152,0.01508,8.5,0.1499003619,1.4895242093,0.15,-2.662,3.4503,5.029,0.0,0.0,0.545,0.0,0.0,0.0,0.0,0.0,-1.0,-2.18e-16,0.0,0.7091,0.2756,0.002746,0.0007408,0.006719,-1.0,0.01527,11.426,13.026,15.3,11.647
0.0152,0.01508,8.5,0.1599999964,1.5372931554,0.16,-2.6,3.4565,5.02,0.0,0.0,0.545,0.0,0.0,0.0,0.0,0.0,-1.0,-2.46e-16,0.0,0.7091,0.2756,0.002746,0.0007408,0.006719,-1.0,0.01527,11.27,12.792,14.958,11.435
0.0152,0.01508,8.5,0.1961546838,1.6806683424,0.196,-2.43,3.4731,5.005,0.0,0.0,0.545,0.0,0.0,0.0,0.0,0.0,-1.0,-3.35e-16,0.0,0.7091,0.2756,0.002746,0.0007408,0.006719,-1.0,0.01527,10.845,12.174,14.086,10.872
0.0152,0.01508,8.5,0.200000003,1.6938790862,0.2,-2.413,3.4747,5.003,0.0,0.0,0.545,0.0,0.0,0.0,0.0,0.0,-1.0,-3.46e-16,0.0,0.7091,0.2756,0.002746,0.0007408,0.006719,-1.0,0.01527,10.802,12.112,14.002,10.816
0.0152,0.01508,8.5,0.25,1.8403257998,0.25,-2.215,3.4911,4.968,0.0,0.0,0.545,0.0,0.0,0.0,0.0,0.0,-1.0,-5.06e-16,0.0,0.7091,0.2757,0.002746,0.0007408,0.006719,-1.0,0.01527,10.308,11.443,13.106,10.205
0.0152,0.01508,8.5,0.3000000119,1.9529139769,0.3,-2.069,3.5025,4.946,0.0,0.0,0.545,0.0,0.0,0.0,0.0,0.0,-1.0,-6.65e-16,0.0,0.7091,0.2756,0.002746,0.0007408,0.006719,-1.0,0.01527,9.943,10.976,12.515,9.774
0.0152,0.01508,8.5,0.3095290959,1.9716126157,0.309,-2.04,3.5047,4.94,0.0,0.0,0.545,0.0,0.0,0.0,0.0,0.0,-1.0,-7.05e-16,0.0,0.7091,0.2756,0.002746,0.0007408,0.006719,-1.0,0.01527,9.871,10.885,12.4,9.689
0.0152,0.01508,8.5,0.3500000238,2.0434175133,0.35,-1.921,3.5134,4.909,0.0,0.0,0.545,0.0,0.0,0.0,0.0,0.0,-1.0,-9.01e-16,0.0,0.7092,0.2755,0.002746,0.0007408,0.006719,-1.0,0.01527,9.573,10.517,11.948,9.348
0.0152,0.01508,8.5,0.4000000358,2.118502481,0.4,-1.774,3.5253,4.868,0.0,0.0,0.545,0.0,0.0,0.0,0.0,0.0,-1.0,-1.24e-15,0.0,0.7092,0.2755,0.002746,0.0007408,0.006719,-1.0,0.01527,9.206,10.06,11.388,8.927
0.0152,0.01508,8.5,0.4500000477,2.1822809714,0.45,-1.621,3.538,4.816,0.0,0.0,0.545,0.0,0.0,0.0,0.0,0.0,-1.0,-1.76e-15,0.0,0.7092,0.2755,0.002746,0.0007408,0.006719,-1.0,0.01527,8.821,9.591,10.825,8.494
0.0152,0.01508,8.5,0.5,2.2374541529,0.5,-1.468,3.5531,4.769,0.0,0.0,0.545,0.0,0.0,0.0,0.0,0.0,-1.0,-2.51e-15,0.0,0.7092,0.2755,0.002746,0.0007408,0.006719,-1.0,0.01527,8.44,9.115,10.25,8.061
0.0152,0.01508,8.5,0.5370638371,2.2726505841,0.537,-1.357,3.5657,4.739,0.0,0.0,0.545,0.0,0.0,0.0,0.0,0.0,-1.0,-3.22e-15,0.0,0.7096,0.2752,0.002742,0.0007398,0.00671,-1.0,0.01524,8.162,8.76,9.817,7.742
0.0152,0.01508,8.5,0.5500000119,2.2836582633,0.55,-1.317,3.5706,4.729,0.0,0.0,0.545,0.0,0.0,0.0,0.0,0.0,-1.0,-3.54e-15,0.0,0.7098,0.275,0.00274,0.0007392,0.006704,-1.0,0.01523,8.061,8.63,9.657,7.626
0.0152,0.01508,8.5,0.5603526831,2.2920478139,0.56,-1.282,3.5755,4.722,0.0,0.0,0.545,0.0,0.0,0.0,0.0,0.0,-1.0,-3.82e-15,0.0,0.7098,0.2749,0.00274,0.0007392,0.006704,-1.0,0.01522,7.975,8.515,9.514,7.526
0.0152,0.01508,8.5,0.6000000238,2.3211213258,0.6,-1.156,3.5936,4.698,0.0,0.0,0.545,0.0,0.0,0.0,0.0,0.0,-1.0,-5.08e-15,0.0,0.7099,0.2749,0.002739,0.000739,0.006702,-1.0,0.0152,7.66,8.1,9.007,7.162
0.0152,0.01508,8.5,0.6499999762,2.3520353107,0.65,-0.998,3.6194,4.679,0.0,0.0,0.545,0.0,0.0,0.0,0.0,0.0,-1.0,-7.16e-15,0.0,0.71,0.2747,0.002738,0.0007387,0.0067,-1.0,0.01526,7.266,7.582,8.373,6.712
0.0152,0.01508,8.5,0.6644616723,2.3599852577,0.664,-0.953,3.6274,4.675,0.0,0.0,0.545,0.0,0.0,0.0,0.0,0.0,-1.0,-7.9e-15,0.0,0.7101,0.2747,0.002738,0.0007386,0.006699,-1.0,0.01525,7.153,7.43,8.187,6.582
0.0152,0.01508,8.5,0.7000000477,2.3779267258,0.7,-0.846,3.6465,4.667,0.0,0.0,0.545,0.0,0.0,0.0,0.0,0.0,-1.0,-9.97e-15,0.0,0.7102,0.2746,0.002737,0.0007384,0.006698,-1.0,0.01523,6.884,7.07,7.741,6.278
0.0152,0.01508,8.5,0.725309968,2.3894791007,0.725,-0.771,3.66,4.661,0.0,0.0,0.541,0.0,0.0,0.0,0.0,0.0,-1.0,-1.17e-14,0.0,0.7105,0.2743,0.002715,0.0007372,0.006692,-1.0,0.01525,6.696,6.818,7.433,6.066
0.0152,0.01508,8.5,0.75,2.3998889087,0.75,-0.701,3.6741,4.662,0.0,0.0,0.538,0.0,0.0,0.0,0.0,0.0,-1.0,-1.35e-14,0.0,0.7103,0.2745,0.0027,0.0007373,0.006697,-1.0,0.01524,6.522,6.586,7.151,5.873
0.0152,0.01508,8.5,0.8000000119,2.4187244405,0.8,-0.571,3.694,4.641,0.0,0.0,0.538,0.0,0.0,0.0,0.0,0.0,-1.0,-1.8e-14,0.0,0.7104,0.2744,0.002698,0.000737,0.006694,-1.0,0.01523,6.199,6.197,6.698,5.535
0.0152,0.01508,8.5,0.8500000238,2.435034684,0.85,-0.449,3.7128,4.619,0.0,0.0,0.538,0.0,0.0,0.0,0.0,0.0,-1.0,-2.38e-14,0.0,0.7106,0.2742,0.002697,0.0007365,0.00669,-1.0,0.01516,5.892,5.841,6.292,5.225
0.0152,0.01508,8.5,0.9000000358,2.4492786175,0.899,-0.333,3.7298,4.596,0.0,0.0,0.538,0.0,0.0,0.0,0.0,0.0,-1.0,-3.09e-14,0.0,0.7108,0.274,0.002695,0.0007361,0.006686,-1.0,0.01522,5.602,5.518,5.928,4.94
0.0152,0.01508,8.5,0.9500000477,2.4618122009,0.95,-0.222,3.7451,4.57,1.0,0.0,0.538,0.0,0.0,0.0,0.0,0.0,-1.0,-4.01e-14,0.0,0.7111,0.2737,0.002693,0.0007354,0.00668,-1.0,0.01519,5.325,5.219,5.592,4.676
0.0152,0.01508,8.5,1.0,2.4729154477,1.0,-0.113,3.7591,4.54,1.0,0.0,0.538,0.0,0.0,0.0,0.0,0.0,-1.0,-5.19e-14,0.0,0.7115,0.2733,0.00269,0.0007345,0.006672,-1.0,0.01518,5.053,4.934,5.276,4.424
0.0152,0.01508,8.5,1.0499999523,2.482811486,1.05,-0.01,3.7718,4.508,1.0,0.0,0.538,0.0,0.0,0.0,0.0,0.0,-1.0,-6.19e-14,0.0,0.7121,0.2728,0.002685,0.0007333,0.006661,-1.0,0.01512,4.795,4.669,4.982,4.19
0.0152,0.01508,8.5,1.1000000238,2.491680148,1.099,0.089,3.7833,4.475,1.0,0.0,0.537,0.0,0.0,0.0,0.0,0.0,-1.0,-7.29e-14,0.0,0.713,0.2719,0.002678,0.0007313,0.006643,-1.0,0.01512,4.547,4.418,4.706,3.967
0.0152,0.01508,8.5,1.1499999762,2.4996678137,1.149,0.183,3.7937,4.442,0.0,0.0,0.537,0.0,0.0,0.0,0.0,0.0,-1.0,-8.43e-14,0.0,0.7143,0.2707,0.002667,0.0007285,0.006618,-1.0,0.01502,4.311,4.183,4.448,3.757
0.0152,0.01508,8.5,1.2000000477,2.5068948796,1.2,0.275,3.8037,4.409,1.0,0.0,0.537,0.0,0.0,0.0,0.0,0.0,-1.0,-9.6e-14,0.0,0.7145,0.2705,0.002669,0.0007288,0.006621,-1.0,0.01504,4.083,3.956,4.202,3.555
0.0152,0.01508,8.5,1.25,2.5134610955,1.25,0.361,3.8132,4.378,1.0,0.0,0.537,0.0,0.0,0.0,0.0,0.0,-1.0,-1.07e-13,0.0,0.7145,0.2704,0.002668,0.0007289,0.006622,-1.0,0.01503,3.867,3.743,3.97,3.364
0.0152,0.01508,8.5,1.2999999523,2.5194498592,1.3,0.443,3.8223,4.35,1.0,0.0,0.537,0.0,0.0,0.0,0.0,0.0,-1.0,-1.17e-13,0.0,0.7147,0.2703,0.002668,0.0007286,0.006619,-1.0,0.01504,3.662,3.539,3.75,3.181
0.0152,0.01508,8.5,1.329206109,2.522709309,1.329,0.489,3.8278,4.336,1.0,0.0,0.537,0.0,0.0,0.0,0.0,0.0,-1.0,-1.2e-13,0.0,0.7146,0.2703,0.002668,0.0007287,0.00662,-1.0,0.01504,3.548,3.425,3.627,3.081
0.0152,0.01508,8.5,1.3500001431,2.5249313723,1.35,0.521,3.8316,4.326,1.0,0.0,0.537,0.0,0.0,0.0,0.0,0.0,-1.0,-1.23e-13,0.0,0.7146,0.2704,0.002668,0.0007288,0.006621,-1.0,0.01503,3.468,3.346,3.541,3.01
0.0152,0.01508,8.5,1.4000000954,2.5299650415,1.4,0.595,3.8411,4.306,1.0,0.0,0.537,0.0,0.0,0.0,0.0,0.0,-1.0,-1.26e-13,0.0,0.7146,0.2704,0.002668,0.0007288,0.006621,-1.0,0.01504,3.283,3.164,3.344,2.851
0.0152,0.01508,8.5,1.4500000477,2.5346015836,1.45,0.665,3.8516,4.293,1.0,0.0,0.537,0.0,0.0,0.0,0.0,0.0,-1.0,-1.23e-13,0.0,0.7147,0.2702,0.002667,0.0007285,0.006618,-1.0,0.01502,3.108,2.993,3.156,2.705
0.0152,0.01508,8.5,1.5,2.5388844597,1.5,0.733,3.8637,4.288,1.0,0.0,0.537,0.0,0.0,0.0,0.0,0.0,-1.0,-1.14e-13,0.0,0.7148,0.2701,0.002666,0.0007281,0.006615,-1.0,0.01506,2.938,2.829,2.973,2.57
0.0152,0.01508,8.5,1.5499999523,2.5428511323,1.55,0.798,3.8768,4.289,1.0,0.0,0.537,0.0,0.0,0.0,0.0,0.0,-1.0,-9.72e-14,0.0,0.715,0.2699,0.002664,0.0007278,0.006612,-1.0,0.01504,2.774,2.673,2.798,2.446
0.0152,0.01508,8.5,1.5925803185,2.5460043236,1.592,0.852,3.8877,4.291,1.0,0.0,0.537,0.0,0.0,0.0,0.0,0.0,-1.0,-7.66e-14,0.0,0.7152,0.2698,0.002663,0.0007275,0.00661,-1.0,0.01502,2.641,2.548,2.656,2.348
0.0152,0.01508,8.5,1.6000000238,2.5465340628,1.6,0.861,3.8895,4.291,1.0,0.0,0.537,0.0,0.0,0.0,0.0,0.0,-1.0,-7.36e-14,0.0,0.7152,0.2698,0.002663,0.0007275,0.00661,-1.0,0.01502,2.618,2.526,2.632,2.331
0.0152,0.01508,8.5,1.6500000954,2.5499614852,1.649,0.921,3.9013,4.292,1.0,0.0,0.537,0.0,0.0,0.0,0.0,0.0,-1.0,-4.16e-14,0.0,0.7153,0.2697,0.002662,0.0007272,0.006607,-1.0,0.01501,2.468,2.388,2.477,2.223
0.0152,0.01508,8.5,1.7000000477,2.5531580802,1.699,0.978,3.9121,4.291,1.0,0.0,0.537,0.0,0.0,0.0,0.0,0.0,-1.0,-9.999999999999999e-31,0.0,0.7154,0.2696,0.002661,0.000727,0.006605,-1.0,0.01502,2.324,2.258,2.332,2.121
0.0152,0.01508,8.5,1.75,2.5561455243,1.749,1.033,3.9219,4.287,1.0,0.0,0.537,0.0,0.0,0.0,0.0,0.0,-1.0,-9.999999999999999e-31,0.0,0.7155,0.2695,0.002661,0.0007269,0.006604,-1.0,0.01502,2.186,2.136,2.195,2.023
0.0152,0.01508,8.5,1.7817161083,2.5579409012,1.781,1.067,3.9277,4.284,1.0,0.0,0.537,0.0,0.0,0.0,0.0,0.0,-1.0,-9.999999999999999e-31,0.0,0.7156,0.2694,0.00266,0.0007267,0.006603,-1.0,0.01499,2.102,2.062,2.114,1.963
0.0152,0.01508,8.5,1.7999999523,2.5589429085,1.799,1.087,3.9309,4.282,1.0,0.0,0.537,0.0,0.0,0.0,0.0,0.0,-1.0,-9.999999999999999e-31,0.0,0.7156,0.2694,0.00266,0.0007267,0.006602,-1.0,0.01497,2.053,2.02,2.068,1.929
0.0152,0.01508,8.5,1.8500000238,2.5615671203,1.849,1.138,3.9392,4.276,1.0,0.0,0.537,0.0,0.0,0.0,0.0,0.0,-1.0,-9.999999999999999e-31,0.0,0.7156,0.2693,0.00266,0.0007265,0.006601,-1.0,0.01502,1.924,1.91,1.949,1.838
0.0152,0.01508,8.5,1.9000000954,2.5640331317,1.899,1.189,3.947,4.268,1.0,0.0,0.537,0.0,0.0,0.0,0.0,0.0,-1.0,-9.999999999999999e-31,0.0,0.7157,0.2693,0.002659,0.0007265,0.0066,-1.0,0.01496,1.798,1.806,1.836,1.749
0.0152,0.01508,8.5,1.9500001669,2.5663542767,1.95,1.238,3.9544,4.26,1.0,0.0,0.537,0.0,0.0,0.0,0.0,0.0,-1.0,-9.999999999999999e-31,0.0,0.7157,0.2693,0.002659,0.0007264,0.0066,-1.0,0.01499,1.675,1.705,1.728,1.662
0.0152,0.01508,8.5,1.9635367393,2.5669593449,1.963,1.251,3.9563,4.257,1.0,0.0,0.537,0.0,0.0,0.0,0.0,0.0,-1.0,-9.999999999999999e-31,0.0,0.7157,0.2693,0.002659,0.0007263,0.006599,-1.0,0.015,1.642,1.679,1.7,1.639
0.0152,0.01508,8.5,2.0,2.5685424513,2.0,1.286,3.9613,4.25,1.0,0.0,0.537,0.0,0.0,0.0,0.0,0.0,-1.0,-9.999999999999999e-31,0.0,0.7157,0.2692,0.002659,0.0007263,0.006599,-1.0,0.01501,1.554,1.607,1.624,1.576
0.0152,0.01508,8.5,2.0499999523,2.5706083333,2.05,1.334,3.968,4.239,1.0,0.0,0.537,0.0,0.0,0.0,0.0,0.0,-1.0,-9.999999999999999e-31,0.0,0.7158,0.2692,0.002659,0.0007263,0.006599,-1.0,0.01499,1.435,1.512,1.524,1.492
0.0152,0.01508,8.5,2.0732405186,2.5715296607,2.072,1.356,3.971,4.234,1.0,0.0,0.537,0.0,0.0,0.0,0.0,0.0,-1.0,-9.999999999999999e-31,0.0,0.7158,0.2692,0.002659,0.0007262,0.006598,-1.0,0.01499,1.38,1.469,1.478,1.453
0.0152,0.01508,8.5,2.0999999046,2.5725614918,2.099,1.381,3.9743,4.228,1.0,0.0,0.537,0.0,0.0,0.0,0.0,0.0,-1.0,-9.999999999999999e-31,0.0,0.7158,0.2692,0.002659,0.0007262,0.006598,-1.0,0.01501,1.317,1.42,1.426,1.408
0.0152,0.01508,8.5,2.1500000954,2.5744105556,2.149,1.427,3.9802,4.216,1.0,0.0,0.537,0.0,0.0,0.0,0.0,0.0,-1.0,-9.999999999999999e-31,0.0,0.7158,0.2692,0.002659,0.0007262,0.006598,-1.0,0.01503,1.202,1.329,1.331,1.326
0.0152,0.01508,8.5,2.1632876396,2.5748854415,2.162,1.439,3.9818,4.213,1.0,0.0,0.537,0.0,0.0,0.0,0.0,0.0,-1.0,-9.999999999999999e-31,0.0,0.7158,0.2692,0.002658,0.0007262,0.006598,-1.0,0.01502,1.172,1.305,1.306,1.304
0.0152,0.01508,8.5,2.2000000477,2.5761632879,2.199,1.473,3.9859,4.203,1.0,0.0,0.537,0.0,0.0,0.0,0.0,0.0,-1.0,-9.999999999999999e-31,0.0,0.7158,0.2692,0.002658,0.0007262,0.006598,-1.0,0.01499,1.089,1.24,1.238,1.244
0.0152,0.01508,8.5,2.25,2.5778267375,2.249,1.517,3.9913,4.19,1.0,0.0,0.537,0.0,0.0,0.0,0.0,0.0,-1.0,-9.999999999999999e-31,0.0,0.7158,0.2692,0.002658,0.0007262,0.006598,-1.0,0.01498,0.977,1.151,1.146,1.162
0.0152,0.01508,8.5,2.2999999523,2.5794072884,2.299,1.562,3.9965,4.176,1.0,0.0,0.537,0.0,0.0,0.0,0.0,0.0,-1.0,-9.999999999999999e-31,0.0,0.7158,0.2692,0.002658,0.0007263,0.006598,-1.0,0.01497,0.866,1.063,1.054,1.08
0.0152,0.01508,8.5,2.3321690559,2.5803830867,2.331,1.59,3.9996,4.166,1.0,0.0,0.537,0.0,0.0,0.0,0.0,0.0,-1.0,-9.999999999999999e-31,0.0,0.7158,0.2692,0.002659,0.0007262,0.006598,-1.0,0.01499,0.795,1.007,0.996,1.027
0.0152,0.01508,8.5,2.4000000954,2.5823423892,2.399,1.649,4.0058,4.144,1.0,0.0,0.537,0.0,0.0,0.0,0.0,0.0,-1.0,-9.999999999999999e-31,0.0,0.7158,0.2692,0.002659,0.0007263,0.006599,-1.0,0.01502,0.647,0.887,0.873,0.914
0.0152,0.01508,8.5,2.4053628445,2.5824918808,2.404,1.654,4.0063,4.143,1.0,0.0,0.537,0.0,0.0,0.0,0.0,0.0,-1.0,-9.999999999999999e-31,0.0,0.7156,0.2693,0.00266,0.0007266,0.006602,-1.0,0.01502,0.636,0.878,0.864,0.905
0.0152,0.01508,8.5,2.4810152054,2.5845218183,2.48,1.719,4.0126,4.116,1.0,0.0,0.537,0.0,0.0,0.0,0.0,0.0,-1.0,-9.999999999999999e-31,0.0,0.7134,0.2716,0.002678,0.0007313,0.006644,-1.0,0.01508,0.473,0.745,0.727,0.779
0.0152,0.01508,8.5,2.5419881344,2.5860571449,2.542,1.771,4.0171,4.092,1.0,0.0,0.538,0.0,0.0,0.0,0.0,0.0,-1.0,-9.999999999999999e-31,0.0,0.7113,0.2735,0.002693,0.0007356,0.006681,-1.0,0.01518,0.342,0.635,0.615,0.673
0.0152,0.01508,8.5,2.598212719,2.5873997136,2.598,1.819,4.0207,4.069,1.0,0.0,0.538,0.0,0.0,0.0,0.0,0.0,-1.0,-9.999999999999999e-31,0.0,0.7093,0.2755,0.002709,0.0007398,0.006719,-1.0,0.01527,0.222,0.533,0.511,0.574
0.0152,0.01508,8.5,2.5999999046,2.5874412955,2.6,1.821,4.0208,4.068,1.0,0.0,0.538,0.0,0.0,0.0,0.0,0.0,-1.0,-9.999999999999999e-31,0.0,0.7092,0.2755,0.00271,0.0007399,0.00672,-1.0,0.01527,0.219,0.529,0.507,0.571
0.0152,0.01508,8.5,2.6738901138,2.5891046776,2.674,1.883,4.0244,4.032,1.0,0.0,0.538,0.0,0.0,0.0,0.0,0.0,-1.0,-9.999999999999999e-31,0.0,0.7092,0.2755,0.00271,0.0007399,0.00672,-1.0,0.01527,0.063,0.39,0.366,0.435
0.0152,0.01508,8.5,2.7363555431,2.5904305834,2.737,1.936,4.0263,3.997,1.0,0.0,0.538,0.0,0.0,0.0,0.0,0.0,-1.0,-9.999999999999999e-31,0.0,0.7092,0.2755,0.00271,0.0007399,0.00672,-1.0,0.01527,-0.07,0.266,0.241,0.313
0.0152,0.01508,8.5,2.7878632545,2.5914726506,2.788,1.98,4.027,3.963,1.0,0.0,0.538,0.0,0.0,0.0,0.0,0.0,-1.0,-9.999999999999999e-31,0.0,0.7092,0.2755,0.00271,0.0007399,0.00672,-1.0,0.01527,-0.18,0.159,0.133,0.206
0.0152,0.01508,8.5,2.8000001907,2.5917117867,2.8,1.991,4.027,3.955,1.0,0.0,0.538,0.0,0.0,0.0,0.0,0.0,-1.0,-9.999999999999999e-31,0.0,0.7092,0.2755,0.00271,0.0007399,0.00672,-1.0,0.01527,-0.207,0.133,0.107,0.18
0.0152,0.01508,8.5,2.8147025108,2.5919982947,2.815,2.003,4.0271,3.945,1.0,0.0,0.538,0.0,0.0,0.0,0.0,0.0,-1.0,-9.999999999999999e-31,0.0,0.7092,0.2755,0.00271,0.0007399,0.00672,-1.0,0.01527,-0.238,0.102,0.076,0.149
0.0152,0.01508,8.5,2.868751049,2.5930225874,2.869,2.049,4.0264,3.904,1.0,0.0,0.538,0.0,0.0,0.0,0.0,0.0,-1.0,-9.999999999999999e-31,0.0,0.7092,0.2755,0.00271,0.0007399,0.00672,-1.0,0.01527,-0.353,-0.017,-0.042,0.03
0.0152,0.01508,8.5,2.9135613441,2.5938387486,2.914,2.087,4.0248,3.866,1.0,0.0,0.538,0.0,0.0,0.0,0.0,0.0,-1.0,-9.999999999999999e-31,0.0,0.7092,0.2755,0.00271,0.0007399,0.00672,-1.0,0.01527,-0.448,-0.121,-0.146,-0.075
0.0152,0.01508,8.5,2.9618227482,2.5946860782,2.962,2.129,4.0212,3.817,1.0,0.0,0.538,0.0,0.0,0.0,0.0,0.0,-1.0,-9.999999999999999e-31,0.0,0.7092,0.2755,0.00271,0.0007399,0.00672,-1.0,0.01527,-0.552,-0.243,-0.266,-0.2
0.0152,0.01508,8.5,3.0,2.5953341962,3.0,2.162,4.0172,3.774,1.0,0.0,0.538,0.0,0.0,0.0,0.0,0.0,-1.0,-9.999999999999999e-31,0.0,0.7092,0.2755,0.00271,0.0007399,0.00672,-1.0,0.01527,-0.635,-0.344,-0.366,-0.304
0.0152,0.01508,8.5,3.0051450729,2.5954200949,3.005,2.166,4.0167,3.768,1.0,0.0,0.538,0.0,0.0,0.0,0.0,0.0,-1.0,-9.999999999999999e-31,0.0,0.7092,0.2755,0.00271,0.0007399,0.00672,-1.0,0.01527,-0.646,-0.358,-0.38,-0.318
0.0152,0.01508,8.5,3.0502524376,2.5961589318,3.05,2.205,4.0102,3.71,1.0,0.0,0.538,0.0,0.0,0.0,0.0,0.0,-1.0,-9.999999999999999e-31,0.0,0.7092,0.2755,0.00271,0.0007399,0.00672,-1.0,0.01527,-0.741,-0.485,-0.504,-0.45
0.0152,0.01508,8.5,3.0872008801,2.5967456667,3.087,2.236,4.0023,3.652,1.0,0.0,0.538,0.0,0.0,0.0,0.0,0.0,-1.0,-9.999999999999999e-31,0.0,0.7092,0.2755,0.00271,0.0007399,0.00672,-1.0,0.01527,-0.821,-0.601,-0.617,-0.573
0.0152,0.01508,8.5,3.1174688339,2.5972144174,3.117,2.262,3.9946,3.6,1.0,0.0,0.538,0.0,0.0,0.0,0.0,0.0,-1.0,-9.999999999999999e-31,0.0,0.7092,0.2755,0.00271,0.0007399,0.00672,-1.0,0.01527,-0.885,-0.701,-0.713,-0.679
0.0152,0.01508,8.5,3.1476695538,2.5976718091,3.147,2.288,3.9857,3.543,1.0,0.0,0.538,0.0,0.0,0.0,0.0,0.0,-1.0,-9.999999999999999e-31,0.0,0.7092,0.2755,0.00271,0.0007399,0.00672,-1.0,0.01527,-0.951,-0.806,-0.814,-0.793
0.0152,0.01508,8.5,3.1719229221,2.598031885,3.171,2.311,3.9776,3.491,1.0,0.0,0.538,0.0,0.0,0.0,0.0,0.0,-1.0,-9.999999999999999e-31,0.0,0.7092,0.2755,0.00271,0.0007399,0.00672,-1.0,0.01527,-1.007,-0.898,-0.902,-0.893
0.0152,0.01508,8.5,3.1974341869,2.598403865,3.197,2.339,3.9716,3.442,1.0,0.0,0.538,0.0,0.0,0.0,0.0,0.0,-1.0,-9.999999999999999e-31,0.0,0.7092,0.2755,0.00271,0.0007399,0.00672,-1.0,0.01527,-1.078,-0.993,-0.994,-0.995
0.0152,0.01508,8.5,3.2000000477,2.5984409005,3.199,2.345,3.9738,3.445,1.0,0.0,0.538,0.0,0.0,0.0,0.0,0.0,-1.0,-9.999999999999999e-31,0.0,0.7092,0.2755,0.00271,0.0007399,0.00672,-1.0,0.01527,-1.094,-1.0,-1.002,-0.999
0.0152,0.01508,8.5,3.209612608,2.5985790426,3.209,2.369,3.982,3.456,1.0,0.0,0.538,0.0,0.0,0.0,0.0,0.0,-1.0,-9.999999999999999e-31,0.0,0.7092,0.2755,0.00271,0.0007399,0.00672,-1.0,0.01527,-1.152,-1.024,-1.03,-1.014
0.0152,0.01508,8.5,3.2129478455,2.5986267512,3.212,2.385,3.9915,3.477,1.0,0.0,0.538,0.0,0.0,0.0,0.0,0.0,-1.0,-9.999999999999999e-31,0.0,0.7092,0.2755,0.00271,0.0007399,0.00672,-1.0,0.01527,-1.194,-1.024,-1.036,-1.005
0.0152,0.01508,8.5,3.2144749165,2.5986485571,3.214,2.401,4.0009,3.5,1.0,0.0,0.538,0.0,0.0,0.0,0.0,0.0,-1.0,-9.999999999999999e-31,0.0,0.7092,0.2755,0.00271,0.0007399,0.00672,-1.0,0.01527,-1.231,-1.02,-1.036,-0.992
0.0152,0.01508,8.5,3.2154438496,2.5986623806,3.215,2.42,4.0123,3.526,1.0,0.0,0.538,0.0,0.0,0.0,0.0,0.0,-1.0,-9.999999999999999e-31,0.0,0.7092,0.2755,0.00271,0.0007399,0.00672,-1.0,0.01527,-1.28,-1.015,-1.037,-0.978
0.0152,0.01508,8.5,3.215927124,2.5986692718,3.215,2.439,4.022,3.546,1.0,0.0,0.538,0.0,0.0,0.0,0.0,0.0,-1.0,-9.999999999999999e-31,0.0,0.7092,0.2755,0.00271,0.0007399,0.00672,-1.0,0.01527,-1.327,-1.016,-1.041,-0.972
0.0152,0.01508,8.5,3.2162206173,2.5986734557,3.216,2.457,4.0305,3.562,1.0,0.0,0.538,0.0,0.0,0.0,0.0,0.0,-1.0,-9.999999999999999e-31,0.0,0.7092,0.2755,0.00271,0.0007399,0.00672,-1.0,0.01527,-1.373,-1.021,-1.049,-0.97
0.0152,0.01508,8.5,3.2164642811,2.5986769286,3.216,2.473,4.0381,3.577,1.0,0.0,0.538,0.0,0.0,0.0,0.0,0.0,-1.0,-9.999999999999999e-31,0.0,0.7092,0.2755,0.00271,0.0007399,0.00672,-1.0,0.01527,-1.412,-1.023,-1.054,-0.967
0.0152,0.01508,8.5,3.2165474892,2.5986781144,3.216,2.454,4.0341,3.579,2.0,0.0,0.538,0.0,0.0,0.0,0.0,0.0,-1.0,-9.999999999999999e-31,0.0,0.7092,0.2755,0.00271,0.0007399,0.00672,-1.0,0.01527,-1.366,-0.997,-1.026,-0.944
0.0152,0.01508,8.5,3.2166359425,2.5986793748,3.216,2.43,4.0272,3.576,2.0,0.0,0.538,0.0,0.0,0.0,0.0,0.0,-1.0,-9.999999999999999e-31,0.0,0.7092,0.2755,0.00271,0.0007399,0.00672,-1.0,0.01527,-1.305,-0.968,-0.996,-0.92
0.0152,0.01508,8.5,3.2167210579,2.5986805877,3.216,2.41,4.0179,3.559,2.0,0.0,0.538,0.0,0.0,0.0,0.0,0.0,-1.0,-9.999999999999999e-31,0.0,0.7092,0.2755,0.00271,0.0007399,0.00672,-1.0,0.01527,-1.254,-0.963,-0.986,-0.921
0.0152,0.01508,8.5,3.2168273926,2.5986821028,3.216,2.402,4.0062,3.52,2.0,0.0,0.538,0.0,0.0,0.0,0.0,0.0,-1.0,-9.999999999999999e-31,0.0,0.7092,0.2755,0.00271,0.0007399,0.00672,-1.0,0.01527,-1.235,-0.998,-1.017,-0.966
0.0152,0.01508,8.5,3.2169468403,2.5986838045,3.216,2.409,3.9947,3.467,2.0,0.0,0.538,0.0,0.0,0.0,0.0,0.0,-1.0,-9.999999999999999e-31,0.0,0.7092,0.2755,0.00271,0.0007399,0.00672,-1.0,0.01527,-1.253,-1.069,-1.082,-1.047
0.0152,0.01508,8.5,3.2170836926,2.5986857541,3.216,2.421,3.9831,3.409,2.0,0.0,0.538,0.0,0.0,0.0,0.0,0.0,-1.0,-9.999999999999999e-31,0.0,0.7092,0.2755,0.00271,0.0007399,0.00672,-1.0,0.01527,-1.283,-1.15,-1.158,-1.139
0.0152,0.01508,8.5,3.2172341347,2.5986878971,3.217,2.431,3.9715,3.353,2.0,0.0,0.538,0.0,0.0,0.0,0.0,0.0,-1.0,-9.999999999999999e-31,0.0,0.7092,0.2755,0.00271,0.0007399,0.00672,-1.0,0.01527,-1.306,-1.223,-1.224,-1.224
0.0152,0.01508,8.5,3.2173960209,2.5986902028,3.217,2.436,3.9598,3.3,2.0,0.0,0.538,0.0,0.0,0.0,0.0,0.0,-1.0,-9.999999999999999e-31,0.0,0.7092,0.2755,0.00271,0.0007399,0.00672,-1.0,0.01527,-1.32,-1.283,-1.277,-1.299
0.0152,0.01508,8.5,3.2175662518,2.598692627,3.217,2.439,3.9481,3.251,2.0,0.0,0.538,0.0,0.0,0.0,0.0,0.0,-1.0,-9.999999999999999e-31,0.0,0.7092,0.2755,0.00271,0.0007399,0.00672,-1.0,0.01527,-1.327,-1.333,-1.318,-1.364
0.0152,0.01508,8.5,3.2177426815,2.5986951393,3.217,2.439,3.9363,3.203,2.0,0.0,0.538,0.0,0.0,0.0,0.0,0.0,-1.0,-9.999999999999999e-31,0.0,0.7092,0.2755,0.00271,0.0007399,0.00672,-1.0,0.01527,-1.328,-1.372,-1.348,-1.421
0.0152,0.01508,8.5,3.2179226875,2.5986977021,3.217,2.438,3.9245,3.157,2.0,0.0,0.538,0.0,0.0,0.0,0.0,0.0,-1.0,-9.999999999999999e-31,0.0,0.7092,0.2755,0.00271,0.0007399,0.00672,-1.0,0.01527,-1.325,-1.4,-1.365,-1.47
0.0152,0.01508,8.5,3.2181031704,2.5987002714,3.217,2.436,3.9127,3.113,2.0,0.0,0.538,0.0,0.0,0.0,0.0,0.0,-1.0,-9.999999999999999e-31,0.0,0.7092,0.2755,0.00271,0.0007399,0.00672,-1.0,0.01527,-1.319,-1.419,-1.37,-1.513
0.0152,0.01508,8.5,3.2182815075,2.5987028098,3.218,2.432,3.9008,3.069,2.0,0.0,0.538,0.0,0.0,0.0,0.0,0.0,-1.0,-9.999999999999999e-31,0.0,0.7092,0.2755,0.00271,0.0007399,0.00672,-1.0,0.01527,-1.309,-1.429,-1.367,-1.551
0.0152,0.01508,8.5,3.2184553146,2.5987052835,3.218,2.427,3.889,3.027,2.0,0.0,0.538,0.0,0.0,0.0,0.0,0.0,-1.0,-9.999999999999999e-31,0.0,0.7092,0.2755,0.00271,0.0007399,0.00672,-1.0,0.01527,-1.297,-1.433,-1.354,-1.583
0.0152,0.01508,8.5,3.2186231613,2.598707672,3.218,2.421,3.8771,2.985,2.0,0.0,0.538,0.0,0.0,0.0,0.0,0.0,-1.0,-9.999999999999999e-31,0.0,0.7092,0.2755,0.00271,0.0007399,0.00672,-1.0,0.01527,-1.283,-1.429,-1.331,-1.612
0.0152,0.01508,8.5,3.2187845707,2.5987099686,3.218,2.415,3.8652,2.944,2.0,0.0,0.538,0.0,0.0,0.0,0.0,0.0,-1.0,-9.999999999999999e-31,0.0,0.7092,0.2755,0.00271,0.0007399,0.00672,-1.0,0.01527,-1.267,-1.421,-1.303,-1.637
0.0152,0.01508,8.5,3.2189378738,2.5987121497,3.218,2.407,3.8534,2.904,2.0,0.0,0.538,0.0,0.0,0.0,0.0,0.0,-1.0,-9.999999999999999e-31,0.0,0.7092,0.2755,0.00271,0.0007399,0.00672,-1.0,0.01527,-1.249,-1.408,-1.269,-1.657
0.0152,0.01508,8.5,3.2190833092,2.5987142186,3.218,2.4,3.8415,2.864,2.0,0.0,0.538,0.0,0.0,0.0,0.0,0.0,-1.0,-9.999999999999999e-31,0.0,0.7092,0.2755,0.00271,0.0007399,0.00672,-1.0,0.01527,-1.229,-1.391,-1.231,-1.671
0.0152,0.01508,8.5,3.2192208767,2.5987161753,3.219,2.391,3.8297,2.825,2.0,0.0,0.538,0.0,0.0,0.0,0.0,0.0,-1.0,-9.999999999999999e-31,0.0,0.7092,0.2755,0.00271,0.0007399,0.00672,-1.0,0.01527,-1.208,-1.37,-1.19,-1.682
0.0152,0.01508,8.5,3.2193510532,2.5987180268,3.219,2.382,3.8179,2.787,2.0,0.0,0.538,0.0,0.0,0.0,0.0,0.0,-1.0,-9.999999999999999e-31,0.0,0.7092,0.2755,0.00271,0.0007399,0.00672,-1.0,0.01527,-1.186,-1.346,-1.143,-1.689
0.0152,0.01508,8.5,3.2194740772,2.5987197764,3.219,2.373,3.8061,2.75,2.0,0.0,0.538,0.0,0.0,0.0,0.0,0.0,-1.0,-9.999999999999999e-31,0.0,0.7092,0.2755,0.00271,0.0007399,0.00672,-1.0,0.01527,-1.162,-1.319,-1.094,-1.694
0.0152,0.01508,8.5,3.2195904255,2.5987214309,3.219,2.363,3.7946,2.713,2.0,0.0,0.538,0.0,0.0,0.0,0.0,0.0,-1.0,-9.999999999999999e-31,0.0,0.7092,0.2755,0.00271,0.0007399,0.00672,-1.0,0.01527,-1.137,-1.29,-1.04,-1.695
0.0152,0.01508,8.5,3.2197010517,2.5987230039,3.219,2.352,3.7836,2.68,2.0,0.0,0.538,0.0,0.0,0.0,0.0,0.0,-1.0,-9.999999999999999e-31,0.0,0.7092,0.2755,0.00271,0.0007399,0.00672,-1.0,0.01527,-1.11,-1.258,-0.984,-1.692
0.0152,0.01508,8.5,3.2198085785,2.5987245327,3.219,2.341,3.7733,2.65,2.0,0.0,0.538,0.0,0.0,0.0,0.0,0.0,-1.0,-9.999999999999999e-31,0.0,0.7092,0.2755,0.00271,0.0007399,0.00672,-1.0,0.01527,-1.082,-1.221,-0.923,-1.683
0.0152,0.01508,8.5,3.2199201584,2.598726119,3.219,2.328,3.7636,2.624,2.0,0.0,0.538,0.0,0.0,0.0,0.0,0.0,-1.0,-9.999999999999999e-31,0.0,0.7092,0.2755,0.00271,0.0007399,0.00672,-1.0,0.01527,-1.049,-1.178,-0.858,-1.665
0.0152,0.01508,8.5,3.2200405598,2.5987278306,3.219,2.312,3.7546,2.604,2.0,0.0,0.538,0.0,0.0,0.0,0.0,0.0,-1.0,-9.999999999999999e-31,0.0,0.7092,0.2755,0.00271,0.0007399,0.00672,-1.0,0.01527,-1.01,-1.128,-0.788,-1.637
0.0152,0.01508,8.5,3.2201936245,2.5987300063,3.22,2.289,3.7449,2.588,2.0,0.0,0.538,0.0,0.0,0.0,0.0,0.0,-1.0,-9.999999999999999e-31,0.0,0.7092,0.2755,0.00271,0.0007399,0.00672,-1.0,0.01527,-0.953,-1.057,-0.696,-1.589
0.0152,0.01508,8.5,3.2203354836,2.5987320225,3.22,2.266,3.7371,2.58,2.0,0.0,0.538,0.0,0.0,0.0,0.0,0.0,-1.0,-9.999999999999999e-31,0.0,0.7092,0.2755,0.00271,0.0007399,0.00672,-1.0,0.01527,-0.895,-0.986,-0.608,-1.535
0.0152,0.01508,8.5,3.2204899788,2.5987342181,3.22,2.238,3.7294,2.577,2.0,0.0,0.538,0.0,0.0,0.0,0.0,0.0,-1.0,-9.999999999999999e-31,0.0,0.7092,0.2755,0.00271,0.0007399,0.00672,-1.0,0.01527,-0.826,-0.904,-0.509,-1.47
0.0152,0.01508,8.5,3.2206439972,2.5987364066,3.22,2.211,3.7225,2.577,2.0,0.0,0.538,0.0,0.0,0.0,0.0,0.0,-1.0,-9.999999999999999e-31,0.0,0.7092,0.2755,0.00271,0.0007399,0.00672,-1.0,0.01527,-0.756,-0.821,-0.41,-1.402
0.0152,0.01508,8.5,3.2208058834,2.5987387067,3.22,2.185,3.7155,2.575,2.0,0.0,0.538,0.0,0.0,0.0,0.0,0.0,-1.0,-9.999999999999999e-31,0.0,0.7092,0.2755,0.00271,0.0007399,0.00672,-1.0,0.01527,-0.693,-0.743,-0.317,-1.339
0.0152,0.01508,8.5,3.2209999561,2.5987414638,3.22,2.165,3.7074,2.562,2.0,0.0,0.538,0.0,0.0,0.0,0.0,0.0,-1.0,-9.999999999999999e-31,0.0,0.7092,0.2755,0.00271,0.0007399,0.00672,-1.0,0.01527,-0.644,-0.676,-0.231,-1.29
0.0152,0.01508,8.5,3.2210690975,2.5987424459,3.22,2.161,3.7046,2.555,2.0,0.0,0.538,0.0,0.0,0.0,0.0,0.0,-1.0,-9.999999999999999e-31,0.0,0.7092,0.2755,0.00271,0.0007399,0.00672,-1.0,0.01527,-0.633,-0.659,-0.207,-1.279
0.0152,0.01508,8.5,3.2213027477,2.5987457646,3.221,2.183,3.6956,2.498,3.0,0.0,0.538,0.0,0.0,0.0,0.0,0.0,-1.0,-9.999999999999999e-31,0.0,0.7092,0.2756,0.00271,0.0007399,0.00672,-1.0,0.01527,-0.686,-0.689,-0.215,-1.328
0.0152,0.01508,8.5,3.2214977741,2.5987485342,3.221,2.216,3.6887,2.437,3.0,0.0,0.537,0.0,0.0,0.0,0.0,0.0,-1.0,-9.999999999999999e-31,0.0,0.7091,0.2756,0.002708,0.0007402,0.00672,-1.0,0.01527,-0.769,-0.752,-0.26,-1.407
0.0152,0.01508,8.5,3.2216842175,2.5987511816,3.221,2.255,3.6831,2.375,3.0,0.0,0.535,0.0,0.0,0.0,0.0,0.0,-1.0,-9.999999999999999e-31,0.0,0.7091,0.2757,0.002695,0.0007445,0.00672,-1.0,0.01528,-0.868,-0.834,-0.326,-1.502
0.0152,0.01508,8.5,3.2218680382,2.5987537914,3.221,2.292,3.6787,2.321,3.0,0.0,0.525,0.0,0.0,0.0,0.0,0.0,-1.0,-9.999999999999999e-31,0.0,0.7089,0.2758,0.002646,0.0007737,0.00672,-1.0,0.0153,-0.96,-0.912,-0.391,-1.591
0.0152,0.01508,8.5,3.2221317291,2.5987575345,3.221,2.336,3.6738,2.257,3.0,0.0,0.492,0.0,0.0,0.0,0.0,0.0,-1.0,-9.999999999999999e-31,0.0,0.7088,0.276,0.002479,0.0009375,0.00672,-1.0,0.01527,-1.071,-1.007,-0.471,-1.697
0.0152,0.01508,8.5,3.2224760056,2.5987624205,3.222,2.385,3.6688,2.188,3.0,0.0,0.446,0.0,0.0,0.0,0.0,0.0,-1.0,-9.999999999999999e-31,0.0,0.7085,0.2762,0.002248,0.001215,0.00672,-1.0,0.01533,-1.193,-1.112,-0.561,-1.815
0.0152,0.01508,8.5,3.2226476669,2.5987648563,3.222,2.409,3.6665,2.155,3.0,0.0,0.427,0.0,0.0,0.0,0.0,0.0,-1.0,-9.999999999999999e-31,0.0,0.7083,0.2763,0.002154,0.001331,0.00672,-1.0,0.01536,-1.252,-1.162,-0.604,-1.87
0.0152,0.01508,8.5,3.2228281498,2.5987674169,3.222,2.433,3.6642,2.122,3.0,0.0,0.413,0.0,0.0,0.0,0.0,0.0,-1.0,-9.999999999999999e-31,0.0,0.7082,0.2764,0.002082,0.001419,0.00672,-1.0,0.01537,-1.313,-1.214,-0.649,-1.928
0.0152,0.01508,8.5,3.222918272,2.5987686954,3.222,2.445,3.6631,2.105,3.0,0.0,0.406,0.0,0.0,0.0,0.0,0.0,-1.0,-9.999999999999999e-31,0.0,0.7081,0.2765,0.002047,0.001463,0.00672,-1.0,0.01538,-1.343,-1.24,-0.672,-1.957
0.0152,0.01508,8.5,3.2231936455,2.5987726015,3.222,2.483,3.6596,2.054,3.0,0.0,0.392,0.0,0.0,0.0,0.0,0.0,-1.0,-9.999999999999999e-31,0.0,0.7079,0.2767,0.001973,0.001554,0.006719,-1.0,0.01537,-1.438,-1.322,-0.742,-2.047
0.0152,0.01508,8.5,3.2234690189,2.5987765067,3.223,2.521,3.6563,2.002,3.0,0.0,0.382,3.86,3.08,2.32,1.69,1.38,4.0,-9.999999999999999e-31,0.0,0.707,0.2776,0.001914,0.001666,0.006673,-1.0,0.01539,-1.533,-1.403,-0.811,-2.137
0.0152,0.01508,8.5,3.223744154,2.5987804078,3.223,2.559,3.6532,1.952,3.0,0.0,0.379,4.28,3.37,2.53,1.84,1.5,4.0,-9.999999999999999e-31,0.0,0.7046,0.28,0.001867,0.001817,0.006566,-1.0,0.01541,-1.628,-1.485,-0.884,-2.227
0.0152,0.01508,8.5,3.2240653038,2.5987849604,3.223,2.604,3.6496,1.893,3.0,0.0,0.377,4.82,3.75,2.8,2.04,1.67,4.0,-9.999999999999999e-31,0.0,0.7002,0.2845,0.001819,0.001999,0.006425,-1.0,0.01537,-1.74,-1.582,-0.969,-2.332
0.0152,0.01508,8.5,3.2243402004,2.5987888565,3.224,2.643,3.6465,1.841,3.0,0.0,0.377,5.34,4.12,3.06,2.23,1.83,4.0,-9.999999999999999e-31,0.0,0.6958,0.2889,0.001785,0.002134,0.006317,-1.0,0.01533,-1.837,-1.664,-1.041,-2.421
0.0152,0.01508,8.5,3.2246153355,2.5987927552,3.224,2.682,3.6434,1.79,3.0,0.0,0.376,5.92,4.52,3.34,2.45,2.0,4.0,-9.999999999999999e-31,0.0,0.6913,0.2934,0.001758,0.002247,0.006227,-1.0,0.01535,-1.935,-1.748,-1.116,-2.512
0.0152,0.01508,8.5,3.2249360085,2.5987972982,3.224,2.729,3.6398,1.729,3.0,0.0,0.376,6.7,5.05,3.71,2.72,2.22,4.0,-9.999999999999999e-31,0.0,0.6863,0.2983,0.001732,0.002356,0.00614,-1.0,0.01537,-2.052,-1.848,-1.205,-2.62
0.0152,0.01508,8.5,3.2252109051,2.5988011919,3.224,2.769,3.6366,1.675,3.0,0.0,0.376,7.46,5.56,4.07,2.99,2.44,4.0,-9.999999999999999e-31,0.0,0.6828,0.3019,0.001715,0.002427,0.006083,-1.0,0.01537,-2.153,-1.933,-1.28,-2.712
0.0152,0.01508,8.5,3.2254626751,2.5988047573,3.225,2.807,3.6336,1.625,3.0,0.0,0.376,8.25,6.09,4.44,3.26,2.67,4.0,-9.999999999999999e-31,0.0,0.6801,0.3045,0.001704,0.002476,0.006043,-1.0,0.01536,-2.249,-2.013,-1.351,-2.799
0.0152,0.01508,8.5,3.225761652,2.5988089904,3.225,2.851,3.63,1.567,3.0,0.0,0.376,9.27,6.76,4.91,3.62,2.96,4.0,-9.999999999999999e-31,0.0,0.6775,0.3071,0.001693,0.002522,0.006006,-1.0,0.01536,-2.359,-2.105,-1.432,-2.898
0.0152,0.01508,8.5,3.226180315,2.5988149166,3.225,2.89,3.6269,1.516,3.0,0.0,0.376,10.27,7.41,5.36,3.95,3.23,4.0,-9.999999999999999e-31,0.0,0.6751,0.3095,0.001683,0.002562,0.005973,-1.0,0.01536,-2.455,-2.183,-1.501,-2.983
0.0152,0.01508,8.5,3.2268767357,2.5988247705,3.226,2.874,3.6283,1.538,4.0,0.0,0.376,0.0,0.0,0.0,0.0,0.0,-1.0,-9.999999999999999e-31,0.0,0.6751,0.3095,0.001683,0.002562,0.005973,-1.0,0.01536,-2.415,-2.152,-1.474,-2.948
0.0152,0.01508,8.5,3.2285416126,2.5988483077,3.228,2.83,3.6322,1.598,4.0,0.0,0.376,0.0,0.0,0.0,0.0,0.0,-1.0,-9.999999999999999e-31,0.0,0.6751,0.3095,0.001683,0.002562,0.005973,-1.0,0.01536,-2.306,-2.063,-1.397,-2.852
0.0152,0.01508,8.5,3.2300419807,2.5988694953,3.229,2.781,3.6365,1.664,4.0,0.0,0.376,0.0,0.0,0.0,0.0,0.0,-1.0,-9.999999999999999e-31,0.0,0.6751,0.3095,0.001683,0.002562,0.005973,-1.0,0.01536,-2.183,-1.962,-1.309,-2.741
0.0152,0.01508,8.5,3.2310919762,2.5988843094,3.23,2.738,3.6402,1.722,4.0,0.0,0.376,0.0,0.0,0.0,0.0,0.0,-1.0,-9.999999999999999e-31,0.0,0.6751,0.3095,0.001683,0.002562,0.005973,-1.0,0.01536,-2.076,-1.874,-1.233,-2.645
0.0152,0.01508,8.5,3.2319595814,2.5988965419,3.231,2.698,3.6436,1.775,4.0,0.0,0.376,0.0,0.0,0.0,0.0,0.0,-1.0,-9.999999999999999e-31,0.0,0.6751,0.3095,0.001683,0.002562,0.005973,-1.0,0.01536,-1.976,-1.79,-1.159,-2.554
0.0152,0.01508,8.5,3.2328846455,2.5989095762,3.232,2.654,3.6474,1.836,4.0,0.0,0.376,0.0,0.0,0.0,0.0,0.0,-1.0,-9.999999999999999e-31,0.0,0.6751,0.3095,0.001683,0.002562,0.005973,-1.0,0.01536,-1.864,-1.696,-1.076,-2.45
0.0152,0.01508,8.5,3.2336599827,2.5989204942,3.233,2.615,3.6507,1.887,4.0,0.0,0.376,0.0,0.0,0.0,0.0,0.0,-1.0,-9.999999999999999e-31,0.0,0.6751,0.3095,0.001683,0.002562,0.005973,-1.0,0.01536,-1.769,-1.615,-1.006,-2.362
0.0152,0.01508,8.5,3.2344689369,2.5989318791,3.234,2.576,3.6541,1.94,4.0,0.0,0.376,0.0,0.0,0.0,0.0,0.0,-1.0,-9.999999999999999e-31,0.0,0.6751,0.3095,0.001683,0.002562,0.005973,-1.0,0.01536,-1.67,-1.531,-0.932,-2.27
0.0152,0.01508,8.5,3.235301733,2.5989435928,3.235,2.537,3.6574,1.993,4.0,0.0,0.376,0.0,0.0,0.0,0.0,0.0,-1.0,-9.999999999999999e-31,0.0,0.6751,0.3095,0.001683,0.002562,0.005973,-1.0,0.01536,-1.572,-1.447,-0.859,-2.178
0.0152,0.01508,8.5,3.2361838818,2.5989559931,3.235,2.499,3.6607,2.044,4.0,0.0,0.376,0.0,0.0,0.0,0.0,0.0,-1.0,-9.999999999999999e-31,0.0,0.6752,0.3095,0.001683,0.002562,0.005973,-1.0,0.01536,-1.476,-1.365,-0.788,-2.088
0.0152,0.01508,8.5,3.2371687889,2.5989698286,3.236,2.461,3.6641,2.096,4.0,0.0,0.376,0.0,0.0,0.0,0.0,0.0,-1.0,-9.999999999999999e-31,0.0,0.6752,0.3095,0.001683,0.002562,0.005973,-1.0,0.01536,-1.381,-1.282,-0.717,-1.997
0.0152,0.01508,8.5,3.238298893,2.5989856919,3.237,2.423,3.6675,2.147,4.0,0.0,0.376,0.0,0.0,0.0,0.0,0.0,-1.0,-9.999999999999999e-31,0.0,0.6752,0.3095,0.001683,0.002562,0.005973,-1.0,0.01536,-1.287,-1.201,-0.646,-1.908
0.0152,0.01508,8.5,3.2400243282,2.5990098874,3.239,2.377,3.6719,2.211,4.0,0.0,0.376,0.0,0.0,0.0,0.0,0.0,-1.0,-9.999999999999999e-31,0.0,0.6752,0.3095,0.001684,0.002563,0.005972,-1.0,0.01536,-1.172,-1.102,-0.56,-1.797
0.0152,0.01508,8.5,3.2418062687,2.5990348441,3.241,2.342,3.6756,2.261,4.0,0.0,0.376,0.0,0.0,0.0,0.0,0.0,-1.0,-9.999999999999999e-31,0.0,0.6752,0.3095,0.001684,0.002563,0.005972,-1.0,0.01536,-1.084,-1.027,-0.496,-1.713
0.0152,0.01508,8.5,3.2445547581,2.5990732759,3.244,2.306,3.6801,2.316,4.0,0.0,0.376,0.0,0.0,0.0,0.0,0.0,-1.0,-9.999999999999999e-31,0.0,0.6752,0.3095,0.001684,0.002563,0.005972,-1.0,0.01536,-0.995,-0.952,-0.435,-1.628
0.0152,0.01508,8.5,3.2490253448,2.5991356278,3.248,2.277,3.6857,2.367,4.0,0.0,0.376,0.0,0.0,0.0,0.0,0.0,-1.0,-9.999999999999999e-31,0.0,0.6752,0.3095,0.001684,0.002563,0.005972,-1.0,0.01536,-0.923,-0.897,-0.396,-1.56
0.0152,0.01508,8.5,3.2524623871,2.5991834307,3.252,2.269,3.6893,2.39,4.0,0.0,0.376,0.0,0.0,0.0,0.0,0.0,-1.0,-9.999999999999999e-31,0.0,0.6752,0.3094,0.001684,0.002563,0.005972,-1.0,0.01536,-0.903,-0.888,-0.397,-1.543
0.0152,0.01508,8.5,3.2747929096,2.5994911989,3.274,2.3,3.691,2.369,5.0,0.0,0.376,0.0,0.0,0.0,0.0,0.0,-1.0,-9.999999999999999e-31,0.0,0.6753,0.3094,0.001684,0.002564,0.00597,-1.0,0.01535,-0.98,-0.971,-0.483,-1.621
0.0152,0.01508,8.5,3.3098099232,2.5999642143,3.309,2.353,3.692,2.325,5.0,0.0,0.376,0.0,0.0,0.0,0.0,0.0,-1.0,-9.999999999999999e-31,0.0,0.6754,0.3093,0.001684,0.002565,0.005968,-1.0,0.01534,-1.112,-1.106,-0.62,-1.755
0.0152,0.01508,8.5,3.3450598717,2.6004288918,3.344,2.406,3.6912,2.273,5.0,0.0,0.376,0.0,0.0,0.0,0.0,0.0,-1.0,-9.999999999999999e-31,0.0,0.6755,0.3092,0.001685,0.002567,0.005967,-1.0,0.01533,-1.244,-1.237,-0.748,-1.888
0.0152,0.01508,8.5,3.3558959961,2.6005694835,3.354,2.421,3.6907,2.257,5.0,0.0,0.376,0.0,0.0,0.0,0.0,0.0,-1.0,-9.999999999999999e-31,0.0,0.6755,0.3091,0.001685,0.002567,0.005966,-1.0,0.01533,-1.283,-1.274,-0.784,-1.927
0.0152,0.01508,8.5,3.382240057,2.6009069638,3.38,2.451,3.6854,2.21,6.0,0.0,0.377,0.0,0.0,0.0,0.0,0.0,-1.0,-9.999999999999999e-31,0.0,0.6756,0.3091,0.001685,0.002568,0.005964,-1.0,0.01532,-1.357,-1.332,-0.827,-1.997
0.0152,0.01508,8.5,3.4000000954,2.6011310876,3.398,2.471,3.6808,2.174,6.0,0.0,0.377,0.0,0.0,0.0,0.0,0.0,-1.0,-9.999999999999999e-31,0.0,0.6757,0.309,0.001685,0.002569,0.005964,-1.0,0.01531,-1.407,-1.367,-0.85,-2.043
0.0152,0.01508,8.5,3.402119875,2.6011576586,3.401,2.473,3.6802,2.169,6.0,0.0,0.377,0.0,0.0,0.0,0.0,0.0,-1.0,-9.999999999999999e-31,0.0,0.6757,0.309,0.001685,0.002569,0.005963,-1.0,0.01531,-1.412,-1.371,-0.852,-2.048
0.0152,0.01508,8.5,3.4095389843,2.6012503564,3.408,2.5,3.6726,2.113,6.0,0.0,0.377,0.0,0.0,0.0,0.0,0.0,-1.0,-9.999999999999999e-31,0.0,0.6757,0.309,0.001685,0.002569,0.005963,-1.0,0.01532,-1.481,-1.413,-0.872,-2.108
0.0152,0.01508,8.5,3.4115483761,2.6012753829,3.41,2.547,3.6657,2.039,6.0,0.0,0.377,0.0,0.0,0.0,0.0,0.0,-1.0,-9.999999999999999e-31,0.0,0.6757,0.309,0.001685,0.002569,0.005963,-1.0,0.01532,-1.598,-1.505,-0.943,-2.216
