Zini,MH,logAge,Mini,int_IMF,Mass,LogL,LogTe,logg,label,McoreTP,C_O,period0,period1,period2,period3,period4,pmode,Mloss,tau1m,X,Y,Xc,Xn,Xo,Cexcess,Z,mbolmag,Gmag,G_BPmag,G_RPmag
0.0152,0.01508,9.3,0.0900000036,1.0816895926,0.09,-3.422,3.3624,5.216,0.0,0.0,0.545,0.0,0.0,0.0,0.0,0.0,-1.0,-3.91e-17,0.0,0.709,0.2757,0.002746,0.0007408,0.006719,-1.0,0.01527,13.326,15.38,18.306,13.888
0.0152,0.01508,9.3,0.0900000036,1.0816895926,0.09,-3.422,3.3624,5.216,0.0,0.0,0.545,0.0,0.0,0.0,0.0,0.0,-1.0,-3.91e-17,0.0,0.709,0.2757,0.002746,0.0007408,0.006719,-1.0,0.01527,13.326,15.38,18.306,13.888
0.0152,0.01508,9.3,0.1000000015,1.1711064122,0.1,-3.242,3.388,5.184,0.0,0.0,0.545,0.0,0.0,0.0,0.0,0.0,-1.0,-5.84e-17,0.0,0.7089,0.2758,0.002746,0.0007408,0.006719,-1.0,0.01527,12.875,14.927,17.841,13.437
0.0152,0.01508,9.3,0.1003787071,1.1742621007,0.1,-3.236,3.3887,5.183,0.0,0.0,0.545,0.0,0.0,0.0,0.0,0.0,-1.0,-5.9e-17,0.0,0.7089,0.2758,0.002746,0.0007408,0.006719,-1.0,0.01527,12.861,14.913,17.827,13.423
0.0152,0.01508,9.3,0.1200000122,1.3193155232,0.12,-2.978,3.4227,5.138,1.0,0.0,0.545,0.0,0.0,0.0,0.0,0.0,-1.0,-1.03e-16,0.0,0.7087,0.276,0.002746,0.0007408,0.006719,-1.0,0.01527,12.214,14.188,16.979,12.718
0.0152,0.01508,9.3,0.130674243,1.3858559244,0.131,-2.876,3.4339,5.118,0.0,0.0,0.545,0.0,0.0,0.0,0.0,0.0,-1.0,-1.28e-16,0.0,0.7087,0.2761,0.002746,0.0007408,0.006719,-1.0,0.01527,11.961,13.776,16.347,12.343
0.0152,0.01508,9.3,0.1400000006,1.4384526719,0.14,-2.794,3.443,5.102,0.0,0.0,0.545,0.0,0.0,0.0,0.0,0.0,-1.0,-1.52e-16,0.0,0.7086,0.2761,0.002746,0.0007408,0.006719,-1.0,0.01527,11.755,13.453,15.869,12.048
0.0152,0.01508,9.3,0.1599999964,1.5372931554,0.16,-2.653,3.4565,5.073,0.0,0.0,0.545,0.0,0.0,0.0,0.0,0.0,-1.0,-2.03e-16,0.0,0.7085,0.2763,0.002746,0.0007408,0.006719,-1.0,0.01527,11.403,12.927,15.109,11.568
0.0152,0.01508,9.3,0.1871505231,1.6483720039,0.187,-2.502,3.4697,5.043,1.0,0.0,0.545,0.0,0.0,0.0,0.0,0.0,-1.0,-2.76e-16,0.0,0.7083,0.2764,0.002746,0.0007408,0.006719,-1.0,0.01527,11.025,12.393,14.364,11.078
0.0152,0.01508,9.3,0.200000003,1.6938790862,0.2,-2.438,3.4753,5.03,1.0,0.0,0.545,0.0,0.0,0.0,0.0,0.0,-1.0,-3.14e-16,0.0,0.7082,0.2765,0.002746,0.0007408,0.006719,-1.0,0.01527,10.864,12.171,14.06,10.875
0.0152,0.01508,9.3,0.25,1.8403257998,0.25,-2.235,3.4917,4.99,1.0,0.0,0.545,0.0,0.0,0.0,0.0,0.0,-1.0,-4.69e-16,0.0,0.708,0.2768,0.002746,0.0007408,0.006719,-1.0,0.01527,10.357,11.486,13.144,10.249
0.0152,0.01508,9.3,0.3357457519,2.0194167413,0.336,-1.96,3.5089,4.912,0.0,0.0,0.545,0.0,0.0,0.0,0.0,0.0,-1.0,-8.31e-16,0.0,0.709,0.2757,0.002746,0.0007408,0.006719,-1.0,0.01527,9.671,10.651,12.125,9.469
0.0152,0.01508,9.3,0.3461261988,2.0370223588,0.346,-1.932,3.5109,4.904,0.0,0.0,0.545,0.0,0.0,0.0,0.0,0.0,-1.0,-8.83e-16,0.0,0.7091,0.2757,0.002746,0.0007408,0.006719,-1.0,0.01527,9.599,10.563,12.017,9.386
0.0152,0.01508,9.3,0.3500000238,2.0434175133,0.35,-1.921,3.5116,4.902,0.0,0.0,0.545,0.0,0.0,0.0,0.0,0.0,-1.0,-9.02e-16,0.0,0.7091,0.2756,0.002746,0.0007408,0.006719,-1.0,0.01527,9.573,10.53,11.978,9.356
0.0152,0.01508,9.3,0.3807939291,2.0911830491,0.381,-1.829,3.5185,4.873,0.0,0.0,0.545,0.0,0.0,0.0,0.0,0.0,-1.0,-1.11e-15,0.0,0.7092,0.2756,0.002746,0.0007408,0.006719,-1.0,0.01527,9.342,10.247,11.632,9.094
0.0152,0.01508,9.3,0.3921612799,2.1075626822,0.392,-1.797,3.5209,4.864,0.0,0.0,0.545,0.0,0.0,0.0,0.0,0.0,-1.0,-1.18e-15,0.0,0.7092,0.2756,0.002746,0.0007408,0.006719,-1.0,0.01527,9.263,10.15,11.514,9.004
0.0152,0.01508,9.3,0.4000000358,2.118502481,0.4,-1.776,3.5226,4.859,0.0,0.0,0.545,0.0,0.0,0.0,0.0,0.0,-1.0,-1.24e-15,0.0,0.7092,0.2755,0.002746,0.0007408,0.006719,-1.0,0.01527,9.211,10.086,11.437,8.945
0.0152,0.01508,9.3,0.4392610788,2.169384979,0.439,-1.658,3.5322,4.819,0.0,0.0,0.545,0.0,0.0,0.0,0.0,0.0,-1.0,-1.62e-15,0.0,0.7092,0.2755,0.002746,0.0007408,0.006719,-1.0,0.01527,8.915,9.723,11.0,8.61
0.0152,0.01508,9.3,0.4500000477,2.1822809714,0.45,-1.627,3.5347,4.809,0.0,0.0,0.545,0.0,0.0,0.0,0.0,0.0,-1.0,-1.74e-15,0.0,0.7092,0.2755,0.002746,0.0007408,0.006719,-1.0,0.01527,8.838,9.631,10.889,8.525
0.0152,0.01508,9.3,0.4573403299,2.1908676327,0.457,-1.604,3.5369,4.801,0.0,0.0,0.545,0.0,0.0,0.0,0.0,0.0,-1.0,-1.84e-15,0.0,0.7092,0.2755,0.002746,0.0007408,0.006719,-1.0,0.01527,8.779,9.557,10.8,8.457
0.0152,0.01508,9.3,0.4992288649,2.2366584046,0.499,-1.475,3.549,4.759,0.0,0.0,0.545,0.0,0.0,0.0,0.0,0.0,-1.0,-2.49e-15,0.0,0.7092,0.2755,0.002746,0.0007408,0.006719,-1.0,0.01527,8.457,9.16,10.322,8.094
0.0152,0.01508,9.3,0.5,2.2374541529,0.5,-1.473,3.5493,4.759,0.0,0.0,0.545,0.0,0.0,0.0,0.0,0.0,-1.0,-2.5e-15,0.0,0.7092,0.2755,0.002746,0.0007408,0.006719,-1.0,0.01527,8.451,9.153,10.314,8.087
0.0152,0.01508,9.3,0.5500000119,2.2836582633,0.55,-1.311,3.5679,4.712,1.0,0.0,0.545,0.0,0.0,0.0,0.0,0.0,-1.0,-3.65e-15,0.0,0.7139,0.2711,0.002704,0.0007295,0.006616,-1.0,0.01504,8.046,8.633,9.676,7.621
0.0152,0.01508,9.3,0.6000000238,2.3211213258,0.6,-1.148,3.5908,4.679,1.0,0.0,0.545,0.0,0.0,0.0,0.0,0.0,-1.0,-5.28e-15,0.0,0.7146,0.2703,0.002697,0.0007278,0.006602,-1.0,0.01502,7.639,8.095,9.015,7.15
0.0152,0.01508,9.3,0.6234477758,2.3363287348,0.623,-1.07,3.6038,4.67,1.0,0.0,0.545,0.0,0.0,0.0,0.0,0.0,-1.0,-6.26e-15,0.0,0.7149,0.27,0.002695,0.0007271,0.006595,-1.0,0.01501,7.445,7.836,8.696,6.925
0.0152,0.01508,9.3,0.6499999762,2.3520353107,0.65,-0.985,3.618,4.66,1.0,0.0,0.545,0.0,0.0,0.0,0.0,0.0,-1.0,-7.55e-15,0.0,0.7153,0.2697,0.002692,0.0007263,0.006588,-1.0,0.01501,7.232,7.556,8.353,6.682
0.0152,0.01508,9.3,0.6869211197,2.3715719442,0.687,-0.868,3.6392,4.652,1.0,0.0,0.545,0.0,0.0,0.0,0.0,0.0,-1.0,-9.69e-15,0.0,0.7158,0.2692,0.002688,0.0007252,0.006578,-1.0,0.01496,6.941,7.162,7.865,6.349
0.0152,0.01508,9.3,0.7000000477,2.3779267258,0.7,-0.828,3.6464,4.649,1.0,0.0,0.545,0.0,0.0,0.0,0.0,0.0,-1.0,-1.06e-14,0.0,0.716,0.2691,0.002686,0.0007249,0.006575,-1.0,0.01495,6.841,7.027,7.699,6.236
0.0152,0.01508,9.3,0.75,2.3998889087,0.75,-0.679,3.6751,4.644,1.0,0.0,0.537,0.0,0.0,0.0,0.0,0.0,-1.0,-1.44e-14,0.0,0.7166,0.2685,0.002646,0.0007226,0.006564,-1.0,0.01493,6.468,6.528,7.089,5.819
0.0152,0.01508,9.3,0.7878964543,2.414416669,0.788,-0.576,3.6909,4.626,1.0,0.0,0.537,0.0,0.0,0.0,0.0,0.0,-1.0,-1.82e-14,0.0,0.7174,0.2677,0.002639,0.0007208,0.006549,-1.0,0.01491,6.211,6.218,6.729,5.549
0.0152,0.01508,9.3,0.8000000119,2.4187244405,0.8,-0.544,3.6958,4.621,1.0,0.0,0.537,0.0,0.0,0.0,0.0,0.0,-1.0,-1.96e-14,0.0,0.7176,0.2675,0.002637,0.0007203,0.006544,-1.0,0.0149,6.131,6.124,6.62,5.468
0.0152,0.01508,9.3,0.8104149699,2.4223130175,0.81,-0.517,3.7,4.615,1.0,0.0,0.537,0.0,0.0,0.0,0.0,0.0,-1.0,-2.09e-14,0.0,0.7178,0.2673,0.002635,0.0007198,0.006539,-1.0,0.01487,6.063,6.043,6.527,5.398
0.0152,0.01508,9.3,0.8500000238,2.435034684,0.85,-0.415,3.7153,4.596,1.0,0.0,0.537,0.0,0.0,0.0,0.0,0.0,-1.0,-2.63e-14,0.0,0.7188,0.2664,0.002628,0.0007178,0.006521,-1.0,0.01477,5.809,5.753,6.196,5.143
0.0152,0.01508,9.3,0.9000000358,2.4492786175,0.899,-0.292,3.733,4.568,1.0,0.0,0.537,0.0,0.0,0.0,0.0,0.0,-1.0,-3.5e-14,0.0,0.7202,0.2651,0.002616,0.0007146,0.006492,-1.0,0.01476,5.501,5.411,5.813,4.84
0.0152,0.01508,9.3,0.943169117,2.4601898302,0.943,-0.189,3.7468,4.541,1.0,0.0,0.537,0.0,0.0,0.0,0.0,0.0,-1.0,-4.48e-14,0.0,0.7218,0.2635,0.002603,0.0007111,0.006461,-1.0,0.01466,5.243,5.135,5.504,4.597
0.0152,0.01508,9.3,0.9500000477,2.4618122009,0.949,-0.173,3.7489,4.537,1.0,0.0,0.537,0.0,0.0,0.0,0.0,0.0,-1.0,-4.66e-14,0.0,0.7221,0.2633,0.002601,0.0007105,0.006456,-1.0,0.01464,5.204,5.093,5.457,4.56
0.0152,0.01508,9.3,0.9855480194,2.4698391363,0.985,-0.091,3.7591,4.511,1.0,0.0,0.537,0.0,0.0,0.0,0.0,0.0,-1.0,-5.7e-14,0.0,0.7239,0.2615,0.002586,0.0007065,0.00642,-1.0,0.01457,4.997,4.878,5.219,4.369
0.0152,0.01508,9.3,1.0,2.4729154477,1.0,-0.058,3.7631,4.5,1.0,0.0,0.537,0.0,0.0,0.0,0.0,0.0,-1.0,-6.17e-14,0.0,0.7247,0.2608,0.002579,0.0007047,0.006404,-1.0,0.01454,4.915,4.794,5.126,4.293
0.0152,0.01508,9.3,1.0077522993,2.474523885,1.008,-0.04,3.7651,4.494,1.0,0.0,0.537,0.0,0.0,0.0,0.0,0.0,-1.0,-6.38e-14,0.0,0.7252,0.2603,0.002575,0.0007035,0.006393,-1.0,0.01452,4.871,4.748,5.076,4.253
0.0152,0.01508,9.3,1.0473544598,2.4823150526,1.047,0.049,3.775,4.461,1.0,0.0,0.537,0.0,0.0,0.0,0.0,0.0,-1.0,-7.53e-14,0.0,0.7283,0.2573,0.00255,0.0006967,0.006332,-1.0,0.01441,4.648,4.521,4.826,4.05
0.0152,0.01508,9.3,1.0499999523,2.482811486,1.049,0.055,3.7756,4.459,1.0,0.0,0.537,0.0,0.0,0.0,0.0,0.0,-1.0,-7.61e-14,0.0,0.7285,0.2571,0.002548,0.0006962,0.006328,-1.0,0.0144,4.633,4.506,4.81,4.037
0.0152,0.01508,9.3,1.0730963945,2.4870263009,1.072,0.106,3.7809,4.438,1.0,0.0,0.537,0.0,0.0,0.0,0.0,0.0,-1.0,-8.35e-14,0.0,0.7312,0.2545,0.002525,0.0006902,0.006274,-1.0,0.01425,4.506,4.377,4.669,3.92
0.0152,0.01508,9.3,1.1000000238,2.491680148,1.099,0.165,3.7867,4.414,1.0,0.0,0.536,0.0,0.0,0.0,0.0,0.0,-1.0,-9.3e-14,0.0,0.7347,0.2512,0.002497,0.0006825,0.006205,-1.0,0.01409,4.359,4.23,4.509,3.787
0.0152,0.01508,9.3,1.1240649223,2.4956266098,1.123,0.216,3.7916,4.391,1.0,0.0,0.536,0.0,0.0,0.0,0.0,0.0,-1.0,-1.02e-13,0.0,0.7378,0.2482,0.002474,0.0006764,0.006151,-1.0,0.01398,4.23,4.101,4.37,3.67
0.0152,0.01508,9.3,1.1499999762,2.4996678137,1.149,0.271,3.7966,4.366,1.0,0.0,0.536,0.0,0.0,0.0,0.0,0.0,-1.0,-1.13e-13,0.0,0.7412,0.245,0.00245,0.00067,0.006094,-1.0,0.01382,4.093,3.964,4.223,3.546
0.0152,0.01508,9.3,1.1519014835,2.4999558835,1.151,0.275,3.797,4.364,1.0,0.0,0.536,0.0,0.0,0.0,0.0,0.0,-1.0,-1.13e-13,0.0,0.7412,0.245,0.00245,0.0006702,0.006095,-1.0,0.01382,4.083,3.954,4.212,3.537
0.0152,0.01508,9.3,1.1860864162,2.5049540845,1.185,0.346,3.8032,4.331,1.0,0.0,0.536,0.0,0.0,0.0,0.0,0.0,-1.0,-1.28e-13,0.0,0.7409,0.2452,0.002463,0.0006737,0.006129,-1.0,0.01391,3.905,3.777,4.022,3.375
0.0152,0.01508,9.3,1.2000000477,2.5068948796,1.199,0.375,3.8056,4.317,1.0,0.0,0.536,0.0,0.0,0.0,0.0,0.0,-1.0,-1.35e-13,0.0,0.7406,0.2454,0.002469,0.0006756,0.006147,-1.0,0.01396,3.833,3.706,3.947,3.31
0.0152,0.01508,9.3,1.25,2.5134610955,1.249,0.472,3.8132,4.268,1.0,0.0,0.535,0.0,0.0,0.0,0.0,0.0,-1.0,-1.57e-13,0.0,0.7409,0.2451,0.002469,0.0006756,0.006148,-1.0,0.01395,3.59,3.464,3.69,3.087
0.0152,0.01508,9.3,1.2999999523,2.5194498592,1.3,0.562,3.8191,4.218,1.0,0.0,0.535,0.0,0.0,0.0,0.0,0.0,-1.0,-1.79e-13,0.0,0.7413,0.2448,0.002467,0.0006748,0.006145,-1.0,0.01396,3.364,3.238,3.453,2.875
0.0152,0.01508,9.3,1.3035379648,2.5198536553,1.303,0.569,3.8195,4.214,1.0,0.0,0.535,0.0,0.0,0.0,0.0,0.0,-1.0,-1.8e-13,0.0,0.7412,0.2448,0.002468,0.000675,0.006147,-1.0,0.01396,3.349,3.222,3.437,2.861
0.0152,0.01508,9.3,1.3500001431,2.5249313723,1.35,0.648,3.8232,4.165,1.0,0.0,0.535,0.0,0.0,0.0,0.0,0.0,-1.0,-1.98e-13,0.0,0.7401,0.2459,0.002477,0.0006767,0.00618,-1.0,0.01407,3.151,3.024,3.232,2.672
0.0152,0.01508,9.3,1.3779371977,2.5277956681,1.378,0.694,3.8249,4.135,1.0,0.0,0.534,0.0,0.0,0.0,0.0,0.0,-1.0,-2.08e-13,0.0,0.7402,0.2458,0.002477,0.0006749,0.006185,-1.0,0.01404,3.034,2.907,3.112,2.559
0.0152,0.01508,9.3,1.4000000954,2.5299650415,1.4,0.731,3.8259,4.109,1.0,0.0,0.534,0.0,0.0,0.0,0.0,0.0,-1.0,-2.16e-13,0.0,0.7401,0.2458,0.002478,0.0006739,0.006187,-1.0,0.01404,2.943,2.815,3.018,2.47
0.0152,0.01508,9.3,1.4292627573,2.5327238576,1.429,0.779,3.8271,4.074,1.0,0.0,0.535,0.0,0.0,0.0,0.0,0.0,-1.0,-2.23e-13,0.0,0.7398,0.2461,0.002478,0.0006756,0.006177,-1.0,0.01407,2.822,2.694,2.894,2.352
0.0152,0.01508,9.3,1.4500000477,2.5346015836,1.45,0.813,3.8277,4.049,1.0,0.0,0.535,0.0,0.0,0.0,0.0,0.0,-1.0,-2.29e-13,0.0,0.7396,0.2463,0.002478,0.0006769,0.00617,-1.0,0.01408,2.737,2.608,2.807,2.268
0.0152,0.01508,9.3,1.4745842218,2.5367491453,1.474,0.853,3.8273,4.015,1.0,0.0,0.536,0.0,0.0,0.0,0.0,0.0,-1.0,-2.32e-13,0.0,0.7395,0.2465,0.002478,0.000677,0.006167,-1.0,0.01405,2.638,2.509,2.708,2.168
0.0152,0.01508,9.3,1.4993760586,2.538833035,1.499,0.892,3.8262,3.978,1.0,0.0,0.536,0.0,0.0,0.0,0.0,0.0,-1.0,-2.35e-13,0.0,0.7393,0.2467,0.002479,0.0006772,0.006166,-1.0,0.014,2.539,2.409,2.61,2.066
0.0152,0.01508,9.3,1.5,2.5388844597,1.5,0.893,3.8261,3.977,1.0,0.0,0.536,0.0,0.0,0.0,0.0,0.0,-1.0,-2.35e-13,0.0,0.7393,0.2467,0.002479,0.0006772,0.006166,-1.0,0.014,2.537,2.406,2.607,2.063
0.0152,0.01508,9.3,1.5007966757,2.5389500494,1.501,0.895,3.8261,3.976,1.0,0.0,0.536,0.0,0.0,0.0,0.0,0.0,-1.0,-2.35e-13,0.0,0.7393,0.2467,0.002479,0.0006772,0.006166,-1.0,0.014,2.534,2.403,2.604,2.06
0.0152,0.01508,9.3,1.5185208321,2.5403888249,1.518,0.922,3.8243,3.947,1.0,0.0,0.536,0.0,0.0,0.0,0.0,0.0,-1.0,-2.32e-13,0.0,0.7392,0.2467,0.00248,0.0006775,0.006171,-1.0,0.01403,2.465,2.334,2.538,1.988
0.0152,0.01508,9.3,1.5406008959,2.5421280473,1.54,0.955,3.821,3.907,1.0,0.0,0.536,0.0,0.0,0.0,0.0,0.0,-1.0,-2.3e-13,0.0,0.7391,0.2468,0.002482,0.0006781,0.006178,-1.0,0.01408,2.382,2.25,2.459,1.896
0.0152,0.01508,9.3,1.5499999523,2.5428511323,1.55,0.969,3.8194,3.889,1.0,0.0,0.536,0.0,0.0,0.0,0.0,0.0,-1.0,-2.29e-13,0.0,0.739,0.2469,0.002483,0.0006784,0.006181,-1.0,0.01409,2.348,2.215,2.426,1.857
0.0152,0.01508,9.3,1.5643664598,2.543937086,1.564,0.99,3.8169,3.862,1.0,0.0,0.536,0.0,0.0,0.0,0.0,0.0,-1.0,-2.19e-13,0.0,0.7388,0.2471,0.002484,0.0006789,0.006182,-1.0,0.01408,2.295,2.161,2.377,1.798
0.0152,0.01508,9.3,1.5819106102,2.5452325195,1.581,1.015,3.813,3.826,1.0,0.0,0.536,0.0,0.0,0.0,0.0,0.0,-1.0,-2.09e-13,0.0,0.7386,0.2473,0.002485,0.0006796,0.006184,-1.0,0.01408,2.232,2.098,2.321,1.727
0.0152,0.01508,9.3,1.5986571312,2.5464386044,1.598,1.038,3.8084,3.789,1.0,0.0,0.536,0.0,0.0,0.0,0.0,0.0,-1.0,-2e-13,0.0,0.7384,0.2476,0.002487,0.0006804,0.006187,-1.0,0.01404,2.175,2.04,2.271,1.657
0.0152,0.01508,9.3,1.6000000238,2.5465340628,1.599,1.04,3.8081,3.787,1.0,0.0,0.536,0.0,0.0,0.0,0.0,0.0,-1.0,-1.99e-13,0.0,0.7383,0.2476,0.002488,0.0006805,0.006187,-1.0,0.01405,2.171,2.035,2.267,1.652
0.0152,0.01508,9.3,1.6149644852,2.5475854592,1.614,1.059,3.8037,3.754,1.0,0.0,0.536,0.0,0.0,0.0,0.0,0.0,-1.0,-1.74e-13,0.0,0.7381,0.2478,0.002489,0.0006809,0.006192,-1.0,0.01409,2.122,1.986,2.226,1.592
0.0152,0.01508,9.3,1.6305971146,2.5486601335,1.63,1.079,3.7987,3.718,1.0,0.0,0.536,0.0,0.0,0.0,0.0,0.0,-1.0,-1.53e-13,0.0,0.7378,0.2481,0.002492,0.0006815,0.006198,-1.0,0.01413,2.071,1.935,2.185,1.529
0.0152,0.01508,9.3,1.6465095282,2.5497299749,1.646,1.103,3.7938,3.679,1.0,0.0,0.536,0.0,0.0,0.0,0.0,0.0,-1.0,-1.35e-13,0.0,0.7375,0.2484,0.002494,0.0006821,0.006205,-1.0,0.01414,2.013,1.877,2.137,1.458
0.0152,0.01508,9.3,1.6500000954,2.5499614852,1.649,1.109,3.793,3.67,1.0,0.0,0.536,0.0,0.0,0.0,0.0,0.0,-1.0,-1.32e-13,0.0,0.7374,0.2485,0.002495,0.0006822,0.006207,-1.0,0.01414,1.996,1.86,2.122,1.44
0.0152,0.01508,9.3,1.6546018124,2.5502649761,1.654,1.119,3.7921,3.658,1.0,0.0,0.536,0.0,0.0,0.0,0.0,0.0,-1.0,-3.39e-15,0.0,0.7373,0.2485,0.002495,0.0006825,0.006208,-1.0,0.01415,1.973,1.837,2.1,1.415
0.0152,0.01508,9.3,1.6588834524,2.5505456191,1.658,1.144,3.7953,3.647,1.0,0.0,0.536,0.0,0.0,0.0,0.0,0.0,-1.0,-1.17e-16,0.0,0.7372,0.2486,0.002496,0.0006827,0.006209,-1.0,0.01413,1.909,1.772,2.028,1.358
0.0152,0.01508,9.3,1.662389636,2.5507741966,1.662,1.181,3.8017,3.636,1.0,0.0,0.536,0.0,0.0,0.0,0.0,0.0,-1.0,-7.61e-18,0.0,0.7371,0.2487,0.002497,0.0006829,0.006211,-1.0,0.01412,1.817,1.679,1.922,1.281
0.0152,0.01508,9.3,1.6632660627,2.5508311601,1.663,1.211,3.8082,3.632,1.0,0.0,0.536,0.0,0.0,0.0,0.0,0.0,-1.0,-3.99e-18,0.0,0.7371,0.2488,0.002497,0.000683,0.006211,-1.0,0.01413,1.743,1.604,1.834,1.223
0.0152,0.01508,9.3,1.6636105776,2.550853533,1.663,1.239,3.8143,3.63,1.0,0.0,0.536,0.0,0.0,0.0,0.0,0.0,-1.0,-3.18e-18,0.0,0.7371,0.2488,0.002497,0.000683,0.006211,-1.0,0.01413,1.673,1.535,1.753,1.169
0.0152,0.01508,9.3,1.6637768745,2.5508643285,1.663,1.264,3.8201,3.628,1.0,0.0,0.536,0.0,0.0,0.0,0.0,0.0,-1.0,-2.91e-18,0.0,0.7371,0.2488,0.002497,0.0006831,0.006211,-1.0,0.01413,1.611,1.472,1.68,1.12
0.0152,0.01508,9.3,1.6639039516,2.5508725764,1.663,1.285,3.8255,3.628,1.0,0.0,0.536,0.0,0.0,0.0,0.0,0.0,-1.0,-2.73e-18,0.0,0.7371,0.2488,0.002497,0.0006831,0.006212,-1.0,0.01413,1.558,1.419,1.617,1.081
0.0152,0.01508,9.3,1.6639398336,2.550874905,1.663,1.272,3.8238,3.634,2.0,0.0,0.536,0.0,0.0,0.0,0.0,0.0,-1.0,-2.59e-18,0.0,0.7371,0.2488,0.002497,0.0006831,0.006212,-1.0,0.01413,1.589,1.45,1.651,1.108
0.0152,0.01508,9.3,1.6640044451,2.5508790978,1.663,1.241,3.8179,3.642,2.0,0.0,0.536,0.0,0.0,0.0,0.0,0.0,-1.0,-2.32e-18,0.0,0.7371,0.2488,0.002497,0.0006831,0.006212,-1.0,0.01413,1.667,1.529,1.74,1.172
0.0152,0.01508,9.3,1.6640856266,2.5508843653,1.663,1.222,3.8098,3.628,2.0,0.0,0.536,0.0,0.0,0.0,0.0,0.0,-1.0,-2.13e-18,0.0,0.7371,0.2488,0.002497,0.0006831,0.006212,-1.0,0.01413,1.714,1.576,1.802,1.199
0.0152,0.01508,9.3,1.6642067432,2.550892223,1.663,1.225,3.8007,3.589,2.0,0.0,0.536,0.0,0.0,0.0,0.0,0.0,-1.0,-2e-18,0.0,0.7371,0.2488,0.002497,0.0006831,0.006212,-1.0,0.01413,1.708,1.57,1.814,1.17
0.0152,0.01508,9.3,1.6644026041,2.550904927,1.664,1.231,3.7913,3.545,2.0,0.0,0.536,0.0,0.0,0.0,0.0,0.0,-1.0,-1.79e-18,0.0,0.7371,0.2488,0.002497,0.0006831,0.006212,-1.0,0.01413,1.692,1.555,1.819,1.132
0.0152,0.01508,9.3,1.6647076607,2.5509247069,1.664,1.228,3.7819,3.51,2.0,0.0,0.536,0.0,0.0,0.0,0.0,0.0,-1.0,-1.43e-18,0.0,0.7367,0.2492,0.0025,0.0006839,0.006219,-1.0,0.01415,1.699,1.565,1.848,1.119
0.0152,0.01508,9.3,1.6651335955,2.5509523107,1.664,1.215,3.7722,3.485,2.0,0.0,0.536,0.0,0.0,0.0,0.0,0.0,-1.0,-1.02e-18,0.0,0.7349,0.2508,0.002513,0.0006874,0.00625,-1.0,0.01423,1.732,1.603,1.908,1.133
0.0152,0.01508,9.3,1.6656683683,2.5509869449,1.665,1.191,3.7624,3.47,2.0,0.0,0.537,0.0,0.0,0.0,0.0,0.0,-1.0,-6.45e-19,0.0,0.7288,0.2567,0.00256,0.0006998,0.006361,-1.0,0.01448,1.792,1.671,1.997,1.178
0.0152,0.01508,9.3,1.6662213802,2.5510227335,1.665,1.159,3.753,3.465,2.0,0.0,0.537,0.0,0.0,0.0,0.0,0.0,-1.0,-3.95e-19,0.0,0.7227,0.2626,0.002607,0.0007124,0.006473,-1.0,0.01473,1.872,1.761,2.107,1.246
0.0152,0.01508,9.3,1.6666350365,2.5510494858,1.666,1.131,3.7461,3.465,2.0,0.0,0.537,0.0,0.0,0.0,0.0,0.0,-1.0,-2.72e-19,0.0,0.7196,0.2656,0.002631,0.0007189,0.006531,-1.0,0.01485,1.942,1.84,2.2,1.309
0.0152,0.01508,9.3,1.6670390368,2.5510755988,1.666,1.103,3.7393,3.466,2.0,0.0,0.537,0.0,0.0,0.0,0.0,0.0,-1.0,-1.89e-19,0.0,0.7173,0.2677,0.002648,0.0007234,0.006571,-1.0,0.01495,2.011,1.918,2.293,1.372
0.0152,0.01508,9.3,1.6675646305,2.5511095494,1.667,1.074,3.7307,3.46,2.0,0.0,0.538,0.0,0.0,0.0,0.0,0.0,-1.0,-1.2e-19,0.0,0.7152,0.2697,0.002663,0.0007274,0.006606,-1.0,0.01505,2.084,2.005,2.399,1.44
0.0152,0.01508,9.3,1.6680886745,2.5511433754,1.667,1.062,3.7228,3.441,2.0,0.0,0.538,0.0,0.0,0.0,0.0,0.0,-1.0,-7.87e-20,0.0,0.7136,0.2713,0.002673,0.0007303,0.006631,-1.0,0.01509,2.114,2.049,2.46,1.468
0.0152,0.01508,9.3,1.6686112881,2.5511770847,1.668,1.065,3.7155,3.409,2.0,0.0,0.537,0.0,0.0,0.0,0.0,0.0,-1.0,-5.36e-20,0.0,0.7121,0.2728,0.002679,0.0007327,0.006649,-1.0,0.01509,2.106,2.056,2.483,1.46
0.0152,0.01508,9.3,1.6688587666,2.5511930389,1.668,1.081,3.7129,3.383,2.0,0.0,0.53,0.0,0.0,0.0,0.0,0.0,-1.0,-4.58e-20,0.0,0.7111,0.2737,0.002643,0.00076,0.006655,-1.0,0.01512,2.068,2.023,2.456,1.421
0.0152,0.01508,9.3,1.6693531275,2.5512248927,1.669,1.116,3.708,3.328,3.0,0.0,0.502,0.0,0.0,0.0,0.0,0.0,-1.0,-3.36e-20,0.0,0.7091,0.2758,0.00251,0.0008867,0.006667,-1.0,0.01519,1.979,1.945,2.39,1.332
0.0152,0.01508,9.3,1.6698044538,2.5512539546,1.669,1.157,3.7043,3.272,3.0,0.0,0.456,0.0,0.0,0.0,0.0,0.0,-1.0,-2.58e-20,0.0,0.7067,0.2781,0.002281,0.001155,0.006674,-1.0,0.01525,1.877,1.852,2.306,1.231
0.0152,0.01508,9.3,1.6702032089,2.5512796164,1.669,1.198,3.7014,3.221,3.0,0.0,0.423,0.0,0.0,0.0,0.0,0.0,-1.0,-2.05e-20,0.0,0.7045,0.2802,0.002116,0.001359,0.006679,-1.0,0.01527,1.776,1.758,2.219,1.13
0.0152,0.01508,9.3,1.670575738,2.5513035776,1.67,1.237,3.6989,3.171,3.0,0.0,0.402,0.0,0.0,0.0,0.0,0.0,-1.0,-1.66e-20,0.0,0.7025,0.2821,0.002015,0.001486,0.006683,-1.0,0.01531,1.676,1.665,2.132,1.032
0.0152,0.01508,9.3,1.6709346771,2.5513266531,1.67,1.277,3.6966,3.122,3.0,0.0,0.389,0.0,0.0,0.0,0.0,0.0,-1.0,-1.35e-20,0.0,0.7009,0.2838,0.001952,0.001567,0.006688,-1.0,0.01532,1.577,1.572,2.045,0.933
0.0152,0.01508,9.3,1.6712832451,2.5513490509,1.671,1.317,3.6943,3.073,3.0,0.0,0.38,0.0,0.0,0.0,0.0,0.0,-1.0,-1.1e-20,0.0,0.6994,0.2853,0.00191,0.001623,0.006695,-1.0,0.01533,1.478,1.479,1.958,0.836
0.0152,0.01508,9.3,1.671626687,2.5513711089,1.671,1.356,3.6921,3.025,3.0,0.0,0.374,0.0,0.0,0.0,0.0,0.0,-1.0,-9.06e-21,0.0,0.6979,0.2867,0.001882,0.001667,0.006702,-1.0,0.01538,1.379,1.387,1.872,0.738
0.0152,0.01508,9.3,1.6719660759,2.5513928963,1.671,1.395,3.6899,2.977,3.0,0.0,0.37,0.0,0.0,0.0,0.0,0.0,-1.0,-7.44e-21,0.0,0.6965,0.2881,0.001861,0.001707,0.006695,-1.0,0.01541,1.282,1.295,1.786,0.642
0.0152,0.01508,9.3,1.6724739075,2.5514254781,1.672,1.452,3.6868,2.908,3.0,0.0,0.368,0.0,0.0,0.0,0.0,0.0,-1.0,-5.5e-21,0.0,0.6938,0.2907,0.001837,0.001773,0.006656,-1.0,0.01544,1.14,1.163,1.661,0.502
0.0152,0.01508,9.3,1.6728963852,2.5514525663,1.672,1.499,3.6842,2.851,3.0,0.0,0.367,0.0,0.0,0.0,0.0,0.0,-1.0,-4.26e-21,0.0,0.6916,0.293,0.001821,0.001823,0.006618,-1.0,0.01542,1.022,1.053,1.558,0.387
0.0152,0.01508,9.3,1.6733202934,2.5514797305,1.673,1.547,3.6815,2.792,3.0,0.0,0.366,0.0,0.0,0.0,0.0,0.0,-1.0,-3.2900000000000002e-21,0.0,0.6897,0.2949,0.001809,0.001864,0.006586,-1.0,0.01544,0.903,0.942,1.454,0.27
0.0152,0.01508,9.3,1.6736553907,2.5515011924,1.673,1.585,3.6793,2.746,3.0,0.0,0.366,0.0,0.0,0.0,0.0,0.0,-1.0,-2.6800000000000003e-21,0.0,0.6884,0.2962,0.001802,0.001891,0.006565,-1.0,0.01542,0.807,0.854,1.372,0.177
0.0152,0.01508,9.3,1.6740194559,2.5515244984,1.673,1.627,3.6768,2.694,3.0,0.0,0.366,0.0,0.0,0.0,0.0,0.0,-1.0,-2.14e-21,0.0,0.6873,0.2973,0.001796,0.001913,0.006548,-1.0,0.0154,0.703,0.758,1.283,0.076
0.0152,0.01508,9.3,1.674393177,2.5515484105,1.674,1.67,3.6741,2.64,3.0,0.0,0.365,0.0,0.0,0.0,0.0,0.0,-1.0,-1.7e-21,0.0,0.6865,0.2981,0.001792,0.001929,0.006535,-1.0,0.01542,0.594,0.659,1.19,-0.03
0.0152,0.01508,9.3,1.6747134924,2.5515688957,1.674,1.709,3.6718,2.592,3.0,0.0,0.365,0.0,0.0,0.0,0.0,0.0,-1.0,-1.3900000000000001e-21,0.0,0.686,0.2986,0.001789,0.001939,0.006528,-1.0,0.01542,0.498,0.571,1.109,-0.123
0.0152,0.01508,9.3,1.675039649,2.5515897451,1.674,1.749,3.6692,2.542,3.0,0.0,0.365,0.0,0.0,0.0,0.0,0.0,-1.0,-1.1400000000000001e-21,0.0,0.6857,0.2989,0.001788,0.001944,0.006523,-1.0,0.0154,0.399,0.48,1.026,-0.219
0.0152,0.01508,9.3,1.675365448,2.5516105625,1.675,1.789,3.6666,2.492,3.0,0.0,0.365,0.0,0.0,0.0,0.0,0.0,-1.0,-9.3e-22,0.0,0.6856,0.299,0.001787,0.001947,0.006521,-1.0,0.01539,0.298,0.39,0.942,-0.316
0.0152,0.01508,9.3,1.6756854057,2.5516309975,1.675,1.828,3.664,2.442,3.0,0.0,0.365,0.0,0.0,0.0,0.0,0.0,-1.0,-7.61e-22,0.0,0.6856,0.299,0.001787,0.001948,0.006521,-1.0,0.01539,0.199,0.3,0.861,-0.412
0.0152,0.01508,9.3,1.6760544777,2.5516545582,1.675,1.875,3.661,2.384,3.0,0.0,0.365,0.0,0.0,0.0,0.0,0.0,-1.0,-6.03e-22,0.0,0.6856,0.299,0.001787,0.001948,0.006521,-1.0,0.01539,0.084,0.196,0.767,-0.524
0.0152,0.01508,9.3,1.6763534546,2.5516736354,1.676,1.912,3.6585,2.336,3.0,0.0,0.365,0.0,0.0,0.0,0.0,0.0,-1.0,-4.99e-22,0.0,0.6856,0.299,0.001787,0.001948,0.00652,-1.0,0.01539,-0.01,0.112,0.692,-0.614
0.0152,0.01508,9.3,1.6766620874,2.5516933206,1.676,1.95,3.6559,2.288,3.0,0.0,0.365,0.0,0.0,0.0,0.0,0.0,-1.0,-4.0900000000000002e-22,0.0,0.6856,0.299,0.001787,0.001949,0.00652,-1.0,0.01539,-0.105,0.029,0.618,-0.705
0.0152,0.01508,9.3,1.6770495176,2.5517180198,1.676,1.99,3.6532,2.237,3.0,0.0,0.365,0.0,0.0,0.0,0.0,0.0,-1.0,-3.14e-22,0.0,0.6856,0.299,0.001787,0.001949,0.00652,-1.0,0.01539,-0.205,-0.06,0.538,-0.8
0.0152,0.01508,9.3,1.6774641275,2.5517444372,1.677,2.019,3.6513,2.201,3.0,0.0,0.365,0.0,0.0,0.0,0.0,0.0,-1.0,-2.31e-22,0.0,0.6856,0.299,0.001787,0.00195,0.006519,-1.0,0.01539,-0.277,-0.124,0.481,-0.869
0.0152,0.01508,9.3,1.6777676344,2.551763766,1.677,1.995,3.653,2.232,3.0,0.0,0.365,0.0,0.0,0.0,0.0,0.0,-1.0,-1.72e-22,0.0,0.6856,0.299,0.001787,0.00195,0.006519,-1.0,0.01539,-0.218,-0.072,0.527,-0.813
0.0152,0.01508,9.3,1.6779503822,2.5517754004,1.677,1.964,3.6552,2.271,3.0,0.0,0.365,0.0,0.0,0.0,0.0,0.0,-1.0,-1.4100000000000001e-22,0.0,0.6856,0.299,0.001787,0.00195,0.006519,-1.0,0.01539,-0.141,-0.004,0.587,-0.74
0.0152,0.01508,9.3,1.6781092882,2.5517855146,1.677,1.92,3.6583,2.328,3.0,0.0,0.365,0.0,0.0,0.0,0.0,0.0,-1.0,-1.15e-22,0.0,0.6856,0.299,0.001787,0.00195,0.006519,-1.0,0.01539,-0.029,0.094,0.674,-0.633
0.0152,0.01508,9.3,1.6782222986,2.5517927063,1.677,1.88,3.6611,2.379,3.0,0.0,0.365,0.0,0.0,0.0,0.0,0.0,-1.0,-9.8e-23,0.0,0.6856,0.299,0.001787,0.00195,0.006519,-1.0,0.01539,0.069,0.181,0.752,-0.539
0.0152,0.01508,9.3,1.6783440113,2.5518004504,1.677,1.835,3.6642,2.436,3.0,0.0,0.365,0.0,0.0,0.0,0.0,0.0,-1.0,-8.229999999999999e-23,0.0,0.6856,0.299,0.001786,0.00195,0.006519,-1.0,0.01539,0.182,0.282,0.843,-0.429
0.0152,0.01508,9.3,1.6784545183,2.5518074805,1.678,1.795,3.667,2.488,3.0,0.0,0.365,0.0,0.0,0.0,0.0,0.0,-1.0,-7.03e-23,0.0,0.6856,0.299,0.001786,0.001951,0.006518,-1.0,0.01539,0.283,0.373,0.925,-0.332
0.0152,0.01508,9.3,1.6785724163,2.5518149796,1.678,1.756,3.6696,2.538,3.0,0.0,0.365,0.0,0.0,0.0,0.0,0.0,-1.0,-5.969999999999999e-23,0.0,0.6856,0.299,0.001786,0.001951,0.006518,-1.0,0.01539,0.381,0.461,1.005,-0.237
0.0152,0.01508,9.3,1.6787251234,2.551824691,1.678,1.712,3.6725,2.592,3.0,0.0,0.365,0.0,0.0,0.0,0.0,0.0,-1.0,-4.9e-23,0.0,0.6856,0.299,0.001786,0.001951,0.006518,-1.0,0.01539,0.489,0.559,1.095,-0.133
0.0152,0.01508,9.3,1.6788372993,2.5518318235,1.678,1.689,3.6741,2.622,3.0,0.0,0.365,0.0,0.0,0.0,0.0,0.0,-1.0,-4.2899999999999994e-23,0.0,0.6856,0.299,0.001786,0.001951,0.006518,-1.0,0.01539,0.547,0.611,1.143,-0.077
0.0152,0.01508,9.3,1.6789759398,2.5518406372,1.678,1.706,3.6731,2.602,3.0,0.0,0.365,0.0,0.0,0.0,0.0,0.0,-1.0,-3.9e-23,0.0,0.6856,0.299,0.001786,0.001951,0.006518,-1.0,0.01539,0.506,0.574,1.109,-0.116
0.0152,0.01508,9.3,1.6792960167,2.5518609789,1.678,1.745,3.6705,2.552,3.0,0.0,0.365,0.0,0.0,0.0,0.0,0.0,-1.0,-3.1599999999999996e-23,0.0,0.6856,0.2991,0.001786,0.001952,0.006518,-1.0,0.01539,0.408,0.485,1.026,-0.212
0.0152,0.01508,9.3,1.6797199249,2.5518879056,1.679,1.787,3.6678,2.499,3.0,0.0,0.365,0.0,0.0,0.0,0.0,0.0,-1.0,-2.3599999999999998e-23,0.0,0.6856,0.2991,0.001786,0.001952,0.006517,-1.0,0.01539,0.302,0.389,0.939,-0.313
0.0152,0.01508,9.3,1.6801890135,2.5519176839,1.679,1.831,3.6649,2.444,3.0,0.0,0.365,0.0,0.0,0.0,0.0,0.0,-1.0,-1.69e-23,0.0,0.6855,0.2991,0.001786,0.001953,0.006517,-1.0,0.01539,0.194,0.291,0.85,-0.419
0.0152,0.01508,9.3,1.6806393862,2.5519462562,1.68,1.871,3.6622,2.393,3.0,0.0,0.365,0.0,0.0,0.0,0.0,0.0,-1.0,-1.2199999999999999e-23,0.0,0.6855,0.2991,0.001786,0.001953,0.006517,-1.0,0.01539,0.092,0.199,0.767,-0.517
0.0152,0.01508,9.3,1.6811082363,2.5519759819,1.68,1.913,3.6594,2.34,3.0,0.0,0.365,0.0,0.0,0.0,0.0,0.0,-1.0,-8.72e-24,0.0,0.6855,0.2991,0.001786,0.001954,0.006516,-1.0,0.01539,-0.013,0.105,0.682,-0.619
0.0152,0.01508,9.3,1.681566596,2.5520050242,1.681,1.955,3.6566,2.287,3.0,0.0,0.365,0.0,0.0,0.0,0.0,0.0,-1.0,-6.24e-24,0.0,0.6855,0.2991,0.001785,0.001954,0.006516,-1.0,0.01539,-0.117,0.014,0.6,-0.718
0.0152,0.01508,9.3,1.6820161343,2.5520334898,1.681,1.996,3.6538,2.235,3.0,0.0,0.365,0.0,0.0,0.0,0.0,0.0,-1.0,-4.49e-24,0.0,0.6855,0.2991,0.001785,0.001955,0.006515,-1.0,0.01539,-0.22,-0.078,0.518,-0.817
0.0152,0.01508,9.3,1.6824469566,2.5520607538,1.682,2.037,3.651,2.183,3.0,0.0,0.365,0.0,0.0,0.0,0.0,0.0,-1.0,-3.27e-24,0.0,0.6855,0.2991,0.001785,0.001955,0.006515,-1.0,0.01539,-0.321,-0.168,0.439,-0.914
0.0152,0.01508,9.3,1.6828633547,2.5520870898,1.682,2.077,3.6481,2.131,3.0,0.0,0.365,0.0,0.0,0.0,0.0,0.0,-1.0,-2.4099999999999998e-24,0.0,0.6855,0.2991,0.001785,0.001955,0.006515,-1.0,0.01539,-0.423,-0.256,0.36,-1.01
0.0152,0.01508,9.3,1.683267951,2.552112665,1.682,2.118,3.6452,2.079,3.0,0.0,0.365,0.0,0.0,0.0,0.0,0.0,-1.0,-1.79e-24,0.0,0.6855,0.2991,0.001785,0.001956,0.006514,-1.0,0.01538,-0.525,-0.345,0.283,-1.107
0.0152,0.01508,9.3,1.6836425066,2.5521363287,1.683,2.157,3.6424,2.028,3.0,0.0,0.365,0.0,0.0,0.0,0.0,0.0,-1.0,-1.36e-24,0.0,0.6855,0.2991,0.001785,0.001956,0.006514,-1.0,0.01538,-0.624,-0.431,0.207,-1.2
0.0152,0.01508,9.3,1.6840008497,2.5521589568,1.683,2.197,3.6396,1.978,3.0,0.0,0.365,0.0,0.0,0.0,0.0,0.0,-1.0,-1.04e-24,0.0,0.6855,0.2991,0.001785,0.001957,0.006514,-1.0,0.01538,-0.722,-0.516,0.132,-1.293
0.0152,0.01508,9.3,1.684346199,2.5521807539,1.683,2.237,3.6367,1.926,3.0,0.0,0.365,0.0,0.0,0.0,0.0,0.0,-1.0,-8.1e-25,0.0,0.6855,0.2991,0.001785,0.001957,0.006513,-1.0,0.01538,-0.822,-0.601,0.058,-1.384
0.0152,0.01508,9.3,1.684669137,2.5522011272,1.684,2.276,3.6338,1.876,3.0,0.0,0.365,0.0,0.0,0.0,0.0,0.0,-1.0,-6.399999999999999e-25,0.0,0.6855,0.2991,0.001785,0.001957,0.006513,-1.0,0.01538,-0.92,-0.684,-0.016,-1.474
0.0152,0.01508,9.3,1.684971571,2.5522201988,1.684,2.315,3.631,1.825,3.0,0.0,0.365,0.0,0.0,0.0,0.0,0.0,-1.0,-5.13e-25,0.0,0.6855,0.2991,0.001784,0.001958,0.006513,-1.0,0.01538,-1.017,-0.766,-0.088,-1.563
0.0152,0.01508,9.3,1.6852617264,2.5522384887,1.684,2.354,3.6281,1.775,3.0,0.0,0.365,0.0,0.0,0.0,0.0,0.0,-1.0,-4.16e-25,0.0,0.6855,0.2992,0.001784,0.001958,0.006512,-1.0,0.01538,-1.115,-0.848,-0.16,-1.651
0.0152,0.01508,9.3,1.6855280399,2.5522552694,1.685,2.392,3.6253,1.726,3.0,0.0,0.365,0.0,0.0,0.0,0.0,0.0,-1.0,-3.43e-25,0.0,0.6855,0.2992,0.001784,0.001958,0.006512,-1.0,0.01538,-1.21,-0.927,-0.23,-1.737
0.0152,0.01508,9.3,1.6857843399,2.5522714133,1.685,2.431,3.6223,1.675,3.0,0.0,0.365,0.0,0.0,0.0,0.0,0.0,-1.0,-2.8499999999999997e-25,0.0,0.6855,0.2992,0.001784,0.001959,0.006512,-1.0,0.01538,-1.306,-1.008,-0.301,-1.824
0.0152,0.01508,9.3,1.6860212088,2.5522863283,1.685,2.468,3.6195,1.626,3.0,0.0,0.365,0.0,0.0,0.0,0.0,0.0,-1.0,-2.41e-25,0.0,0.6855,0.2992,0.001784,0.001959,0.006512,-1.0,0.01538,-1.401,-1.086,-0.371,-1.908
0.0152,0.01508,9.3,1.6862441301,2.5523003606,1.685,2.506,3.6166,1.577,3.0,0.0,0.365,7.65,5.62,4.06,3.05,2.48,4.0,-2.06e-25,0.0,0.6854,0.2992,0.001784,0.001959,0.006512,-1.0,0.01538,-1.494,-1.161,-0.437,-1.991
0.0152,0.01508,9.3,1.686453104,2.5523135112,1.685,2.543,3.6138,1.529,3.0,0.0,0.365,8.43,6.14,4.41,3.32,2.7,4.0,-1.77e-25,0.0,0.6854,0.2992,0.001784,0.001959,0.006511,-1.0,0.01538,-1.587,-1.237,-0.503,-2.073
0.0152,0.01508,9.3,1.6866488457,2.5523258256,1.686,2.58,3.6108,1.48,3.0,0.0,0.365,9.3,6.7,4.8,3.62,2.94,4.0,-1.55e-25,0.0,0.6854,0.2992,0.001784,0.00196,0.006511,-1.0,0.01538,-1.68,-1.312,-0.567,-2.155
0.0152,0.01508,9.3,1.6868337393,2.5523374545,1.686,2.617,3.6079,1.431,3.0,0.0,0.365,10.25,7.32,5.22,3.94,3.21,4.0,-1.36e-25,0.0,0.6854,0.2992,0.001784,0.00196,0.006511,-1.0,0.01538,-1.772,-1.384,-0.625,-2.236
0.0152,0.01508,9.3,1.6870054007,2.5523482486,1.686,2.653,3.605,1.384,3.0,0.0,0.365,11.29,7.98,5.66,4.28,3.49,4.0,-1.21e-25,0.0,0.6854,0.2992,0.001784,0.00196,0.006511,-1.0,0.01538,-1.862,-1.454,-0.68,-2.315
0.0152,0.01508,9.3,1.6871653795,2.5523583058,1.686,2.688,3.6021,1.337,3.0,0.0,0.365,12.4,8.68,6.14,4.65,3.78,4.0,-1.09e-25,0.0,0.6854,0.2992,0.001784,0.00196,0.006511,-1.0,0.01538,-1.951,-1.522,-0.734,-2.393
0.0152,0.01508,9.3,1.6873185635,2.5523679338,1.686,2.724,3.5993,1.29,3.0,0.0,0.365,13.63,9.45,6.66,5.05,4.11,4.0,-9.820000000000001e-26,0.0,0.6854,0.2992,0.001784,0.00196,0.006511,-1.0,0.01538,-2.04,-1.591,-0.789,-2.471
0.0152,0.01508,9.3,1.687492013,2.5523788331,1.686,2.767,3.5956,1.232,3.0,0.0,0.365,15.31,10.49,7.36,5.58,4.55,4.0,-8.76e-26,0.0,0.6854,0.2992,0.001784,0.001961,0.00651,-1.0,0.01538,-2.148,-1.669,-0.845,-2.562
0.0152,0.01508,9.3,1.687651515,2.5523888536,1.687,2.809,3.5921,1.176,3.0,0.0,0.365,17.16,11.61,8.11,6.17,5.02,4.0,-7.9e-26,0.0,0.6854,0.2992,0.001784,0.001961,0.00651,-1.0,0.01538,-2.253,-1.746,-0.901,-2.652
0.0152,0.01508,9.3,1.6878017187,2.5523982881,1.687,2.852,3.5885,1.119,3.0,0.0,0.365,19.24,12.87,8.95,6.81,5.55,4.0,-7.19e-26,0.0,0.6854,0.2992,0.001784,0.001961,0.00651,-1.0,0.01538,-2.359,-1.821,-0.952,-2.741
0.0152,0.01508,9.3,1.6879150867,2.5524054075,1.687,2.886,3.5855,1.074,3.0,0.0,0.365,21.09,13.98,9.68,7.38,6.02,4.0,-6.699999999999999e-26,0.0,0.6854,0.2992,0.001784,0.001961,0.00651,-1.0,0.01538,-2.444,-1.879,-0.989,-2.811
0.0152,0.01508,9.3,1.6880450249,2.5524135662,1.687,2.927,3.5819,1.018,3.0,0.0,0.365,23.57,15.45,10.65,8.13,6.63,4.0,-6.19e-26,0.0,0.6854,0.2992,0.001783,0.001961,0.00651,-1.0,0.01538,-2.547,-1.948,-1.032,-2.894
