Zini,MH,logAge,Mini,int_IMF,Mass,LogL,LogTe,logg,label,McoreTP,C_O,period0,period1,period2,period3,period4,pmode,Mloss,tau1m,X,Y,Xc,Xn,Xo,Cexcess,Z,mbolmag,Gmag,G_BPmag,G_RPmag
0.0152,0.01508,7.0,0.0900000036,1.0816895926,0.09,-2.068,3.3976,4.003,0.0,0.0,0.545,0.0,0.0,0.0,0.0,0.0,-1.0,-3.61e-15,0.0,0.7092,0.2755,0.002746,0.0007408,0.006719,-1.0,0.01527,9.941,11.959,14.514,10.508
0.0152,0.01508,7.0,0.0900000036,1.0816895926,0.09,-2.068,3.3976,4.003,0.0,0.0,0.545,0.0,0.0,0.0,0.0,0.0,-1.0,-3.61e-15,0.0,0.7092,0.2755,0.002746,0.0007408,0.006719,-1.0,0.01527,9.941,11.959,14.514,10.508
0.0152,0.01508,7.0,0.1000000015,1.1711064122,0.1,-2.005,3.4044,4.013,0.0,0.0,0.545,0.0,0.0,0.0,0.0,0.0,-1.0,-3.92e-15,0.0,0.7092,0.2755,0.002746,0.0007408,0.006719,-1.0,0.01527,9.783,11.802,14.36,10.351
0.0152,0.01508,7.0,0.100236468,1.1730786649,0.1,-2.004,3.4045,4.013,0.0,0.0,0.545,0.0,0.0,0.0,0.0,0.0,-1.0,-3.92e-15,0.0,0.7092,0.2755,0.002746,0.0007408,0.006719,-1.0,0.01527,9.78,11.798,14.357,10.347
0.0152,0.01508,7.0,0.1232357547,1.3402747525,0.123,-1.877,3.4178,4.029,0.0,0.0,0.545,0.0,0.0,0.0,0.0,0.0,-1.0,-4.66e-15,0.0,0.7092,0.2755,0.002746,0.0007408,0.006719,-1.0,0.01527,9.462,11.461,14.0,10.014
0.0152,0.01508,7.0,0.1365283877,1.4194198801,0.136,-1.812,3.4246,4.035,0.0,0.0,0.545,0.0,0.0,0.0,0.0,0.0,-1.0,-5.09e-15,0.0,0.7092,0.2755,0.002746,0.0007408,0.006719,-1.0,0.01527,9.299,11.217,13.666,9.788
0.0152,0.01508,7.0,0.1425663382,1.4521322849,0.142,-1.785,3.4276,4.039,0.0,0.0,0.545,0.0,0.0,0.0,0.0,0.0,-1.0,-5.25e-15,0.0,0.7092,0.2755,0.002746,0.0007408,0.006719,-1.0,0.01527,9.233,11.109,13.511,9.69
0.0152,0.01508,7.0,0.1464712024,1.4723440218,0.146,-1.768,3.4296,4.042,0.0,0.0,0.545,0.0,0.0,0.0,0.0,0.0,-1.0,-5.38e-15,0.0,0.7092,0.2755,0.002746,0.0007408,0.006719,-1.0,0.01527,9.189,11.036,13.405,9.624
0.0152,0.01508,7.0,0.1487216353,1.4836768897,0.149,-1.757,3.4308,4.042,0.0,0.0,0.545,0.0,0.0,0.0,0.0,0.0,-1.0,-5.48e-15,0.0,0.7092,0.2755,0.002746,0.0007408,0.006719,-1.0,0.01527,9.162,10.994,13.345,9.584
0.0152,0.01508,7.0,0.1678345799,1.571727125,0.168,-1.679,3.4396,4.052,0.0,0.0,0.545,0.0,0.0,0.0,0.0,0.0,-1.0,-6.12e-15,0.0,0.7092,0.2755,0.002746,0.0007408,0.006719,-1.0,0.01527,8.967,10.688,12.923,9.303
0.0152,0.01508,7.0,0.1812116802,1.6259435548,0.181,-1.628,3.4456,4.059,0.0,0.0,0.545,0.0,0.0,0.0,0.0,0.0,-1.0,-6.58e-15,0.0,0.7092,0.2755,0.002746,0.0007408,0.006719,-1.0,0.01527,8.84,10.487,12.643,9.12
0.0152,0.01508,7.0,0.1957342625,1.6792035643,0.196,-1.578,3.4515,4.065,0.0,0.0,0.545,0.0,0.0,0.0,0.0,0.0,-1.0,-7.05e-15,0.0,0.7092,0.2755,0.002746,0.0007408,0.006719,-1.0,0.01527,8.714,10.29,12.37,8.94
0.0152,0.01508,7.0,0.2082454115,1.7211250073,0.208,-1.539,3.4558,4.071,0.0,0.0,0.545,0.0,0.0,0.0,0.0,0.0,-1.0,-7.42e-15,0.0,0.7092,0.2755,0.002746,0.0007408,0.006719,-1.0,0.01527,8.618,10.143,12.166,8.806
0.0152,0.01508,7.0,0.226691559,1.7772995805,0.227,-1.484,3.4621,4.078,0.0,0.0,0.545,0.0,0.0,0.0,0.0,0.0,-1.0,-8.01e-15,0.0,0.7092,0.2755,0.002746,0.0007408,0.006719,-1.0,0.01527,8.48,9.935,11.88,8.616
0.0152,0.01508,7.0,0.246812433,1.8321671787,0.247,-1.429,3.4685,4.085,0.0,0.0,0.545,0.0,0.0,0.0,0.0,0.0,-1.0,-8.64e-15,0.0,0.7092,0.2755,0.002746,0.0007408,0.006719,-1.0,0.01527,8.342,9.734,11.609,8.432
0.0152,0.01508,7.0,0.2666983604,1.8809598854,0.267,-1.38,3.4743,4.093,0.0,0.0,0.545,0.0,0.0,0.0,0.0,0.0,-1.0,-9.24e-15,0.0,0.7092,0.2755,0.002746,0.0007408,0.006719,-1.0,0.01527,8.219,9.555,11.369,8.269
0.0152,0.01508,7.0,0.2957236171,1.9442696855,0.296,-1.313,3.4823,4.102,0.0,0.0,0.545,0.0,0.0,0.0,0.0,0.0,-1.0,-1.01e-14,0.0,0.7092,0.2755,0.002746,0.0007408,0.006719,-1.0,0.01527,8.051,9.311,11.041,8.048
0.0152,0.01508,7.0,0.3000000119,1.9529139769,0.3,-1.303,3.4834,4.104,0.0,0.0,0.545,0.0,0.0,0.0,0.0,0.0,-1.0,-1.02e-14,0.0,0.7092,0.2755,0.002746,0.0007408,0.006719,-1.0,0.01527,8.028,9.277,10.995,8.017
0.0152,0.01508,7.0,0.3167742789,1.9853358623,0.317,-1.269,3.4876,4.11,0.0,0.0,0.545,0.0,0.0,0.0,0.0,0.0,-1.0,-1.07e-14,0.0,0.7092,0.2755,0.002746,0.0007408,0.006719,-1.0,0.01527,7.943,9.153,10.826,7.906
0.0152,0.01508,7.0,0.3500000238,2.0434175133,0.35,-1.205,3.4955,4.121,0.0,0.0,0.545,0.0,0.0,0.0,0.0,0.0,-1.0,-1.16e-14,0.0,0.7092,0.2755,0.002746,0.0007408,0.006719,-1.0,0.01527,7.784,8.928,10.529,7.702
0.0152,0.01508,7.0,0.3562019467,2.0534667754,0.356,-1.195,3.4968,4.124,0.0,0.0,0.545,0.0,0.0,0.0,0.0,0.0,-1.0,-1.18e-14,0.0,0.7092,0.2755,0.002746,0.0007408,0.006719,-1.0,0.01527,7.758,8.892,10.483,7.669
0.0152,0.01508,7.0,0.4000000358,2.118502481,0.4,-1.122,3.5055,4.136,0.0,0.0,0.545,0.0,0.0,0.0,0.0,0.0,-1.0,-1.3e-14,0.0,0.7092,0.2755,0.002746,0.0007408,0.006719,-1.0,0.01527,7.576,8.644,10.165,7.444
0.0152,0.01508,7.0,0.4148771763,2.1385181684,0.415,-1.1,3.5084,4.141,0.0,0.0,0.545,0.0,0.0,0.0,0.0,0.0,-1.0,-1.33e-14,0.0,0.7092,0.2755,0.002746,0.0007408,0.006719,-1.0,0.01527,7.519,8.566,10.063,7.373
0.0152,0.01508,7.0,0.4500000477,2.1822809714,0.45,-1.047,3.5152,4.151,0.0,0.0,0.545,0.0,0.0,0.0,0.0,0.0,-1.0,-1.43e-14,0.0,0.7092,0.2755,0.002746,0.0007408,0.006719,-1.0,0.01527,7.387,8.386,9.831,7.211
0.0152,0.01508,7.0,0.4722760916,2.2077988057,0.472,-1.018,3.5193,4.159,0.0,0.0,0.545,0.0,0.0,0.0,0.0,0.0,-1.0,-1.48e-14,0.0,0.7092,0.2755,0.002746,0.0007408,0.006719,-1.0,0.01527,7.315,8.284,9.697,7.12
0.0152,0.01508,7.0,0.5,2.2374541529,0.5,-0.981,3.5243,4.167,0.0,0.0,0.545,0.0,0.0,0.0,0.0,0.0,-1.0,-1.55e-14,0.0,0.7092,0.2755,0.002746,0.0007408,0.006719,-1.0,0.01527,7.223,8.156,9.531,7.005
0.0152,0.01508,7.0,0.5152277946,2.2526198816,0.515,-0.962,3.5274,4.174,0.0,0.0,0.545,0.0,0.0,0.0,0.0,0.0,-1.0,-1.58e-14,0.0,0.7092,0.2755,0.002746,0.0007408,0.006719,-1.0,0.01527,7.175,8.086,9.438,6.944
0.0152,0.01508,7.0,0.5455189347,2.2799131534,0.545,-0.926,3.5324,4.182,0.0,0.0,0.545,0.0,0.0,0.0,0.0,0.0,-1.0,-1.66e-14,0.0,0.7092,0.2755,0.002746,0.0007408,0.006719,-1.0,0.01527,7.084,7.961,9.276,6.833
0.0152,0.01508,7.0,0.5500000119,2.2836582633,0.55,-0.921,3.533,4.183,0.0,0.0,0.545,0.0,0.0,0.0,0.0,0.0,-1.0,-1.67e-14,0.0,0.7092,0.2755,0.002746,0.0007408,0.006719,-1.0,0.01527,7.071,7.945,9.255,6.818
0.0152,0.01508,7.0,0.5591805577,2.2911158732,0.559,-0.91,3.5349,4.187,0.0,0.0,0.545,0.0,0.0,0.0,0.0,0.0,-1.0,-1.69e-14,0.0,0.7092,0.2755,0.002746,0.0007408,0.006719,-1.0,0.01527,7.044,7.904,9.2,6.783
0.0152,0.01508,7.0,0.5896968842,2.3139976206,0.589,-0.875,3.5403,4.196,0.0,0.0,0.545,0.0,0.0,0.0,0.0,0.0,-1.0,-1.76e-14,0.0,0.7092,0.2755,0.002746,0.0007408,0.006719,-1.0,0.01527,6.957,7.781,9.039,6.675
0.0152,0.01508,7.0,0.6000000238,2.3211213258,0.6,-0.863,3.5418,4.198,0.0,0.0,0.545,0.0,0.0,0.0,0.0,0.0,-1.0,-1.79e-14,0.0,0.7092,0.2755,0.002746,0.0007408,0.006719,-1.0,0.01527,6.929,7.743,8.99,6.641
0.0152,0.01508,7.0,0.6240718961,2.3367155986,0.624,-0.834,3.547,4.207,0.0,0.0,0.545,0.0,0.0,0.0,0.0,0.0,-1.0,-1.86e-14,0.0,0.7092,0.2755,0.002746,0.0007408,0.006719,-1.0,0.01527,6.855,7.635,8.845,6.548
0.0152,0.01508,7.0,0.6499999762,2.3520353107,0.65,-0.805,3.5517,4.215,0.0,0.0,0.545,0.0,0.0,0.0,0.0,0.0,-1.0,-1.93e-14,0.0,0.7092,0.2755,0.002746,0.0007408,0.006719,-1.0,0.01527,6.783,7.531,8.709,6.459
0.0152,0.01508,7.0,0.6701167226,2.3629868633,0.67,-0.78,3.5563,4.221,0.0,0.0,0.545,0.0,0.0,0.0,0.0,0.0,-1.0,-2e-14,0.0,0.7092,0.2755,0.002746,0.0007408,0.006719,-1.0,0.01527,6.72,7.437,8.583,6.379
0.0152,0.01508,7.0,0.7000000477,2.3779267258,0.7,-0.743,3.5627,4.229,0.0,0.0,0.545,0.0,0.0,0.0,0.0,0.0,-1.0,-2.11e-14,0.0,0.7092,0.2755,0.002746,0.0007408,0.006719,-1.0,0.01527,6.627,7.302,8.404,6.263
0.0152,0.01508,7.0,0.75,2.3998889087,0.75,-0.584,3.6178,4.32,0.0,0.0,0.538,0.0,0.0,0.0,0.0,0.0,-1.0,-2.65e-14,0.0,0.7092,0.2755,0.00271,0.0007399,0.00672,-1.0,0.01527,6.229,6.567,7.358,5.697
0.0152,0.01508,7.0,0.7728378773,2.408839971,0.773,-0.562,3.6205,4.322,0.0,0.0,0.538,0.0,0.0,0.0,0.0,0.0,-1.0,-2.73e-14,0.0,0.7092,0.2755,0.00271,0.0007399,0.00672,-1.0,0.01527,6.176,6.499,7.278,5.637
0.0152,0.01508,7.0,0.8000000119,2.4187244405,0.8,-0.533,3.6236,4.321,0.0,0.0,0.538,0.0,0.0,0.0,0.0,0.0,-1.0,-2.88e-14,0.0,0.7092,0.2755,0.00271,0.0007399,0.00672,-1.0,0.01527,6.103,6.409,7.173,5.557
0.0152,0.01508,7.0,0.8310703039,2.4291249894,0.831,-0.502,3.6278,4.323,0.0,0.0,0.538,0.0,0.0,0.0,0.0,0.0,-1.0,-3.03e-14,0.0,0.7092,0.2755,0.00271,0.0007399,0.00672,-1.0,0.01527,6.025,6.309,7.053,5.469
0.0152,0.01508,7.0,0.8500000238,2.435034684,0.85,-0.481,3.6303,4.321,0.0,0.0,0.538,0.0,0.0,0.0,0.0,0.0,-1.0,-3.15e-14,0.0,0.7092,0.2755,0.00271,0.0007399,0.00672,-1.0,0.01527,5.971,6.241,6.973,5.409
0.0152,0.01508,7.0,0.8948817849,2.4479044418,0.894,-0.428,3.6373,4.318,0.0,0.0,0.538,0.0,0.0,0.0,0.0,0.0,-1.0,-3.48e-14,0.0,0.7092,0.2755,0.00271,0.0007399,0.00672,-1.0,0.01527,5.84,6.073,6.773,5.263
0.0152,0.01508,7.0,0.9000000358,2.4492786175,0.899,-0.422,3.6381,4.318,0.0,0.0,0.538,0.0,0.0,0.0,0.0,0.0,-1.0,-3.52e-14,0.0,0.7092,0.2755,0.00271,0.0007399,0.00672,-1.0,0.01527,5.824,6.053,6.749,5.246
0.0152,0.01508,7.0,0.932464242,2.457592316,0.932,-0.384,3.6432,4.317,0.0,0.0,0.538,0.0,0.0,0.0,0.0,0.0,-1.0,-3.77e-14,0.0,0.7092,0.2755,0.00271,0.0007399,0.00672,-1.0,0.01527,5.731,5.934,6.607,5.142
0.0152,0.01508,7.0,0.9500000477,2.4618122009,0.95,-0.362,3.6463,4.315,0.0,0.0,0.538,0.0,0.0,0.0,0.0,0.0,-1.0,-3.94e-14,0.0,0.7092,0.2755,0.00271,0.0007399,0.00672,-1.0,0.01527,5.675,5.862,6.523,5.079
0.0152,0.01508,7.0,0.9938926101,2.4716279529,0.994,-0.309,3.654,4.312,0.0,0.0,0.538,0.0,0.0,0.0,0.0,0.0,-1.0,-4.37e-14,0.0,0.7092,0.2755,0.00271,0.0007399,0.00672,-1.0,0.01527,5.543,5.692,6.321,4.931
0.0152,0.01508,7.0,1.0,2.4729154477,1.0,-0.301,3.6551,4.312,0.0,0.0,0.538,0.0,0.0,0.0,0.0,0.0,-1.0,-4.44e-14,0.0,0.7092,0.2755,0.00271,0.0007399,0.00672,-1.0,0.01527,5.523,5.667,6.29,4.909
0.0152,0.01508,7.0,1.0499999523,2.482811486,1.05,-0.24,3.6646,4.309,0.0,0.0,0.538,0.0,0.0,0.0,0.0,0.0,-1.0,-4.62e-14,0.0,0.7092,0.2755,0.00271,0.0007399,0.00672,-1.0,0.01527,5.37,5.471,6.059,4.74
0.0152,0.01508,7.0,1.0668245554,2.485902515,1.066,-0.218,3.6681,4.308,0.0,0.0,0.538,0.0,0.0,0.0,0.0,0.0,-1.0,-4.69e-14,0.0,0.7092,0.2755,0.00271,0.0007399,0.00672,-1.0,0.01527,5.314,5.402,5.978,4.68
0.0152,0.01508,7.0,1.0993057489,2.4915633398,1.099,-0.167,3.6758,4.301,0.0,0.0,0.538,0.0,0.0,0.0,0.0,0.0,-1.0,-4.96e-14,0.0,0.7092,0.2755,0.00271,0.0007399,0.00672,-1.0,0.01527,5.188,5.246,5.795,4.545
0.0152,0.01508,7.0,1.1000000238,2.491680148,1.099,-0.166,3.676,4.301,0.0,0.0,0.538,0.0,0.0,0.0,0.0,0.0,-1.0,-4.96e-14,0.0,0.7092,0.2755,0.00271,0.0007399,0.00672,-1.0,0.01527,5.185,5.243,5.791,4.542
0.0152,0.01508,7.0,1.1499999762,2.4996678137,1.149,-0.092,3.6876,4.293,0.0,0.0,0.538,0.0,0.0,0.0,0.0,0.0,-1.0,-5.33e-14,0.0,0.7092,0.2755,0.00271,0.0007399,0.00672,-1.0,0.01527,4.999,5.017,5.53,4.347
0.0152,0.01508,7.0,1.2000000477,2.5068948796,1.2,-0.012,3.7,4.28,0.0,0.0,0.538,0.0,0.0,0.0,0.0,0.0,-1.0,-5.77e-14,0.0,0.7092,0.2755,0.00271,0.0007399,0.00672,-1.0,0.01527,4.799,4.781,5.257,4.141
0.0152,0.01508,7.0,1.2176482677,2.5092833767,1.217,0.017,3.7043,4.275,0.0,0.0,0.538,0.0,0.0,0.0,0.0,0.0,-1.0,-5.92e-14,0.0,0.7092,0.2755,0.00271,0.0007399,0.00672,-1.0,0.01527,4.727,4.699,5.164,4.069
0.0152,0.01508,7.0,1.25,2.5134610955,1.25,0.074,3.7128,4.264,0.0,0.0,0.538,0.0,0.0,0.0,0.0,0.0,-1.0,-6.31e-14,0.0,0.7092,0.2755,0.00271,0.0007399,0.00672,-1.0,0.01527,4.584,4.535,4.979,3.925
0.0152,0.01508,7.0,1.2781765461,2.5169021988,1.278,0.126,3.7202,4.251,0.0,0.0,0.538,0.0,0.0,0.0,0.0,0.0,-1.0,-6.67e-14,0.0,0.7092,0.2755,0.00271,0.0007399,0.00672,-1.0,0.01527,4.454,4.389,4.815,3.796
0.0152,0.01508,7.0,1.2999999523,2.5194498592,1.3,0.169,3.7262,4.24,0.0,0.0,0.538,0.0,0.0,0.0,0.0,0.0,-1.0,-7.02e-14,0.0,0.7092,0.2755,0.00271,0.0007399,0.00672,-1.0,0.01527,4.348,4.272,4.684,3.691
0.0152,0.01508,7.0,1.3310087919,2.5229051077,1.331,0.233,3.7347,4.22,0.0,0.0,0.538,0.0,0.0,0.0,0.0,0.0,-1.0,-7.57e-14,0.0,0.7092,0.2755,0.00271,0.0007399,0.00672,-1.0,0.01527,4.187,4.097,4.489,3.535
0.0152,0.01508,7.0,1.3500001431,2.5249313723,1.35,0.275,3.7402,4.206,0.0,0.0,0.538,0.0,0.0,0.0,0.0,0.0,-1.0,-8.01e-14,0.0,0.7092,0.2755,0.00271,0.0007399,0.00672,-1.0,0.01527,4.082,3.983,4.363,3.433
0.0152,0.01508,7.0,1.3763793707,2.5276394662,1.377,0.338,3.7479,4.182,0.0,0.0,0.538,0.0,0.0,0.0,0.0,0.0,-1.0,-8.68e-14,0.0,0.7092,0.2755,0.00271,0.0007399,0.00672,-1.0,0.01527,3.924,3.817,4.179,3.285
0.0152,0.01508,7.0,1.4000000954,2.5299650415,1.4,0.4,3.755,4.157,0.0,0.0,0.538,0.0,0.0,0.0,0.0,0.0,-1.0,-9.48e-14,0.0,0.7092,0.2755,0.002709,0.0007399,0.00672,-1.0,0.01527,3.771,3.657,4.003,3.141
0.0152,0.01508,7.0,1.4118107557,2.5310943551,1.412,0.432,3.7587,4.143,0.0,0.0,0.538,0.0,0.0,0.0,0.0,0.0,-1.0,-9.89e-14,0.0,0.7092,0.2755,0.002709,0.0007399,0.00672,-1.0,0.01527,3.691,3.573,3.911,3.066
0.0152,0.01508,7.0,1.4361298084,2.5333525651,1.436,0.503,3.7665,4.11,0.0,0.0,0.538,0.0,0.0,0.0,0.0,0.0,-1.0,-1.1e-13,0.0,0.7092,0.2755,0.002709,0.0007399,0.00672,-1.0,0.01527,3.511,3.388,3.709,2.9
0.0152,0.01508,7.0,1.4500000477,2.5346015836,1.45,0.547,3.7712,4.089,0.0,0.0,0.538,0.0,0.0,0.0,0.0,0.0,-1.0,-1.18e-13,0.0,0.7092,0.2755,0.002709,0.0007399,0.00672,-1.0,0.01527,3.403,3.278,3.588,2.801
0.0152,0.01508,7.0,1.455057025,2.5350501592,1.455,0.563,3.7729,4.082,0.0,0.0,0.538,0.0,0.0,0.0,0.0,0.0,-1.0,-1.2e-13,0.0,0.7092,0.2755,0.002709,0.0007399,0.00672,-1.0,0.01527,3.363,3.237,3.543,2.764
0.0152,0.01508,7.0,1.4748200178,2.536769345,1.475,0.626,3.78,4.053,0.0,0.0,0.538,0.0,0.0,0.0,0.0,0.0,-1.0,-1.31e-13,0.0,0.7092,0.2755,0.002709,0.0007399,0.00672,-1.0,0.01527,3.205,3.075,3.366,2.62
0.0152,0.01508,7.0,1.4944761992,2.538427476,1.495,0.689,3.7873,4.025,0.0,0.0,0.538,0.0,0.0,0.0,0.0,0.0,-1.0,-1.42e-13,0.0,0.7092,0.2755,0.002709,0.0007399,0.00672,-1.0,0.01527,3.047,2.916,3.192,2.479
0.0152,0.01508,7.0,1.5,2.5388844597,1.5,0.706,3.7895,4.018,0.0,0.0,0.538,0.0,0.0,0.0,0.0,0.0,-1.0,-1.45e-13,0.0,0.7092,0.2755,0.002709,0.0007399,0.00672,-1.0,0.01527,3.004,2.873,3.144,2.441
0.0152,0.01508,7.0,1.5137863159,2.5400082875,1.514,0.75,3.7951,4.001,0.0,0.0,0.538,0.0,0.0,0.0,0.0,0.0,-1.0,-1.5e-13,0.0,0.7092,0.2755,0.002709,0.0007398,0.00672,-1.0,0.01527,2.896,2.764,3.024,2.346
0.0152,0.01508,7.0,1.5348736048,2.5416824403,1.535,0.814,3.8043,3.98,0.0,0.0,0.538,0.0,0.0,0.0,0.0,0.0,-1.0,-1.57e-13,0.0,0.7092,0.2755,0.002709,0.0007398,0.00672,-1.0,0.01527,2.736,2.604,2.845,2.209
0.0152,0.01508,7.0,1.5499999523,2.5428511323,1.55,0.857,3.8117,3.97,0.0,0.0,0.538,0.0,0.0,0.0,0.0,0.0,-1.0,-1.61e-13,0.0,0.7092,0.2755,0.002709,0.0007398,0.00672,-1.0,0.01527,2.627,2.496,2.722,2.119
0.0152,0.01508,7.0,1.5521373749,2.5430141629,1.552,0.863,3.8128,3.969,0.0,0.0,0.538,0.0,0.0,0.0,0.0,0.0,-1.0,-1.6e-13,0.0,0.7092,0.2755,0.002709,0.0007398,0.00672,-1.0,0.01527,2.612,2.481,2.705,2.107
0.0152,0.01508,7.0,1.5697859526,2.5443408083,1.57,0.91,3.8228,3.967,0.0,0.0,0.538,0.0,0.0,0.0,0.0,0.0,-1.0,-1.54e-13,0.0,0.7092,0.2755,0.002709,0.0007398,0.00672,-1.0,0.01527,2.495,2.364,2.571,2.014
0.0152,0.01508,7.0,1.5853588581,2.5454832588,1.585,0.946,3.8331,3.977,0.0,0.0,0.538,0.0,0.0,0.0,0.0,0.0,-1.0,-1.45e-13,0.0,0.7092,0.2755,0.002709,0.0007398,0.00672,-1.0,0.01527,2.406,2.276,2.465,1.95
0.0152,0.01508,7.0,1.6000000238,2.5465340628,1.6,0.973,3.844,3.996,0.0,0.0,0.538,0.0,0.0,0.0,0.0,0.0,-1.0,-1.34e-13,0.0,0.7092,0.2755,0.002709,0.0007398,0.00672,-1.0,0.01527,2.336,2.21,2.381,1.909
0.0152,0.01508,7.0,1.6081031561,2.5471061787,1.608,0.987,3.8507,4.012,0.0,0.0,0.538,0.0,0.0,0.0,0.0,0.0,-1.0,-1.21e-13,0.0,0.7092,0.2755,0.002709,0.0007398,0.00672,-1.0,0.01527,2.303,2.178,2.339,1.894
0.0152,0.01508,7.0,1.6123716831,2.5474048971,1.612,0.993,3.8543,4.021,0.0,0.0,0.538,0.0,0.0,0.0,0.0,0.0,-1.0,-1.14e-13,0.0,0.7092,0.2755,0.002709,0.0007398,0.00672,-1.0,0.01527,2.287,2.164,2.319,1.889
0.0152,0.01508,7.0,1.6263760328,2.5483722937,1.626,0.996,3.8628,4.056,0.0,0.0,0.538,0.0,0.0,0.0,0.0,0.0,-1.0,-9.1e-14,0.0,0.7092,0.2755,0.002709,0.0007398,0.006719,-1.0,0.01527,2.28,2.162,2.304,1.907
0.0152,0.01508,7.0,1.6488667727,2.5498864417,1.648,0.981,3.872,4.113,0.0,0.0,0.538,0.0,0.0,0.0,0.0,0.0,-1.0,-6.03e-14,0.0,0.7092,0.2755,0.002709,0.0007398,0.006719,-1.0,0.01527,2.316,2.205,2.334,1.971
0.0152,0.01508,7.0,1.6500000954,2.5499614852,1.649,0.98,3.8723,4.116,0.0,0.0,0.538,0.0,0.0,0.0,0.0,0.0,-1.0,-5.91e-14,0.0,0.7092,0.2755,0.002709,0.0007398,0.006719,-1.0,0.01527,2.319,2.209,2.337,1.976
0.0152,0.01508,7.0,1.6529583931,2.5501568129,1.652,0.977,3.8733,4.124,0.0,0.0,0.538,0.0,0.0,0.0,0.0,0.0,-1.0,-5.7e-15,0.0,0.7092,0.2755,0.002709,0.0007398,0.006719,-1.0,0.01527,2.327,2.217,2.344,1.986
0.0152,0.01508,7.0,1.6668877602,2.5510658226,1.666,0.952,3.8741,4.156,0.0,0.0,0.538,0.0,0.0,0.0,0.0,0.0,-1.0,-1.01e-19,0.0,0.7092,0.2755,0.002709,0.0007398,0.006719,-1.0,0.01527,2.39,2.282,2.408,2.052
0.0152,0.01508,7.0,1.6792864799,2.551860373,1.679,0.928,3.8732,4.18,0.0,0.0,0.538,0.0,0.0,0.0,0.0,0.0,-1.0,-6.899999999999999e-24,0.0,0.7092,0.2755,0.002709,0.0007398,0.006719,-1.0,0.01527,2.451,2.343,2.471,2.11
0.0152,0.01508,7.0,1.692291379,2.5526793987,1.691,0.907,3.8718,4.199,0.0,0.0,0.538,0.0,0.0,0.0,0.0,0.0,-1.0,-3.3799999999999997e-28,0.0,0.7092,0.2755,0.002709,0.0007398,0.006719,-1.0,0.01527,2.503,2.395,2.525,2.158
0.0152,0.01508,7.0,1.7000000477,2.5531580802,1.699,0.901,3.8715,4.205,0.0,0.0,0.538,0.0,0.0,0.0,0.0,0.0,-1.0,-9.999999999999999e-31,0.0,0.7092,0.2755,0.002709,0.0007398,0.006719,-1.0,0.01527,2.518,2.41,2.541,2.172
0.0152,0.01508,7.0,1.7137007713,2.5539966371,1.713,0.892,3.871,4.216,0.0,0.0,0.538,0.0,0.0,0.0,0.0,0.0,-1.0,-9.999999999999999e-31,0.0,0.7092,0.2755,0.002709,0.0007398,0.006719,-1.0,0.01527,2.54,2.432,2.564,2.193
0.0152,0.01508,7.0,1.7366678715,2.5553682722,1.736,0.899,3.8729,4.223,0.0,0.0,0.538,0.0,0.0,0.0,0.0,0.0,-1.0,-9.999999999999999e-31,0.0,0.7092,0.2755,0.002709,0.0007398,0.006719,-1.0,0.01527,2.524,2.417,2.547,2.183
0.0152,0.01508,7.0,1.75,2.5561455243,1.749,0.92,3.8772,4.222,0.0,0.0,0.538,0.0,0.0,0.0,0.0,0.0,-1.0,-9.999999999999999e-31,0.0,0.7092,0.2755,0.002709,0.0007398,0.006719,-1.0,0.01527,2.47,2.367,2.489,2.143
0.0152,0.01508,7.0,1.7726517916,2.5574353282,1.772,0.955,3.8844,4.221,0.0,0.0,0.538,0.0,0.0,0.0,0.0,0.0,-1.0,-9.999999999999999e-31,0.0,0.7092,0.2755,0.002709,0.0007398,0.006719,-1.0,0.01527,2.381,2.283,2.395,2.077
0.0152,0.01508,7.0,1.7999999523,2.5589429085,1.799,1.006,3.8959,4.223,0.0,0.0,0.538,0.0,0.0,0.0,0.0,0.0,-1.0,-9.999999999999999e-31,0.0,0.7092,0.2755,0.002709,0.0007398,0.006719,-1.0,0.01527,2.256,2.167,2.263,1.991
0.0152,0.01508,7.0,1.8056607246,2.5592484081,1.805,1.016,3.8985,4.224,0.0,0.0,0.538,0.0,0.0,0.0,0.0,0.0,-1.0,-9.999999999999999e-31,0.0,0.7092,0.2755,0.002709,0.0007397,0.006719,-1.0,0.01527,2.229,2.143,2.235,1.973
0.0152,0.01508,7.0,1.8411393166,2.5611140128,1.84,1.088,3.9181,4.239,0.0,0.0,0.538,0.0,0.0,0.0,0.0,0.0,-1.0,-9.999999999999999e-31,0.0,0.7092,0.2755,0.002709,0.0007397,0.006719,-1.0,0.01527,2.05,1.991,2.055,1.871
0.0152,0.01508,7.0,1.8500000238,2.5615671203,1.849,1.107,3.9237,4.245,0.0,0.0,0.538,0.0,0.0,0.0,0.0,0.0,-1.0,-9.999999999999999e-31,0.0,0.7092,0.2755,0.002709,0.0007397,0.006719,-1.0,0.01527,2.002,1.954,2.01,1.847
0.0152,0.01508,7.0,1.8695551157,2.5625496472,1.868,1.148,3.9365,4.26,0.0,0.0,0.538,0.0,0.0,0.0,0.0,0.0,-1.0,-9.999999999999999e-31,0.0,0.7092,0.2755,0.002709,0.0007397,0.006719,-1.0,0.01527,1.9,1.879,1.92,1.801
0.0152,0.01508,7.0,1.9000000954,2.5640331317,1.899,1.191,3.9521,4.286,0.0,0.0,0.538,0.0,0.0,0.0,0.0,0.0,-1.0,-9.999999999999999e-31,0.0,0.7092,0.2755,0.002709,0.0007397,0.006719,-1.0,0.01526,1.793,1.817,1.842,1.769
0.0152,0.01508,7.0,1.929415822,2.5654154431,1.929,1.215,3.9636,4.315,0.0,0.0,0.538,0.0,0.0,0.0,0.0,0.0,-1.0,-9.999999999999999e-31,0.0,0.7092,0.2755,0.002709,0.0007397,0.006719,-1.0,0.01526,1.734,1.796,1.812,1.767
0.0152,0.01508,7.0,1.9500001669,2.5663542767,1.95,1.224,3.9677,4.327,0.0,0.0,0.538,0.0,0.0,0.0,0.0,0.0,-1.0,-9.999999999999999e-31,0.0,0.7092,0.2755,0.002709,0.0007397,0.006719,-1.0,0.01527,1.711,1.788,1.801,1.765
0.0152,0.01508,7.0,1.9899659157,2.5681134577,1.99,1.247,3.9758,4.345,0.0,0.0,0.538,0.0,0.0,0.0,0.0,0.0,-1.0,-9.999999999999999e-31,0.0,0.7093,0.2755,0.002709,0.0007397,0.006718,-1.0,0.01525,1.653,1.763,1.77,1.751
0.0152,0.01508,7.0,2.0,2.5685424513,2.0,1.254,3.9774,4.347,0.0,0.0,0.538,0.0,0.0,0.0,0.0,0.0,-1.0,-9.999999999999999e-31,0.0,0.7093,0.2755,0.002709,0.0007397,0.006718,-1.0,0.01525,1.635,1.751,1.757,1.742
0.0152,0.01508,7.0,2.0499999523,2.5706083333,2.05,1.278,3.9839,4.359,0.0,0.0,0.538,0.0,0.0,0.0,0.0,0.0,-1.0,-9.999999999999999e-31,0.0,0.7093,0.2754,0.002709,0.0007397,0.006718,-1.0,0.01527,1.575,1.718,1.72,1.717
0.0152,0.01508,7.0,2.0825653076,2.5718926831,2.082,1.303,3.9888,4.361,0.0,0.0,0.538,0.0,0.0,0.0,0.0,0.0,-1.0,-9.999999999999999e-31,0.0,0.7093,0.2754,0.002709,0.0007396,0.006718,-1.0,0.01527,1.513,1.678,1.676,1.683
0.0152,0.01508,7.0,2.0999999046,2.5725614918,2.099,1.317,3.9917,4.361,0.0,0.0,0.538,0.0,0.0,0.0,0.0,0.0,-1.0,-9.999999999999999e-31,0.0,0.7093,0.2754,0.002709,0.0007396,0.006718,-1.0,0.01527,1.477,1.654,1.65,1.662
0.0152,0.01508,7.0,2.1500000954,2.5744105556,2.149,1.358,3.9996,4.362,0.0,0.0,0.538,0.0,0.0,0.0,0.0,0.0,-1.0,-9.999999999999999e-31,0.0,0.7093,0.2754,0.002709,0.0007396,0.006718,-1.0,0.01527,1.374,1.587,1.579,1.605
0.0152,0.01508,7.0,2.2000000477,2.5761632879,2.199,1.399,4.0073,4.363,0.0,0.0,0.538,0.0,0.0,0.0,0.0,0.0,-1.0,-9.999999999999999e-31,0.0,0.7093,0.2754,0.002709,0.0007396,0.006718,-1.0,0.01527,1.274,1.523,1.51,1.548
0.0152,0.01508,7.0,2.25,2.5778267375,2.249,1.438,4.0147,4.363,0.0,0.0,0.538,0.0,0.0,0.0,0.0,0.0,-1.0,-9.999999999999999e-31,0.0,0.7093,0.2754,0.002709,0.0007396,0.006717,-1.0,0.01527,1.176,1.46,1.444,1.493
0.0152,0.01508,7.0,2.2999999523,2.5794072884,2.299,1.475,4.0218,4.363,0.0,0.0,0.538,0.0,0.0,0.0,0.0,0.0,-1.0,-9.999999999999999e-31,0.0,0.7093,0.2754,0.002709,0.0007396,0.006717,-1.0,0.01527,1.082,1.4,1.38,1.439
0.0152,0.01508,7.0,2.4000000954,2.5823423892,2.399,1.548,4.0353,4.364,0.0,0.0,0.538,0.0,0.0,0.0,0.0,0.0,-1.0,-9.999999999999999e-31,0.0,0.7093,0.2754,0.002709,0.0007396,0.006717,-1.0,0.01527,0.9,1.285,1.259,1.336
0.0152,0.01508,7.0,2.5999999046,2.5874412955,2.6,1.683,4.0601,4.363,0.0,0.0,0.538,0.0,0.0,0.0,0.0,0.0,-1.0,-9.999999999999999e-31,0.0,0.7092,0.2755,0.00271,0.0007399,0.00672,-1.0,0.01527,0.563,1.073,1.036,1.142
0.0152,0.01508,7.0,2.7468900681,2.5906473682,2.747,1.775,4.0766,4.36,1.0,0.0,0.538,0.0,0.0,0.0,0.0,0.0,-1.0,-9.999999999999999e-31,0.0,0.7092,0.2755,0.00271,0.0007399,0.00672,-1.0,0.01527,0.332,0.927,0.884,1.006
0.0152,0.01508,7.0,2.8000001907,2.5917117867,2.8,1.807,4.0822,4.359,1.0,0.0,0.538,0.0,0.0,0.0,0.0,0.0,-1.0,-9.999999999999999e-31,0.0,0.7092,0.2755,0.00271,0.0007399,0.00672,-1.0,0.01527,0.252,0.876,0.832,0.959
0.0152,0.01508,7.0,3.0,2.5953341962,3.0,1.922,4.1024,4.354,1.0,0.0,0.538,0.0,0.0,0.0,0.0,0.0,-1.0,-9.999999999999999e-31,0.0,0.7092,0.2755,0.00271,0.0007399,0.00672,-1.0,0.01527,-0.036,0.695,0.645,0.791
0.0152,0.01508,7.0,3.0074486732,2.5954584447,3.008,1.927,4.1031,4.354,1.0,0.0,0.538,0.0,0.0,0.0,0.0,0.0,-1.0,-9.999999999999999e-31,0.0,0.7092,0.2755,0.00271,0.0007399,0.00672,-1.0,0.01527,-0.046,0.689,0.638,0.785
0.0152,0.01508,7.0,3.2000000477,2.5984409005,3.199,2.029,4.1209,4.349,0.0,0.0,0.538,0.0,0.0,0.0,0.0,0.0,-1.0,-9.999999999999999e-31,0.0,0.7092,0.2755,0.00271,0.0007399,0.00672,-1.0,0.01527,-0.304,0.529,0.473,0.635
0.0152,0.01508,7.0,3.4000000954,2.6011310876,3.398,2.129,4.1378,4.343,1.0,0.0,0.538,0.0,0.0,0.0,0.0,0.0,-1.0,-9.999999999999999e-31,0.0,0.7092,0.2755,0.00271,0.0007399,0.00672,-1.0,0.01527,-0.554,0.374,0.312,0.489
0.0152,0.01508,7.0,3.6000001431,2.6034804607,3.598,2.223,4.1533,4.336,1.0,0.0,0.538,0.0,0.0,0.0,0.0,0.0,-1.0,-9.999999999999999e-31,0.0,0.7092,0.2755,0.00271,0.0007399,0.00672,-1.0,0.01527,-0.788,0.227,0.161,0.351
0.0152,0.01508,7.0,3.7569794655,2.6051243872,3.755,2.293,4.1649,4.331,1.0,0.0,0.538,0.0,0.0,0.0,0.0,0.0,-1.0,-9.999999999999999e-31,0.0,0.7092,0.2755,0.00271,0.0007399,0.00672,-1.0,0.01527,-0.963,0.12,0.05,0.25
0.0152,0.01508,7.0,3.8000001907,2.6055477311,3.798,2.312,4.1681,4.33,1.0,0.0,0.538,0.0,0.0,0.0,0.0,0.0,-1.0,-9.999999999999999e-31,0.0,0.7092,0.2755,0.00271,0.0007399,0.00672,-1.0,0.01527,-1.01,0.091,0.02,0.223
0.0152,0.01508,7.0,4.0,2.607379084,4.001,2.395,4.1817,4.324,1.0,0.0,0.538,0.0,0.0,0.0,0.0,0.0,-1.0,-9.999999999999999e-31,0.0,0.7092,0.2755,0.00271,0.0007399,0.00672,-1.0,0.01527,-1.218,-0.038,-0.113,0.101
0.0152,0.01508,7.0,4.1999998093,2.6090113217,4.198,2.475,4.1946,4.317,1.0,0.0,0.538,0.0,0.0,0.0,0.0,0.0,-1.0,-9.999999999999999e-31,0.0,0.7092,0.2755,0.00271,0.0007399,0.00672,-1.0,0.01527,-1.416,-0.161,-0.24,-0.014
0.0152,0.01508,7.0,4.4000000954,2.6104741055,4.397,2.55,4.2066,4.31,1.0,0.0,0.538,0.0,0.0,0.0,0.0,0.0,-1.0,-9.999999999999999e-31,0.0,0.7092,0.2755,0.00271,0.0007399,0.00672,-1.0,0.01527,-1.604,-0.278,-0.361,-0.125
0.0152,0.01508,7.0,4.5999999046,2.6117915791,4.597,2.621,4.2179,4.303,1.0,0.0,0.538,0.0,0.0,0.0,0.0,0.0,-1.0,-9.999999999999999e-31,0.0,0.7092,0.2755,0.00271,0.0007399,0.00672,-1.0,0.01527,-1.783,-0.391,-0.477,-0.231
0.0152,0.01508,7.0,4.8000001907,2.6129836005,4.798,2.69,4.2289,4.297,1.0,0.0,0.538,0.0,0.0,0.0,0.0,0.0,-1.0,-9.999999999999999e-31,0.0,0.7092,0.2755,0.00271,0.0007399,0.00672,-1.0,0.01527,-1.955,-0.498,-0.587,-0.332
0.0152,0.01508,7.0,5.0,2.6140666223,4.999,2.755,4.2388,4.289,1.0,0.0,0.538,0.0,0.0,0.0,0.0,0.0,-1.0,-9.999999999999999e-31,0.0,0.7092,0.2755,0.00271,0.0007399,0.00672,-1.0,0.01527,-2.118,-0.603,-0.695,-0.431
0.0152,0.01508,7.0,5.0243091583,2.6141915178,5.023,2.763,4.24,4.288,1.0,0.0,0.538,0.0,0.0,0.0,0.0,0.0,-1.0,-9.999999999999999e-31,0.0,0.7092,0.2755,0.00271,0.0007399,0.00672,-1.0,0.01527,-2.137,-0.615,-0.708,-0.443
0.0152,0.01508,7.0,5.1999998093,2.6150544,5.2,2.818,4.2485,4.282,1.0,0.0,0.538,0.0,0.0,0.0,0.0,0.0,-1.0,-9.999999999999999e-31,0.0,0.7092,0.2755,0.00271,0.0007399,0.00672,-1.0,0.01527,-2.275,-0.703,-0.798,-0.526
0.0152,0.01508,7.0,5.3999996185,2.6159585084,5.401,2.879,4.2579,4.275,1.0,0.0,0.538,0.0,0.0,0.0,0.0,0.0,-1.0,-9.999999999999999e-31,0.0,0.7092,0.2755,0.00271,0.0007399,0.00672,-1.0,0.01527,-2.427,-0.8,-0.897,-0.617
0.0152,0.01508,7.0,5.5999994278,2.6167887546,5.601,2.937,4.2668,4.268,1.0,0.0,0.538,0.0,0.0,0.0,0.0,0.0,-1.0,-9.999999999999999e-31,0.0,0.7092,0.2755,0.00271,0.0007399,0.00672,-1.0,0.01527,-2.573,-0.894,-0.994,-0.706
0.0152,0.01508,7.0,5.8000001907,2.6175535027,5.801,2.993,4.2752,4.261,1.0,0.0,0.538,0.0,0.0,0.0,0.0,0.0,-1.0,-9.999999999999999e-31,0.0,0.7092,0.2755,0.00271,0.0007399,0.00672,-1.0,0.01527,-2.713,-0.985,-1.087,-0.792
0.0152,0.01508,7.0,6.0,2.6182599138,6.0,3.048,4.2834,4.254,1.0,0.0,0.538,0.0,0.0,0.0,0.0,0.0,-1.0,-9.999999999999999e-31,0.0,0.7092,0.2755,0.00271,0.0007399,0.00672,-1.0,0.01527,-2.849,-1.073,-1.178,-0.876
0.0152,0.01508,7.0,6.1999998093,2.6189141709,6.2,3.1,4.2913,4.248,1.0,0.0,0.538,0.0,0.0,0.0,0.0,0.0,-1.0,-9.999999999999999e-31,0.0,0.7092,0.2755,0.00271,0.0007399,0.00672,-1.0,0.01527,-2.98,-1.159,-1.266,-0.957
0.0152,0.01508,7.0,6.4000000954,2.6195216279,6.399,3.151,4.2987,4.241,1.0,0.0,0.538,0.0,0.0,0.0,0.0,0.0,-1.0,-9.999999999999999e-31,0.0,0.7092,0.2755,0.00271,0.0007399,0.00672,-1.0,0.01527,-3.106,-1.243,-1.352,-1.037
0.0152,0.01508,7.0,7.0,2.621106928,6.996,3.294,4.3197,4.22,1.0,0.0,0.538,0.0,0.0,0.0,0.0,0.0,-1.0,-9.999999999999999e-31,0.0,0.7092,0.2755,0.00271,0.0007399,0.00672,-1.0,0.01527,-3.465,-1.482,-1.597,-1.265
0.0152,0.01508,7.0,7.1827168465,2.6215296178,7.18,3.335,4.3255,4.213,1.0,0.0,0.538,0.0,0.0,0.0,0.0,0.0,-1.0,-9.999999999999999e-31,0.0,0.7092,0.2755,0.00271,0.0007399,0.00672,-1.0,0.01527,-3.567,-1.552,-1.668,-1.331
0.0152,0.01508,7.0,7.8277215958,2.6228420361,7.828,3.472,4.3449,4.191,1.0,0.0,0.538,0.0,0.0,0.0,0.0,0.0,-1.0,-9.999999999999999e-31,0.0,0.7092,0.2755,0.00271,0.0007399,0.00672,-1.0,0.01527,-3.911,-1.788,-1.91,-1.557
0.0152,0.01508,7.0,8.0,2.6231516585,8.001,3.508,4.3498,4.184,1.0,0.0,0.538,0.0,0.0,0.0,0.0,0.0,-1.0,-9.999999999999999e-31,0.0,0.7092,0.2755,0.00271,0.0007399,0.00672,-1.0,0.01527,-4.0,-1.85,-1.973,-1.616
0.0152,0.01508,7.0,8.1099500656,2.6233413741,8.11,3.53,4.3527,4.18,1.0,0.0,0.538,0.0,0.0,0.0,0.0,0.0,-1.0,-9.999999999999999e-31,0.0,0.7092,0.2755,0.00271,0.0007399,0.00672,-1.0,0.01527,-4.054,-1.888,-2.012,-1.652
0.0152,0.01508,7.0,8.7556915283,2.62434589,8.751,3.654,4.3691,4.155,1.0,0.0,0.538,0.0,0.0,0.0,0.0,0.0,-1.0,-9.999999999999999e-31,0.0,0.7092,0.2755,0.00271,0.0007399,0.00672,-1.0,0.01527,-4.364,-2.108,-2.236,-1.865
0.0152,0.01508,7.0,9.0,2.6246829947,8.995,3.699,4.3749,4.145,1.0,0.0,0.538,0.0,0.0,0.0,0.0,0.0,-1.0,-9.999999999999999e-31,0.0,0.7092,0.2755,0.00271,0.0007399,0.00672,-1.0,0.01527,-4.477,-2.191,-2.32,-1.945
0.0152,0.01508,7.0,9.1304521561,2.6248545241,9.125,3.722,4.3779,4.14,1.0,0.0,0.538,0.0,0.0,0.0,0.0,0.0,-1.0,-9.999999999999999e-31,0.0,0.7092,0.2755,0.00271,0.0007399,0.00672,-1.0,0.01527,-4.535,-2.233,-2.363,-1.986
0.0152,0.01508,7.0,9.6927623749,2.6255335237,9.689,3.82,4.3898,4.116,1.0,0.0,0.538,0.0,0.0,0.0,0.0,0.0,-1.0,-9.999999999999999e-31,0.0,0.7092,0.2755,0.00271,0.0007399,0.00672,-1.0,0.01527,-4.78,-2.414,-2.547,-2.161
0.0152,0.01508,7.0,10.0,2.6258676431,9.998,3.872,4.3959,4.102,1.0,0.0,0.538,0.0,0.0,0.0,0.0,0.0,-1.0,-9.999999999999999e-31,0.0,0.7092,0.2755,0.00271,0.0007399,0.00672,-1.0,0.01527,-4.909,-2.512,-2.646,-2.256
0.0152,0.01508,7.0,10.1434803009,2.6260157276,10.142,3.895,4.3986,4.095,1.0,0.0,0.538,0.0,0.0,0.0,0.0,0.0,-1.0,-9.999999999999999e-31,0.0,0.7092,0.2755,0.00271,0.0007399,0.00672,-1.0,0.01527,-4.968,-2.556,-2.691,-2.299
0.0152,0.01508,7.0,10.6504821777,2.6265024477,10.651,3.976,4.4075,4.072,1.0,0.0,0.538,0.0,0.0,0.0,0.0,0.0,-1.0,-9.999999999999999e-31,0.0,0.7092,0.2755,0.00271,0.0007399,0.00672,-1.0,0.01527,-5.169,-2.696,-2.836,-2.435
0.0152,0.01508,7.0,11.0,2.6268081058,11.001,4.03,4.4131,4.054,1.0,0.0,0.538,0.0,0.0,0.0,0.0,0.0,-1.0,-9.999999999999999e-31,0.0,0.7092,0.2755,0.00271,0.0007399,0.00672,-1.0,0.01527,-5.306,-2.807,-2.951,-2.537
0.0152,0.01508,7.0,11.2928743362,2.6270475437,11.294,4.074,4.4174,4.038,1.0,0.0,0.538,0.0,0.0,0.0,0.0,0.0,-1.0,-9.999999999999999e-31,0.0,0.7092,0.2755,0.00271,0.0007399,0.00672,-1.0,0.01527,-5.416,-2.899,-3.046,-2.622
0.0152,0.01508,7.0,11.6818408966,2.6273442954,11.683,4.132,4.4225,4.015,1.0,0.0,0.538,0.0,0.0,0.0,0.0,0.0,-1.0,-9.999999999999999e-31,0.0,0.7092,0.2755,0.00271,0.0007399,0.00672,-1.0,0.01527,-5.56,-3.025,-3.175,-2.738
0.0152,0.01508,7.0,12.0,2.6275706487,12.001,4.179,4.4263,3.996,1.0,0.0,0.538,0.0,0.0,0.0,0.0,0.0,-1.0,-9.999999999999999e-31,0.0,0.7092,0.2755,0.00271,0.0007399,0.00672,-1.0,0.01527,-5.677,-3.129,-3.28,-2.838
0.0152,0.01508,7.0,12.1029930115,2.6276409969,12.102,4.193,4.4274,3.99,1.0,0.0,0.538,0.0,0.0,0.0,0.0,0.0,-1.0,-1.61e-29,0.0,0.7092,0.2755,0.002712,0.00074,0.00672,-1.0,0.01527,-5.712,-3.16,-3.311,-2.871
0.0152,0.01508,7.0,12.4781074524,2.6278859639,12.469,4.244,4.4311,3.966,1.0,0.0,0.539,0.0,0.0,0.0,0.0,0.0,-1.0,-3.32e-25,0.0,0.7092,0.2755,0.002719,0.0007402,0.00672,-1.0,0.01527,-5.84,-3.275,-3.424,-2.991
0.0152,0.01508,7.0,12.8513746262,2.6281134722,12.832,4.294,4.4343,3.941,1.0,0.0,0.541,0.0,0.0,0.0,0.0,0.0,-1.0,-4.9400000000000004e-21,0.0,0.7092,0.2755,0.002726,0.0007403,0.006719,-1.0,0.01527,-5.965,-3.389,-3.537,-3.109
0.0152,0.01508,7.0,13.3305215836,2.6283841478,13.298,4.358,4.4372,3.905,1.0,0.0,0.543,0.0,0.0,0.0,0.0,0.0,-1.0,-7.67e-16,0.0,0.7092,0.2755,0.002734,0.0007405,0.006719,-1.0,0.01527,-6.125,-3.541,-3.689,-3.263
0.0152,0.01508,7.0,13.7729949951,2.6286149678,13.726,4.417,4.4389,3.866,1.0,0.0,0.544,0.0,0.0,0.0,0.0,0.0,-1.0,-3.28e-11,0.0,0.7092,0.2755,0.002742,0.0007407,0.006719,-1.0,0.01527,-6.271,-3.684,-3.832,-3.408
0.0152,0.01508,7.0,14.0,2.6287268957,13.946,4.446,4.4392,3.845,0.0,0.0,0.545,0.0,0.0,0.0,0.0,0.0,-1.0,-6.92e-09,0.0,0.7092,0.2755,0.002746,0.0007408,0.006719,-1.0,0.01527,-6.346,-3.759,-3.907,-3.484
0.0152,0.01508,7.0,14.0053653717,2.6287294908,13.951,4.447,4.4392,3.845,0.0,0.0,0.545,0.0,0.0,0.0,0.0,0.0,-1.0,-6.94e-09,0.0,0.7092,0.2755,0.002746,0.0007408,0.006719,-1.0,0.01527,-6.347,-3.761,-3.909,-3.485
0.0152,0.01508,7.0,14.4551410675,2.628939179,14.389,4.502,4.4393,3.803,0.0,0.0,0.545,0.0,0.0,0.0,0.0,0.0,-1.0,-8.81e-09,0.0,0.7092,0.2755,0.002746,0.0007408,0.006719,-1.0,0.01527,-6.485,-3.905,-4.052,-3.629
0.0152,0.01508,7.0,14.9503984451,2.6291533686,14.868,4.563,4.4373,3.749,0.0,0.0,0.545,0.0,0.0,0.0,0.0,0.0,-1.0,-1.12e-08,0.0,0.7092,0.2755,0.002746,0.0007408,0.006719,-1.0,0.01527,-6.637,-4.075,-4.223,-3.798
0.0152,0.01508,7.0,15.4330835342,2.6293469819,15.334,4.622,4.4335,3.688,0.0,0.0,0.545,0.0,0.0,0.0,0.0,0.0,-1.0,-1.4e-08,0.0,0.7092,0.2755,0.002746,0.0007408,0.006719,-1.0,0.01527,-6.784,-4.253,-4.401,-3.975
0.0152,0.01508,7.0,15.865023613,2.629508803,15.748,4.674,4.4279,3.625,0.0,0.0,0.545,0.0,0.0,0.0,0.0,0.0,-1.0,-1.66e-08,0.0,0.7092,0.2755,0.002746,0.0007408,0.006719,-1.0,0.01527,-6.915,-4.426,-4.574,-4.148
0.0152,0.01508,7.0,16.0,2.6295573144,15.878,4.69,4.4258,3.604,0.0,0.0,0.545,0.0,0.0,0.0,0.0,0.0,-1.0,-1.74e-08,0.0,0.7092,0.2755,0.002746,0.0007408,0.006719,-1.0,0.01527,-6.956,-4.484,-4.631,-4.206
0.0152,0.01508,7.0,16.0600948334,2.6295786114,15.934,4.697,4.4248,3.595,0.0,0.0,0.545,0.0,0.0,0.0,0.0,0.0,-1.0,-1.78e-08,0.0,0.7092,0.2755,0.002746,0.0007408,0.006719,-1.0,0.01527,-6.973,-4.508,-4.655,-4.231
0.0152,0.01508,7.0,16.4149589539,2.6297007244,16.265,4.738,4.4171,3.532,0.0,0.0,0.545,0.0,0.0,0.0,0.0,0.0,-1.0,-1.94e-08,0.0,0.7092,0.2755,0.002746,0.0007408,0.006719,-1.0,0.01527,-7.075,-4.665,-4.808,-4.399
0.0152,0.01508,7.0,16.758184433,2.6298131921,16.584,4.777,4.408,3.464,0.0,0.0,0.545,0.0,0.0,0.0,0.0,0.0,-1.0,-2.07e-08,0.0,0.7092,0.2755,0.002746,0.0007408,0.006719,-1.0,0.01527,-7.173,-4.831,-4.969,-4.577
0.0152,0.01508,7.0,17.0789051056,2.6299136008,16.881,4.814,4.3976,3.394,0.0,0.0,0.545,0.0,0.0,0.0,0.0,0.0,-1.0,-2.16e-08,0.0,0.7092,0.2755,0.002746,0.0007408,0.006719,-1.0,0.01527,-7.265,-4.968,-5.104,-4.722
0.0152,0.01508,7.0,17.271030426,2.6299717001,17.059,4.837,4.3899,3.345,0.0,0.0,0.545,0.0,0.0,0.0,0.0,0.0,-1.0,-2.17e-08,0.0,0.7092,0.2755,0.002746,0.0007408,0.006719,-1.0,0.01527,-7.321,-5.074,-5.208,-4.831
0.0152,0.01508,7.0,17.4594345093,2.6300272484,17.232,4.859,4.3813,3.292,0.0,0.0,0.545,0.0,0.0,0.0,0.0,0.0,-1.0,-2.26e-08,0.0,0.7092,0.2755,0.002746,0.0007408,0.006719,-1.0,0.01527,-7.378,-5.183,-5.315,-4.943
0.0152,0.01508,7.0,17.7064208984,2.6300980137,17.45,4.89,4.3725,3.232,0.0,0.0,0.545,0.0,0.0,0.0,0.0,0.0,-1.0,-4.76e-08,0.0,0.7092,0.2755,0.002746,0.0007408,0.006719,-1.0,0.01527,-7.455,-5.278,-5.409,-5.041
0.0152,0.01508,7.0,17.9698810577,2.6301710384,17.665,4.928,4.379,3.225,0.0,0.0,0.545,0.0,0.0,0.0,0.0,0.0,-1.0,-3.16e-08,0.0,0.7092,0.2755,0.002746,0.0007408,0.006719,-1.0,0.01527,-7.551,-5.363,-5.494,-5.124
0.0152,0.01508,7.0,17.9980430603,2.6301786989,17.69,4.937,4.3876,3.251,0.0,0.0,0.545,0.0,0.0,0.0,0.0,0.0,-1.0,-3.31e-08,0.0,0.7092,0.2755,0.002746,0.0007408,0.006719,-1.0,0.01527,-7.573,-5.336,-5.469,-5.094
0.0152,0.01508,7.0,18.0,2.6301792302,17.693,4.938,4.3886,3.254,0.0,0.0,0.545,0.0,0.0,0.0,0.0,0.0,-1.0,-3.37e-08,0.0,0.7092,0.2755,0.002746,0.0007408,0.006719,-1.0,0.01527,-7.576,-5.332,-5.465,-5.089
0.0152,0.01508,7.0,18.0036144257,2.6301802111,17.697,4.94,4.3904,3.26,0.0,0.0,0.545,0.0,0.0,0.0,0.0,0.0,-1.0,-3.47e-08,0.0,0.7092,0.2755,0.002746,0.0007408,0.006719,-1.0,0.01527,-7.579,-5.325,-5.458,-5.081
0.0152,0.01508,7.0,18.0126342773,2.6301826571,17.705,4.951,4.4009,3.291,0.0,0.0,0.545,0.0,0.0,0.0,0.0,0.0,-1.0,-4.16e-08,0.0,0.7092,0.2755,0.002746,0.0007408,0.006719,-1.0,0.01527,-7.607,-5.352,-5.486,-5.111
0.0152,0.01508,7.0,18.0171775818,2.6301838881,17.709,4.966,4.412,3.32,0.0,0.0,0.545,0.0,0.0,0.0,0.0,0.0,-1.0,-5.14e-08,0.0,0.7092,0.2755,0.002746,0.0007408,0.006719,-1.0,0.01527,-7.645,-5.328,-5.466,-5.078
0.0152,0.01508,7.0,18.018907547,2.6301843566,17.711,4.977,4.419,3.337,0.0,0.0,0.545,0.0,0.0,0.0,0.0,0.0,-1.0,-5.89e-08,0.0,0.7092,0.2755,0.002746,0.0007408,0.006719,-1.0,0.01527,-7.673,-5.316,-5.456,-5.059
0.0152,0.01508,7.0,18.0198574066,2.6301846138,17.712,4.977,4.4195,3.339,0.0,0.0,0.545,0.0,0.0,0.0,0.0,0.0,-1.0,-6e-08,0.0,0.7092,0.2755,0.002746,0.0007408,0.006719,-1.0,0.01527,-7.673,-5.313,-5.453,-5.055
0.0152,0.01508,7.0,18.0240879059,2.630185759,17.715,4.965,4.4125,3.323,1.0,0.0,0.545,0.0,0.0,0.0,0.0,0.0,-1.0,-5.26e-08,0.0,0.7092,0.2755,0.002746,0.0007408,0.006719,-1.0,0.01527,-7.643,-5.323,-5.461,-5.072
0.0152,0.01508,7.0,18.0253486633,2.6301861002,17.717,4.963,4.4023,3.285,1.0,0.0,0.545,0.0,0.0,0.0,0.0,0.0,-1.0,-4.63e-08,0.0,0.7092,0.2755,0.002746,0.0007408,0.006719,-1.0,0.01527,-7.637,-5.377,-5.512,-5.136
0.0152,0.01508,7.0,18.0264930725,2.6301864098,17.717,4.963,4.3908,3.239,1.0,0.0,0.545,0.0,0.0,0.0,0.0,0.0,-1.0,-4.05e-08,0.0,0.7092,0.2755,0.002746,0.0007408,0.006719,-1.0,0.01527,-7.636,-5.375,-5.509,-5.132
0.0152,0.01508,7.0,18.0274982452,2.6301866817,17.718,4.964,4.3791,3.191,1.0,0.0,0.545,0.0,0.0,0.0,0.0,0.0,-1.0,-3.47e-08,0.0,0.7092,0.2755,0.002746,0.0007408,0.006719,-1.0,0.01527,-7.639,-5.451,-5.582,-5.213
0.0152,0.01508,7.0,18.028345108,2.6301869108,17.719,4.965,4.3682,3.146,1.0,0.0,0.545,0.0,0.0,0.0,0.0,0.0,-1.0,-1.12e-07,0.0,0.7092,0.2755,0.002746,0.0007408,0.006719,-1.0,0.01527,-7.643,-5.559,-5.69,-5.324
0.0152,0.01508,7.0,18.0291938782,2.6301871404,17.719,4.967,4.3562,3.097,1.0,0.0,0.545,0.0,0.0,0.0,0.0,0.0,-1.0,-3.8e-07,0.0,0.7092,0.2755,0.002746,0.0007408,0.006719,-1.0,0.01527,-7.647,-5.648,-5.774,-5.422
0.0152,0.01508,7.0,18.0300655365,2.6301873761,17.72,4.969,4.3432,3.043,1.0,0.0,0.545,0.0,0.0,0.0,0.0,0.0,-1.0,-6.05e-07,0.0,0.7092,0.2755,0.002746,0.0007408,0.006719,-1.0,0.01527,-7.652,-5.73,-5.853,-5.51
0.0152,0.01508,7.0,18.0307636261,2.6301875649,17.72,4.97,4.3321,2.997,1.0,0.0,0.545,0.0,0.0,0.0,0.0,0.0,-1.0,-6.07e-07,0.0,0.7092,0.2755,0.002746,0.0007408,0.006719,-1.0,0.01527,-7.656,-5.791,-5.913,-5.575
0.0152,0.01508,7.0,18.0314731598,2.6301877567,17.72,4.971,4.3202,2.948,1.0,0.0,0.545,0.0,0.0,0.0,0.0,0.0,-1.0,-5.98e-07,0.0,0.7092,0.2755,0.002746,0.0007408,0.006719,-1.0,0.01527,-7.659,-5.862,-5.981,-5.652
0.0152,0.01508,7.0,18.0321884155,2.6301879501,17.721,4.972,4.3075,2.896,1.0,0.0,0.545,0.0,0.0,0.0,0.0,0.0,-1.0,-5.8e-07,0.0,0.7092,0.2755,0.002746,0.0007408,0.006719,-1.0,0.01527,-7.661,-5.941,-6.057,-5.737
0.0152,0.01508,7.0,18.0327320099,2.630188097,17.721,4.973,4.2974,2.855,1.0,0.0,0.545,0.0,0.0,0.0,0.0,0.0,-1.0,-5.69e-07,0.0,0.7092,0.2755,0.002746,0.0007408,0.006719,-1.0,0.01527,-7.663,-5.861,-5.972,-5.658
0.0152,0.01508,7.0,18.0332794189,2.630188245,17.722,4.974,4.2868,2.812,1.0,0.0,0.545,0.0,0.0,0.0,0.0,0.0,-1.0,-5.6e-07,0.0,0.7092,0.2755,0.002746,0.0007408,0.006719,-1.0,0.01527,-7.664,-5.923,-6.032,-5.729
0.0152,0.01508,7.0,18.0338249207,2.6301883925,17.722,4.974,4.2757,2.767,1.0,0.0,0.545,0.0,0.0,0.0,0.0,0.0,-1.0,-5.44e-07,0.0,0.7092,0.2755,0.002746,0.0007408,0.006719,-1.0,0.01527,-7.665,-5.989,-6.093,-5.803
0.0152,0.01508,7.0,18.0343780518,2.630188542,17.722,4.974,4.264,2.72,1.0,0.0,0.545,0.0,0.0,0.0,0.0,0.0,-1.0,-5.28e-07,0.0,0.7092,0.2755,0.002746,0.0007408,0.006719,-1.0,0.01527,-7.666,-6.054,-6.156,-5.875
0.0152,0.01508,7.0,18.0349369049,2.630188693,17.723,4.974,4.2517,2.671,1.0,0.0,0.545,0.0,0.0,0.0,0.0,0.0,-1.0,-5.11e-07,0.0,0.7092,0.2755,0.002746,0.0007408,0.006719,-1.0,0.01527,-7.666,-6.122,-6.22,-5.95
0.0152,0.01508,7.0,18.0354976654,2.6301888445,17.723,4.974,4.2387,2.619,1.0,0.0,0.545,0.0,0.0,0.0,0.0,0.0,-1.0,-5e-07,0.0,0.7092,0.2755,0.002746,0.0007408,0.006719,-1.0,0.01527,-7.666,-6.194,-6.288,-6.03
0.0152,0.01508,7.0,18.0360622406,2.6301889971,17.723,4.974,4.225,2.565,1.0,0.0,0.545,0.0,0.0,0.0,0.0,0.0,-1.0,-4.81e-07,0.0,0.7092,0.2755,0.002746,0.0007408,0.006719,-1.0,0.01527,-7.665,-6.269,-6.359,-6.113
0.0152,0.01508,7.0,18.036441803,2.6301890996,17.724,4.973,4.2154,2.527,1.0,0.0,0.545,0.0,0.0,0.0,0.0,0.0,-1.0,-4.69e-07,0.0,0.7092,0.2755,0.002746,0.0007408,0.006719,-1.0,0.01527,-7.664,-6.321,-6.408,-6.171
0.0152,0.01508,7.0,18.0368270874,2.6301892037,17.724,4.973,4.2052,2.487,1.0,0.0,0.545,0.0,0.0,0.0,0.0,0.0,-1.0,-4.56e-07,0.0,0.7092,0.2755,0.002746,0.0007408,0.006719,-1.0,0.01527,-7.662,-6.376,-6.46,-6.232
0.0152,0.01508,7.0,18.0372142792,2.6301893084,17.724,4.972,4.1947,2.445,1.0,0.0,0.545,0.0,0.0,0.0,0.0,0.0,-1.0,-4.41e-07,0.0,0.7092,0.2755,0.002746,0.0007408,0.006719,-1.0,0.01527,-7.66,-6.432,-6.513,-6.295
0.0152,0.01508,7.0,18.037607193,2.6301894145,17.724,4.971,4.1835,2.402,1.0,0.0,0.545,0.0,0.0,0.0,0.0,0.0,-1.0,-4.31e-07,0.0,0.7092,0.2755,0.002746,0.0007408,0.006719,-1.0,0.01527,-7.658,-6.492,-6.569,-6.361
0.0152,0.01508,7.0,18.0380039215,2.6301895217,17.724,4.97,4.1717,2.355,1.0,0.0,0.545,0.0,0.0,0.0,0.0,0.0,-1.0,-4.14e-07,0.0,0.7092,0.2755,0.002746,0.0007408,0.006719,-1.0,0.01527,-7.655,-6.554,-6.627,-6.431
0.0152,0.01508,7.0,18.0384178162,2.6301896335,17.725,4.969,4.1588,2.305,1.0,0.0,0.545,0.0,0.0,0.0,0.0,0.0,-1.0,-4.02e-07,0.0,0.7092,0.2755,0.002746,0.0007408,0.006719,-1.0,0.01527,-7.652,-6.62,-6.688,-6.507
0.0152,0.01508,7.0,18.0388412476,2.6301897479,17.725,4.967,4.145,2.251,1.0,0.0,0.545,0.0,0.0,0.0,0.0,0.0,-1.0,-3.87e-07,0.0,0.7092,0.2755,0.002746,0.0007408,0.006719,-1.0,0.01527,-7.648,-6.69,-6.753,-6.59
0.0152,0.01508,7.0,18.0392856598,2.6301898679,17.726,4.965,4.1295,2.191,1.0,0.0,0.545,0.0,0.0,0.0,0.0,0.0,-1.0,-3.66e-07,0.0,0.7092,0.2755,0.002746,0.0007408,0.006719,-1.0,0.01527,-7.643,-6.773,-6.831,-6.68
0.0152,0.01508,7.0,18.0397567749,2.6301899952,17.725,4.963,4.1121,2.124,1.0,0.0,0.545,0.0,0.0,0.0,0.0,0.0,-1.0,-3.5e-07,0.0,0.7092,0.2755,0.002746,0.0007408,0.006719,-1.0,0.01527,-7.637,-6.867,-6.921,-6.779
0.0152,0.01508,7.0,18.0400066376,2.6301900626,17.725,4.961,4.1024,2.087,1.0,0.0,0.545,0.0,0.0,0.0,0.0,0.0,-1.0,-9.95e-07,0.0,0.7092,0.2755,0.002746,0.0007408,0.006719,-1.0,0.01527,-7.633,-6.917,-6.968,-6.834
0.0152,0.01508,7.0,18.0402736664,2.6301901348,17.725,4.96,4.0916,2.045,1.0,0.0,0.545,0.0,0.0,0.0,0.0,0.0,-1.0,-9.66e-07,0.0,0.7092,0.2755,0.002746,0.0007408,0.006719,-1.0,0.01527,-7.629,-6.972,-7.019,-6.895
0.0152,0.01508,7.0,18.040555954,2.630190211,17.725,4.958,4.0796,1.999,1.0,0.0,0.545,0.0,0.0,0.0,0.0,0.0,-1.0,-9.32e-07,0.0,0.7092,0.2755,0.002746,0.0007408,0.006719,-1.0,0.01527,-7.624,-7.03,-7.074,-6.962
0.0152,0.01508,7.0,18.0408744812,2.630190297,17.725,4.955,4.0654,1.945,1.0,0.0,0.545,0.0,0.0,0.0,0.0,0.0,-1.0,-9.11e-07,0.0,0.7092,0.2755,0.002746,0.0007408,0.006719,-1.0,0.01527,-7.619,-7.085,-7.119,-7.041
0.0152,0.01508,7.0,18.0412330627,2.6301903938,17.725,4.953,4.0484,1.879,1.0,0.0,0.545,0.0,0.0,0.0,0.0,0.0,-1.0,-1.22e-06,0.0,0.7092,0.2755,0.002746,0.0007408,0.006719,-1.0,0.01527,-7.612,-7.166,-7.194,-7.132
0.0152,0.01508,7.0,18.0416316986,2.6301905015,17.724,4.949,4.028,1.801,1.0,0.0,0.545,0.0,0.0,0.0,0.0,0.0,-1.0,-3.57e-06,0.0,0.7092,0.2755,0.002746,0.0007408,0.006719,-1.0,0.01527,-7.604,-7.26,-7.28,-7.237
0.0152,0.01508,7.0,18.0420780182,2.630190622,17.723,4.946,4.0031,1.705,1.0,0.0,0.545,0.0,0.0,0.0,0.0,0.0,-1.0,-3.33e-06,0.0,0.7092,0.2755,0.002746,0.0007408,0.006719,-1.0,0.01527,-7.594,-7.367,-7.379,-7.359
0.0152,0.01508,7.0,18.0425777435,2.6301907569,17.723,4.941,3.9723,1.587,1.0,0.0,0.545,0.0,0.0,0.0,0.0,0.0,-1.0,-3.17e-06,0.0,0.7092,0.2755,0.002746,0.0007408,0.006719,-1.0,0.01527,-7.583,-7.491,-7.492,-7.501
0.0152,0.01508,7.0,18.043132782,2.6301909068,17.723,4.936,3.9343,1.44,1.0,0.0,0.545,0.0,0.0,0.0,0.0,0.0,-1.0,-2.88e-06,0.0,0.7092,0.2755,0.002746,0.0007408,0.006719,-1.0,0.01527,-7.569,-7.612,-7.589,-7.668
0.0152,0.01508,7.0,18.0437450409,2.6301910721,17.722,4.928,3.8873,1.259,1.0,0.0,0.545,0.0,0.0,0.0,0.0,0.0,-1.0,-2.57e-06,0.0,0.7092,0.2755,0.002746,0.0007408,0.006719,-1.0,0.01527,-7.551,-7.713,-7.656,-7.832
0.0152,0.01508,7.0,18.0443401337,2.6301912327,17.722,4.919,3.8354,1.061,1.0,0.0,0.545,0.0,0.0,0.0,0.0,0.0,-1.0,-2.22e-06,0.0,0.7092,0.2755,0.002746,0.0007408,0.006719,-1.0,0.01527,-7.527,-7.725,-7.587,-7.977
0.0152,0.01508,7.0,18.0446147919,2.6301913068,17.722,4.912,3.8103,0.968,1.0,0.0,0.545,0.0,0.0,0.0,0.0,0.0,-1.0,-1.94e-06,0.0,0.7092,0.2755,0.002746,0.0007408,0.006719,-1.0,0.01527,-7.509,-7.705,-7.511,-8.037
0.0152,0.01508,7.0,18.0447673798,2.630191348,17.722,4.907,3.7964,0.917,1.0,0.0,0.545,0.0,0.0,0.0,0.0,0.0,-1.0,-1.81e-06,0.0,0.7092,0.2755,0.002746,0.0007408,0.006719,-1.0,0.01527,-7.497,-7.687,-7.457,-8.066
0.0152,0.01508,7.0,18.0449390411,2.6301913943,17.721,4.9,3.7794,0.856,1.0,0.0,0.545,0.0,0.0,0.0,0.0,0.0,-1.0,-1.71e-06,0.0,0.7092,0.2755,0.002746,0.0007408,0.006719,-1.0,0.01527,-7.481,-7.66,-7.383,-8.096
0.0152,0.01508,7.0,18.0451316833,2.6301914463,17.722,4.892,3.7598,0.786,1.0,0.0,0.545,0.0,0.0,0.0,0.0,0.0,-1.0,-1.58e-06,0.0,0.7092,0.2755,0.002746,0.0007408,0.006719,-1.0,0.01527,-7.459,-7.615,-7.278,-8.117
0.0152,0.01508,7.0,18.0453453064,2.630191504,17.722,4.882,3.7374,0.706,1.0,0.0,0.545,0.0,0.0,0.0,0.0,0.0,-1.0,-1.45e-06,0.0,0.7092,0.2755,0.002746,0.0007408,0.006719,-1.0,0.01527,-7.435,-7.554,-7.151,-8.124
0.0152,0.01508,7.0,18.0455875397,2.6301915694,17.722,4.868,3.713,0.623,1.0,0.0,0.545,0.0,0.0,0.0,0.0,0.0,-1.0,-1.25e-06,0.0,0.7092,0.2755,0.002746,0.0007408,0.006719,-1.0,0.01527,-7.399,-7.463,-6.994,-8.093
0.0152,0.01508,7.0,18.0458545685,2.6301916414,17.722,4.847,3.6882,0.545,1.0,0.0,0.545,0.0,0.0,0.0,0.0,0.0,-1.0,-1.02e-06,0.0,0.7092,0.2755,0.002746,0.0007408,0.006719,-1.0,0.01527,-7.347,-7.339,-6.805,-8.024
0.0152,0.01508,7.0,18.0461559296,2.6301917228,17.722,4.818,3.6632,0.474,1.0,0.0,0.545,0.0,0.0,0.0,0.0,0.0,-1.0,-8.63e-07,0.0,0.7092,0.2755,0.002746,0.0007408,0.006719,-1.0,0.01527,-7.274,-7.183,-6.582,-7.92
0.0152,0.01508,7.0,18.0464820862,2.6301918108,17.722,4.792,3.6397,0.405,1.0,0.0,0.545,0.0,0.0,0.0,0.0,0.0,-1.0,-6.94e-07,0.0,0.7092,0.2755,0.002746,0.0007408,0.006719,-1.0,0.01527,-7.211,-7.009,-6.332,-7.8
0.0152,0.01508,7.0,18.047170639,2.6301919966,17.722,4.739,3.6082,0.333,1.0,0.0,0.545,0.0,0.0,0.0,0.0,0.0,-1.0,-4.91e-07,0.0,0.7092,0.2755,0.002745,0.0007408,0.006719,-1.0,0.01527,-7.077,-6.685,-5.884,-7.559
0.0152,0.01508,7.0,18.0475387573,2.6301920959,17.723,4.742,3.5994,0.294,1.0,0.0,0.544,0.0,0.0,0.0,0.0,0.0,-1.0,-4.47e-07,0.0,0.7092,0.2755,0.00274,0.0007415,0.006719,-1.0,0.01527,-7.086,-6.63,-5.785,-7.531
0.0152,0.01508,7.0,18.0479335785,2.6301922024,17.723,4.766,3.5896,0.231,1.0,0.0,0.521,0.0,0.0,0.0,0.0,0.0,-1.0,-4.3e-07,0.0,0.7091,0.2755,0.00261,0.0008595,0.006719,-1.0,0.01531,-7.145,-6.611,-5.708,-7.545
0.0152,0.01508,7.0,18.048248291,2.6301922873,17.723,4.826,3.581,0.137,1.0,0.0,0.494,0.0,0.0,0.0,0.0,0.0,-1.0,-4.85e-07,0.0,0.6948,0.2899,0.002344,0.001494,0.006344,-1.0,0.01534,-7.295,-6.683,-5.715,-7.651
0.0152,0.01508,7.0,18.0484695435,2.630192347,17.723,4.861,3.5756,0.08,1.0,0.0,0.481,0.0,0.0,0.0,0.0,0.0,-1.0,-5.91e-07,0.0,0.6885,0.2962,0.002231,0.001763,0.006183,-1.0,0.01531,-7.383,-6.712,-5.693,-7.705
0.0152,0.01508,7.0,18.0488891602,2.6301924602,17.724,4.915,3.5672,-0.007,1.0,0.0,0.454,0.0,0.0,0.0,0.0,0.0,-1.0,-7.57e-07,0.0,0.6831,0.3016,0.002065,0.002059,0.006053,-1.0,0.0153,-7.517,-6.746,-5.633,-7.782
