Zini,MH,logAge,Mini,int_IMF,Mass,LogL,LogTe,logg,label,McoreTP,C_O,period0,period1,period2,period3,period4,pmode,Mloss,tau1m,X,Y,Xc,Xn,Xo,Cexcess,Z,mbolmag,Gmag,G_BPmag,G_RPmag
0.0152,0.01508,8.6,0.0900000036,1.0816895926,0.09,-3.207,3.3787,5.066,0.0,0.0,0.545,0.0,0.0,0.0,0.0,0.0,-1.0,-7.72e-17,0.0,0.7092,0.2755,0.002746,0.0007408,0.006719,-1.0,0.01527,12.786,14.834,17.701,13.349
0.0152,0.01508,8.6,0.0900000036,1.0816895926,0.09,-3.207,3.3787,5.066,0.0,0.0,0.545,0.0,0.0,0.0,0.0,0.0,-1.0,-7.72e-17,0.0,0.7092,0.2755,0.002746,0.0007408,0.006719,-1.0,0.01527,12.786,14.834,17.701,13.349
0.0152,0.01508,8.6,0.0975677371,1.1504615743,0.098,-3.126,3.3922,5.074,0.0,0.0,0.545,0.0,0.0,0.0,0.0,0.0,-1.0,-8.83e-17,0.0,0.7092,0.2755,0.002746,0.0007408,0.006719,-1.0,0.01527,12.585,14.633,17.504,13.147
0.0152,0.01508,8.6,0.1000000015,1.1711064122,0.1,-3.101,3.3965,5.077,0.0,0.0,0.545,0.0,0.0,0.0,0.0,0.0,-1.0,-9.21e-17,0.0,0.7092,0.2755,0.002746,0.0007408,0.006719,-1.0,0.01527,12.522,14.571,17.442,13.085
0.0152,0.01508,8.6,0.1060783416,1.2199637752,0.106,-3.043,3.4055,5.081,0.0,0.0,0.545,0.0,0.0,0.0,0.0,0.0,-1.0,-1.01e-16,0.0,0.7092,0.2755,0.002746,0.0007408,0.006719,-1.0,0.01527,12.379,14.427,17.3,12.941
0.0152,0.01508,8.6,0.1104051247,1.2525773325,0.11,-3.0,3.4119,5.081,0.0,0.0,0.545,0.0,0.0,0.0,0.0,0.0,-1.0,-1.1e-16,0.0,0.7092,0.2756,0.002746,0.0007408,0.006719,-1.0,0.01527,12.271,14.319,17.193,12.833
0.0152,0.01508,8.6,0.1200000122,1.3193155232,0.12,-2.908,3.4256,5.079,0.0,0.0,0.545,0.0,0.0,0.0,0.0,0.0,-1.0,-1.3e-16,0.0,0.7091,0.2756,0.002746,0.0007408,0.006719,-1.0,0.01527,12.04,13.969,16.679,12.511
0.0152,0.01508,8.6,0.1228731349,1.3379617017,0.123,-2.886,3.4282,5.078,0.0,0.0,0.545,0.0,0.0,0.0,0.0,0.0,-1.0,-1.36e-16,0.0,0.7091,0.2756,0.002746,0.0007408,0.006719,-1.0,0.01527,11.985,13.876,16.533,12.426
0.0152,0.01508,8.6,0.1400000006,1.4384526719,0.14,-2.746,3.4436,5.057,0.0,0.0,0.545,0.0,0.0,0.0,0.0,0.0,-1.0,-1.8e-16,0.0,0.7091,0.2756,0.002746,0.0007408,0.006719,-1.0,0.01527,11.636,13.322,15.712,11.921
0.0152,0.01508,8.6,0.1599999964,1.5372931554,0.16,-2.623,3.4565,5.043,0.0,0.0,0.545,0.0,0.0,0.0,0.0,0.0,-1.0,-2.27e-16,0.0,0.7091,0.2757,0.002746,0.0007408,0.006719,-1.0,0.01527,11.328,12.851,15.025,11.493
0.0152,0.01508,8.6,0.200000003,1.6938790862,0.2,-2.424,3.4749,5.015,0.0,0.0,0.545,0.0,0.0,0.0,0.0,0.0,-1.0,-3.31e-16,0.0,0.709,0.2757,0.002746,0.0007408,0.006719,-1.0,0.01527,10.83,12.139,14.03,10.843
0.0152,0.01508,8.6,0.25,1.8403257998,0.25,-2.228,3.4914,4.981,0.0,0.0,0.545,0.0,0.0,0.0,0.0,0.0,-1.0,-4.83e-16,0.0,0.709,0.2757,0.002746,0.0007408,0.006719,-1.0,0.01527,10.34,11.472,13.133,10.234
0.0152,0.01508,8.6,0.3000000119,1.9529139769,0.3,-2.077,3.5025,4.954,0.0,0.0,0.545,0.0,0.0,0.0,0.0,0.0,-1.0,-6.46e-16,0.0,0.709,0.2757,0.002746,0.0007408,0.006719,-1.0,0.01527,9.962,10.994,12.533,9.792
0.0152,0.01508,8.6,0.3467917442,2.0381276846,0.347,-1.944,3.5127,4.925,0.0,0.0,0.545,0.0,0.0,0.0,0.0,0.0,-1.0,-8.4e-16,0.0,0.7092,0.2756,0.002746,0.0007408,0.006719,-1.0,0.01527,9.631,10.579,12.017,9.408
0.0152,0.01508,8.6,0.3500000238,2.0434175133,0.35,-1.936,3.5133,4.923,0.0,0.0,0.545,0.0,0.0,0.0,0.0,0.0,-1.0,-8.55e-16,0.0,0.7092,0.2755,0.002746,0.0007408,0.006719,-1.0,0.01527,9.609,10.552,11.984,9.383
0.0152,0.01508,8.6,0.3609743118,2.0610460613,0.361,-1.901,3.5159,4.912,0.0,0.0,0.545,0.0,0.0,0.0,0.0,0.0,-1.0,-9.24e-16,0.0,0.7092,0.2755,0.002746,0.0007408,0.006719,-1.0,0.01527,9.522,10.445,11.852,9.284
0.0152,0.01508,8.6,0.4000000358,2.118502481,0.4,-1.784,3.5248,4.875,0.0,0.0,0.545,0.0,0.0,0.0,0.0,0.0,-1.0,-1.2e-15,0.0,0.7092,0.2755,0.002746,0.0007408,0.006719,-1.0,0.01527,9.23,10.088,11.42,8.953
0.0152,0.01508,8.6,0.4500000477,2.1822809714,0.45,-1.633,3.5366,4.822,0.0,0.0,0.545,0.0,0.0,0.0,0.0,0.0,-1.0,-1.7e-15,0.0,0.7092,0.2755,0.002746,0.0007408,0.006719,-1.0,0.01527,8.852,9.63,10.875,8.53
0.0152,0.01508,8.6,0.5,2.2374541529,0.5,-1.472,3.5519,4.769,0.0,0.0,0.545,0.0,0.0,0.0,0.0,0.0,-1.0,-2.48e-15,0.0,0.7092,0.2755,0.002746,0.0007408,0.006719,-1.0,0.01527,8.45,9.134,10.277,8.076
0.0152,0.01508,8.6,0.5168203115,2.2541466536,0.517,-1.421,3.5576,4.755,0.0,0.0,0.545,0.0,0.0,0.0,0.0,0.0,-1.0,-2.78e-15,0.0,0.7094,0.2754,0.002744,0.0007404,0.006714,-1.0,0.01526,8.323,8.972,10.079,7.93
0.0152,0.01508,8.6,0.5500000119,2.2836582633,0.55,-1.316,3.5703,4.728,0.0,0.0,0.545,0.0,0.0,0.0,0.0,0.0,-1.0,-3.54e-15,0.0,0.71,0.2748,0.002738,0.0007387,0.0067,-1.0,0.01522,8.061,8.631,9.659,7.627
0.0152,0.01508,8.6,0.6000000238,2.3211213258,0.6,-1.156,3.5933,4.697,0.0,0.0,0.545,0.0,0.0,0.0,0.0,0.0,-1.0,-5.09e-15,0.0,0.7102,0.2746,0.002737,0.0007384,0.006697,-1.0,0.01519,7.659,8.101,9.009,7.162
0.0152,0.01508,8.6,0.6499999762,2.3520353107,0.65,-0.998,3.619,4.677,0.0,0.0,0.545,0.0,0.0,0.0,0.0,0.0,-1.0,-7.19e-15,0.0,0.7103,0.2745,0.002736,0.0007381,0.006694,-1.0,0.01525,7.264,7.582,8.375,6.711
0.0152,0.01508,8.6,0.7000000477,2.3779267258,0.7,-0.845,3.6462,4.665,0.0,0.0,0.545,0.0,0.0,0.0,0.0,0.0,-1.0,-1e-14,0.0,0.7104,0.2743,0.002734,0.0007378,0.006692,-1.0,0.01523,6.882,7.069,7.742,6.277
0.0152,0.01508,8.6,0.7169881463,2.3857841485,0.717,-0.794,3.6552,4.66,0.0,0.0,0.542,0.0,0.0,0.0,0.0,0.0,-1.0,-1.12e-14,0.0,0.7107,0.274,0.002719,0.0007367,0.006686,-1.0,0.01524,6.755,6.899,7.534,6.133
0.0152,0.01508,8.6,0.75,2.3998889087,0.75,-0.7,3.674,4.661,0.0,0.0,0.538,0.0,0.0,0.0,0.0,0.0,-1.0,-1.35e-14,0.0,0.7106,0.2742,0.002697,0.0007365,0.00669,-1.0,0.01523,6.519,6.584,7.148,5.871
0.0152,0.01508,8.6,0.8000000119,2.4187244405,0.8,-0.57,3.6941,4.639,0.0,0.0,0.538,0.0,0.0,0.0,0.0,0.0,-1.0,-1.81e-14,0.0,0.7108,0.274,0.002695,0.0007361,0.006686,-1.0,0.01521,6.195,6.193,6.695,5.532
0.0152,0.01508,8.6,0.8500000238,2.435034684,0.85,-0.447,3.7128,4.617,0.0,0.0,0.538,0.0,0.0,0.0,0.0,0.0,-1.0,-2.39e-14,0.0,0.711,0.2738,0.002694,0.0007356,0.006682,-1.0,0.01514,5.888,5.837,6.287,5.221
0.0152,0.01508,8.6,0.9000000358,2.4492786175,0.899,-0.33,3.7299,4.594,1.0,0.0,0.538,0.0,0.0,0.0,0.0,0.0,-1.0,-3.12e-14,0.0,0.7113,0.2735,0.002691,0.000735,0.006676,-1.0,0.0152,5.596,5.511,5.921,4.933
0.0152,0.01508,8.6,0.9500000477,2.4618122009,0.95,-0.219,3.7453,4.567,1.0,0.0,0.537,0.0,0.0,0.0,0.0,0.0,-1.0,-4.05e-14,0.0,0.7117,0.2732,0.002688,0.0007342,0.006669,-1.0,0.01517,5.317,5.21,5.583,4.668
0.0152,0.01508,8.6,1.0,2.4729154477,1.0,-0.11,3.7594,4.537,1.0,0.0,0.538,0.0,0.0,0.0,0.0,0.0,-1.0,-5.24e-14,0.0,0.7122,0.2727,0.002684,0.0007331,0.006659,-1.0,0.01514,5.045,4.925,5.266,4.416
0.0152,0.01508,8.6,1.0499999523,2.482811486,1.05,-0.006,3.772,4.505,1.0,0.0,0.537,0.0,0.0,0.0,0.0,0.0,-1.0,-6.26e-14,0.0,0.7129,0.272,0.002678,0.0007315,0.006644,-1.0,0.01509,4.786,4.66,4.972,4.181
0.0152,0.01508,8.6,1.1000000238,2.491680148,1.099,0.093,3.7835,4.472,1.0,0.0,0.537,0.0,0.0,0.0,0.0,0.0,-1.0,-7.37e-14,0.0,0.7141,0.2709,0.002669,0.0007289,0.006622,-1.0,0.01506,4.538,4.409,4.696,3.959
0.0152,0.01508,8.6,1.1499999762,2.4996678137,1.149,0.188,3.794,4.438,1.0,0.0,0.537,0.0,0.0,0.0,0.0,0.0,-1.0,-8.55e-14,0.0,0.7157,0.2693,0.002656,0.0007253,0.00659,-1.0,0.01496,4.3,4.172,4.437,3.747
0.0152,0.01508,8.6,1.2000000477,2.5068948796,1.2,0.28,3.8039,4.405,1.0,0.0,0.537,0.0,0.0,0.0,0.0,0.0,-1.0,-9.76e-14,0.0,0.7159,0.2691,0.002658,0.0007259,0.006595,-1.0,0.01498,4.071,3.944,4.189,3.543
0.0152,0.01508,8.6,1.25,2.5134610955,1.25,0.367,3.8133,4.374,1.0,0.0,0.537,0.0,0.0,0.0,0.0,0.0,-1.0,-1.09e-13,0.0,0.716,0.2691,0.002657,0.000726,0.006596,-1.0,0.01498,3.854,3.729,3.956,3.351
0.0152,0.01508,8.6,1.2999999523,2.5194498592,1.3,0.449,3.8225,4.345,1.0,0.0,0.537,0.0,0.0,0.0,0.0,0.0,-1.0,-1.19e-13,0.0,0.7161,0.2689,0.002657,0.0007257,0.006593,-1.0,0.01499,3.648,3.524,3.735,3.167
0.0152,0.01508,8.6,1.3500001431,2.5249313723,1.35,0.527,3.8317,4.32,1.0,0.0,0.537,0.0,0.0,0.0,0.0,0.0,-1.0,-1.26e-13,0.0,0.716,0.269,0.002657,0.0007259,0.006596,-1.0,0.01498,3.452,3.33,3.525,2.995
0.0152,0.01508,8.6,1.4000000954,2.5299650415,1.4,0.602,3.8412,4.299,1.0,0.0,0.537,0.0,0.0,0.0,0.0,0.0,-1.0,-1.29e-13,0.0,0.716,0.269,0.002657,0.0007258,0.006595,-1.0,0.01498,3.266,3.147,3.327,2.834
0.0152,0.01508,8.6,1.4500000477,2.5346015836,1.45,0.672,3.8516,4.286,1.0,0.0,0.537,0.0,0.0,0.0,0.0,0.0,-1.0,-1.26e-13,0.0,0.7162,0.2689,0.002656,0.0007255,0.006591,-1.0,0.01497,3.089,2.974,3.137,2.686
0.0152,0.01508,8.6,1.4766818285,2.5369285789,1.477,0.709,3.8581,4.283,1.0,0.0,0.537,0.0,0.0,0.0,0.0,0.0,-1.0,-1.21e-13,0.0,0.7163,0.2688,0.002655,0.0007252,0.00659,-1.0,0.01499,2.997,2.885,3.037,2.612
0.0152,0.01508,8.6,1.5,2.5388844597,1.5,0.741,3.8637,4.28,1.0,0.0,0.537,0.0,0.0,0.0,0.0,0.0,-1.0,-1.17e-13,0.0,0.7163,0.2687,0.002654,0.0007251,0.006588,-1.0,0.015,2.918,2.808,2.952,2.55
0.0152,0.01508,8.6,1.5499999523,2.5428511323,1.55,0.807,3.8766,4.28,1.0,0.0,0.537,0.0,0.0,0.0,0.0,0.0,-1.0,-1e-13,0.0,0.7165,0.2685,0.002652,0.0007247,0.006585,-1.0,0.01497,2.753,2.651,2.776,2.424
0.0152,0.01508,8.6,1.6000000238,2.5465340628,1.6,0.87,3.889,4.28,1.0,0.0,0.537,0.0,0.0,0.0,0.0,0.0,-1.0,-7.62e-14,0.0,0.7167,0.2683,0.002651,0.0007243,0.006581,-1.0,0.01498,2.595,2.502,2.609,2.306
0.0152,0.01508,8.6,1.6114201546,2.5473384652,1.611,0.884,3.8917,4.28,1.0,0.0,0.537,0.0,0.0,0.0,0.0,0.0,-1.0,-6.68e-14,0.0,0.7168,0.2683,0.002651,0.0007242,0.006581,-1.0,0.01497,2.56,2.47,2.572,2.28
0.0152,0.01508,8.6,1.6500000954,2.5499614852,1.649,0.93,3.9003,4.278,1.0,0.0,0.537,0.0,0.0,0.0,0.0,0.0,-1.0,-4.32e-14,0.0,0.7169,0.2682,0.00265,0.0007241,0.006579,-1.0,0.01494,2.444,2.362,2.452,2.195
0.0152,0.01508,8.6,1.6963127851,2.5529297383,1.695,0.984,3.9098,4.274,1.0,0.0,0.537,0.0,0.0,0.0,0.0,0.0,-1.0,-1.62e-29,0.0,0.717,0.2681,0.00265,0.0007238,0.006577,-1.0,0.01495,2.309,2.239,2.316,2.097
0.0152,0.01508,8.6,1.7000000477,2.5531580802,1.699,0.988,3.9106,4.274,1.0,0.0,0.537,0.0,0.0,0.0,0.0,0.0,-1.0,-9.999999999999999e-31,0.0,0.717,0.2681,0.00265,0.0007238,0.006577,-1.0,0.01495,2.299,2.23,2.305,2.089
0.0152,0.01508,8.6,1.722633481,2.554535113,1.722,1.014,3.9148,4.271,1.0,0.0,0.537,0.0,0.0,0.0,0.0,0.0,-1.0,-9.999999999999999e-31,0.0,0.717,0.268,0.002649,0.0007237,0.006576,-1.0,0.01494,2.235,2.173,2.242,2.043
0.0152,0.01508,8.6,1.75,2.5561455243,1.749,1.044,3.9198,4.268,1.0,0.0,0.537,0.0,0.0,0.0,0.0,0.0,-1.0,-9.999999999999999e-31,0.0,0.7171,0.268,0.002649,0.0007236,0.006575,-1.0,0.01493,2.16,2.104,2.167,1.987
0.0152,0.01508,8.6,1.7906370163,2.5584327325,1.789,1.088,3.9267,4.261,1.0,0.0,0.537,0.0,0.0,0.0,0.0,0.0,-1.0,-9.999999999999999e-31,0.0,0.7172,0.2679,0.002648,0.0007235,0.006574,-1.0,0.01492,2.05,2.007,2.06,1.907
0.0152,0.01508,8.6,1.7999999523,2.5589429085,1.799,1.098,3.9282,4.26,1.0,0.0,0.537,0.0,0.0,0.0,0.0,0.0,-1.0,-9.999999999999999e-31,0.0,0.7172,0.2679,0.002648,0.0007235,0.006574,-1.0,0.01492,2.025,1.985,2.036,1.888
0.0152,0.01508,8.6,1.8500000238,2.5615671203,1.849,1.151,3.9361,4.25,1.0,0.0,0.537,0.0,0.0,0.0,0.0,0.0,-1.0,-9.999999999999999e-31,0.0,0.7172,0.2678,0.002648,0.0007233,0.006573,-1.0,0.01495,1.893,1.87,1.912,1.792
0.0152,0.01508,8.6,1.893016696,2.5636977012,1.892,1.195,3.9424,4.241,1.0,0.0,0.537,0.0,0.0,0.0,0.0,0.0,-1.0,-9.999999999999999e-31,0.0,0.7173,0.2678,0.002647,0.0007233,0.006572,-1.0,0.01493,1.781,1.775,1.809,1.71
0.0152,0.01508,8.6,1.9000000954,2.5640331317,1.899,1.203,3.9433,4.239,1.0,0.0,0.537,0.0,0.0,0.0,0.0,0.0,-1.0,-9.999999999999999e-31,0.0,0.7173,0.2678,0.002647,0.0007233,0.006572,-1.0,0.01493,1.763,1.759,1.793,1.696
0.0152,0.01508,8.6,1.9275332689,2.5653284299,1.927,1.231,3.9472,4.233,1.0,0.0,0.537,0.0,0.0,0.0,0.0,0.0,-1.0,-9.999999999999999e-31,0.0,0.7173,0.2678,0.002647,0.0007232,0.006572,-1.0,0.01493,1.693,1.7,1.729,1.645
0.0152,0.01508,8.6,1.9500001669,2.5663542767,1.95,1.254,3.9502,4.227,1.0,0.0,0.537,0.0,0.0,0.0,0.0,0.0,-1.0,-9.999999999999999e-31,0.0,0.7173,0.2678,0.002647,0.0007232,0.006571,-1.0,0.01493,1.636,1.652,1.678,1.602
0.0152,0.01508,8.6,1.9966272116,2.5683988055,1.997,1.3,3.9562,4.215,1.0,0.0,0.537,0.0,0.0,0.0,0.0,0.0,-1.0,-9.999999999999999e-31,0.0,0.7173,0.2678,0.002647,0.0007232,0.006571,-1.0,0.01494,1.519,1.554,1.575,1.516
0.0152,0.01508,8.6,2.0,2.5685424513,2.0,1.304,3.9566,4.214,1.0,0.0,0.537,0.0,0.0,0.0,0.0,0.0,-1.0,-9.999999999999999e-31,0.0,0.7173,0.2678,0.002647,0.0007232,0.006571,-1.0,0.01494,1.511,1.547,1.568,1.509
0.0152,0.01508,8.6,2.0499999523,2.5706083333,2.05,1.353,3.9628,4.2,1.0,0.0,0.537,0.0,0.0,0.0,0.0,0.0,-1.0,-9.999999999999999e-31,0.0,0.7173,0.2678,0.002647,0.0007232,0.006571,-1.0,0.01493,1.387,1.445,1.46,1.417
0.0152,0.01508,8.6,2.0847799778,2.5719783535,2.084,1.387,3.9669,4.189,1.0,0.0,0.537,0.0,0.0,0.0,0.0,0.0,-1.0,-9.999999999999999e-31,0.0,0.7173,0.2677,0.002647,0.0007231,0.006571,-1.0,0.01492,1.302,1.375,1.387,1.354
0.0152,0.01508,8.6,2.0999999046,2.5725614918,2.099,1.402,3.9686,4.185,1.0,0.0,0.537,0.0,0.0,0.0,0.0,0.0,-1.0,-9.999999999999999e-31,0.0,0.7174,0.2677,0.002647,0.0007232,0.006571,-1.0,0.01492,1.266,1.345,1.355,1.326
0.0152,0.01508,8.6,2.1497225761,2.5744005653,2.148,1.449,3.974,4.169,1.0,0.0,0.537,0.0,0.0,0.0,0.0,0.0,-1.0,-9.999999999999999e-31,0.0,0.7173,0.2678,0.002647,0.0007232,0.006571,-1.0,0.01493,1.147,1.247,1.253,1.236
0.0152,0.01508,8.6,2.1500000954,2.5744105556,2.149,1.45,3.974,4.169,1.0,0.0,0.537,0.0,0.0,0.0,0.0,0.0,-1.0,-9.999999999999999e-31,0.0,0.7173,0.2678,0.002647,0.0007232,0.006571,-1.0,0.01493,1.146,1.247,1.252,1.236
0.0152,0.01508,8.6,2.2000000477,2.5761632879,2.199,1.497,3.979,4.151,1.0,0.0,0.537,0.0,0.0,0.0,0.0,0.0,-1.0,-9.999999999999999e-31,0.0,0.7172,0.2678,0.002648,0.0007233,0.006571,-1.0,0.01498,1.027,1.148,1.15,1.145
0.0152,0.01508,8.6,2.2304499149,2.5771865339,2.229,1.526,3.9819,4.14,1.0,0.0,0.537,0.0,0.0,0.0,0.0,0.0,-1.0,-9.999999999999999e-31,0.0,0.7173,0.2678,0.002648,0.0007233,0.006572,-1.0,0.01494,0.956,1.089,1.089,1.089
0.0152,0.01508,8.6,2.25,2.5778267375,2.249,1.544,3.9835,4.132,1.0,0.0,0.537,0.0,0.0,0.0,0.0,0.0,-1.0,-9.999999999999999e-31,0.0,0.7173,0.2678,0.002647,0.0007233,0.006572,-1.0,0.01493,0.91,1.05,1.048,1.052
0.0152,0.01508,8.6,2.278799057,2.5787468442,2.277,1.571,3.986,4.12,1.0,0.0,0.537,0.0,0.0,0.0,0.0,0.0,-1.0,-9.999999999999999e-31,0.0,0.7173,0.2678,0.002648,0.0007233,0.006572,-1.0,0.01495,0.842,0.992,0.989,0.998
0.0152,0.01508,8.6,2.2999999523,2.5794072884,2.299,1.591,3.9876,4.111,1.0,0.0,0.537,0.0,0.0,0.0,0.0,0.0,-1.0,-9.999999999999999e-31,0.0,0.7172,0.2678,0.002648,0.0007233,0.006572,-1.0,0.01495,0.792,0.949,0.945,0.957
0.0152,0.01508,8.6,2.3332073689,2.5804140671,2.332,1.622,3.99,4.096,1.0,0.0,0.537,0.0,0.0,0.0,0.0,0.0,-1.0,-9.999999999999999e-31,0.0,0.7172,0.2678,0.002648,0.0007234,0.006573,-1.0,0.01495,0.714,0.882,0.876,0.893
0.0152,0.01508,8.6,2.4000000954,2.5823423892,2.399,1.685,3.9942,4.062,1.0,0.0,0.537,0.0,0.0,0.0,0.0,0.0,-1.0,-9.999999999999999e-31,0.0,0.7172,0.2679,0.002649,0.0007235,0.006574,-1.0,0.01496,0.558,0.745,0.736,0.761
0.0152,0.01508,8.6,2.4576523304,2.5839102644,2.457,1.738,3.9974,4.032,1.0,0.0,0.537,0.0,0.0,0.0,0.0,0.0,-1.0,-9.999999999999999e-31,0.0,0.7151,0.2699,0.002664,0.0007278,0.006612,-1.0,0.01503,0.426,0.627,0.616,0.647
0.0152,0.01508,8.6,2.5153188705,2.585396131,2.515,1.791,3.9994,3.998,1.0,0.0,0.537,0.0,0.0,0.0,0.0,0.0,-1.0,-9.999999999999999e-31,0.0,0.7128,0.2721,0.002682,0.0007325,0.006654,-1.0,0.01513,0.294,0.503,0.491,0.526
0.0152,0.01508,8.6,2.5628859997,2.5865640706,2.563,1.834,4.0002,3.965,1.0,0.0,0.538,0.0,0.0,0.0,0.0,0.0,-1.0,-9.999999999999999e-31,0.0,0.7108,0.274,0.002697,0.0007366,0.00669,-1.0,0.01521,0.184,0.396,0.383,0.42
0.0152,0.01508,8.6,2.5999999046,2.5874412955,2.6,1.869,4.0001,3.937,1.0,0.0,0.538,0.0,0.0,0.0,0.0,0.0,-1.0,-9.999999999999999e-31,0.0,0.7092,0.2755,0.00271,0.0007399,0.00672,-1.0,0.01527,0.098,0.31,0.297,0.334
0.0152,0.01508,8.6,2.6064436436,2.5875906757,2.606,1.875,4.0001,3.932,1.0,0.0,0.538,0.0,0.0,0.0,0.0,0.0,-1.0,-9.999999999999999e-31,0.0,0.7092,0.2755,0.00271,0.0007399,0.00672,-1.0,0.01527,0.083,0.295,0.282,0.319
0.0152,0.01508,8.6,2.6577961445,2.5887514307,2.658,1.922,3.9985,3.887,1.0,0.0,0.538,0.0,0.0,0.0,0.0,0.0,-1.0,-9.999999999999999e-31,0.0,0.7092,0.2755,0.00271,0.0007399,0.00672,-1.0,0.01527,-0.035,0.169,0.157,0.192
0.0152,0.01508,8.6,2.7075195312,2.5898272455,2.708,1.968,3.9949,3.834,1.0,0.0,0.538,0.0,0.0,0.0,0.0,0.0,-1.0,-9.999999999999999e-31,0.0,0.7092,0.2755,0.00271,0.0007399,0.00672,-1.0,0.01527,-0.151,0.037,0.026,0.056
0.0152,0.01508,8.6,2.7514958382,2.5907415486,2.752,2.009,3.99,3.78,1.0,0.0,0.538,0.0,0.0,0.0,0.0,0.0,-1.0,-9.999999999999999e-31,0.0,0.7092,0.2755,0.00271,0.0007399,0.00672,-1.0,0.01527,-0.253,-0.088,-0.097,-0.073
0.0152,0.01508,8.6,2.7887675762,2.5914905512,2.789,2.043,3.984,3.728,1.0,0.0,0.538,0.0,0.0,0.0,0.0,0.0,-1.0,-9.999999999999999e-31,0.0,0.7092,0.2755,0.00271,0.0007399,0.00672,-1.0,0.01527,-0.339,-0.2,-0.205,-0.191
0.0152,0.01508,8.6,2.8000001907,2.5917117867,2.8,2.054,3.982,3.712,1.0,0.0,0.538,0.0,0.0,0.0,0.0,0.0,-1.0,-9.999999999999999e-31,0.0,0.7092,0.2755,0.00271,0.0007399,0.00672,-1.0,0.01527,-0.364,-0.234,-0.239,-0.227
0.0152,0.01508,8.6,2.8003075123,2.591717811,2.801,2.054,3.982,3.711,1.0,0.0,0.538,0.0,0.0,0.0,0.0,0.0,-1.0,-9.999999999999999e-31,0.0,0.7092,0.2755,0.00271,0.0007399,0.00672,-1.0,0.01527,-0.365,-0.235,-0.24,-0.228
0.0152,0.01508,8.6,2.8338494301,2.5923662954,2.834,2.084,3.974,3.654,1.0,0.0,0.538,0.0,0.0,0.0,0.0,0.0,-1.0,-9.999999999999999e-31,0.0,0.7092,0.2755,0.00271,0.0007399,0.00672,-1.0,0.01527,-0.441,-0.345,-0.345,-0.347
0.0152,0.01508,8.6,2.8613247871,2.592884485,2.862,2.109,3.9662,3.602,1.0,0.0,0.538,0.0,0.0,0.0,0.0,0.0,-1.0,-9.999999999999999e-31,0.0,0.7092,0.2755,0.00271,0.0007399,0.00672,-1.0,0.01527,-0.503,-0.439,-0.434,-0.45
0.0152,0.01508,8.6,2.8887374401,2.5933902112,2.889,2.134,3.9572,3.546,1.0,0.0,0.538,0.0,0.0,0.0,0.0,0.0,-1.0,-9.999999999999999e-31,0.0,0.7092,0.2755,0.00271,0.0007399,0.00672,-1.0,0.01527,-0.565,-0.535,-0.525,-0.558
0.0152,0.01508,8.6,2.9107503891,2.5937883997,2.911,2.155,3.9487,3.493,1.0,0.0,0.538,0.0,0.0,0.0,0.0,0.0,-1.0,-9.999999999999999e-31,0.0,0.7092,0.2755,0.00271,0.0007399,0.00672,-1.0,0.01527,-0.618,-0.62,-0.603,-0.654
0.0152,0.01508,8.6,2.9339039326,2.5941998141,2.934,2.183,3.9428,3.446,1.0,0.0,0.538,0.0,0.0,0.0,0.0,0.0,-1.0,-9.999999999999999e-31,0.0,0.7092,0.2755,0.00271,0.0007399,0.00672,-1.0,0.01527,-0.687,-0.708,-0.687,-0.751
0.0152,0.01508,8.6,2.9410667419,2.594325582,2.941,2.2,3.948,3.45,1.0,0.0,0.538,0.0,0.0,0.0,0.0,0.0,-1.0,-9.999999999999999e-31,0.0,0.7092,0.2755,0.00271,0.0007399,0.00672,-1.0,0.01527,-0.731,-0.735,-0.719,-0.77
0.0152,0.01508,8.6,2.9468896389,2.5944273052,2.947,2.222,3.9579,3.469,1.0,0.0,0.538,0.0,0.0,0.0,0.0,0.0,-1.0,-9.999999999999999e-31,0.0,0.7092,0.2755,0.00271,0.0007399,0.00672,-1.0,0.01527,-0.786,-0.754,-0.745,-0.774
0.0152,0.01508,8.6,2.9489958286,2.5944639855,2.949,2.24,3.9683,3.493,1.0,0.0,0.538,0.0,0.0,0.0,0.0,0.0,-1.0,-9.999999999999999e-31,0.0,0.7092,0.2755,0.00271,0.0007399,0.00672,-1.0,0.01527,-0.83,-0.759,-0.757,-0.765
0.0152,0.01508,8.6,2.9499993324,2.5944814409,2.95,2.258,3.9785,3.516,1.0,0.0,0.538,0.0,0.0,0.0,0.0,0.0,-1.0,-9.999999999999999e-31,0.0,0.7092,0.2755,0.00271,0.0007399,0.00672,-1.0,0.01527,-0.874,-0.76,-0.765,-0.755
0.0152,0.01508,8.6,2.9505679607,2.5944913258,2.951,2.276,3.9884,3.538,1.0,0.0,0.538,0.0,0.0,0.0,0.0,0.0,-1.0,-9.999999999999999e-31,0.0,0.7092,0.2755,0.00271,0.0007399,0.00672,-1.0,0.01527,-0.92,-0.764,-0.773,-0.748
0.0152,0.01508,8.6,2.9509365559,2.594497731,2.951,2.297,3.9984,3.556,1.0,0.0,0.538,0.0,0.0,0.0,0.0,0.0,-1.0,-9.999999999999999e-31,0.0,0.7092,0.2755,0.00271,0.0007399,0.00672,-1.0,0.01527,-0.973,-0.772,-0.786,-0.746
0.0152,0.01508,8.6,2.9511759281,2.5945018897,2.951,2.316,4.0069,3.572,1.0,0.0,0.538,0.0,0.0,0.0,0.0,0.0,-1.0,-9.999999999999999e-31,0.0,0.7092,0.2755,0.00271,0.0007399,0.00672,-1.0,0.01527,-1.02,-0.78,-0.799,-0.747
0.0152,0.01508,8.6,2.9512748718,2.5945036084,2.952,2.323,4.0102,3.578,1.0,0.0,0.538,0.0,0.0,0.0,0.0,0.0,-1.0,-9.999999999999999e-31,0.0,0.7092,0.2755,0.00271,0.0007399,0.00672,-1.0,0.01527,-1.037,-0.781,-0.801,-0.746
0.0152,0.01508,8.6,2.9513761997,2.5945053684,2.952,2.296,4.004,3.58,1.0,0.0,0.538,0.0,0.0,0.0,0.0,0.0,-1.0,-9.999999999999999e-31,0.0,0.7092,0.2755,0.00271,0.0007399,0.00672,-1.0,0.01527,-0.97,-0.743,-0.76,-0.713
0.0152,0.01508,8.6,2.9514584541,2.5945067971,2.952,2.272,3.9964,3.574,2.0,0.0,0.538,0.0,0.0,0.0,0.0,0.0,-1.0,-9.999999999999999e-31,0.0,0.7092,0.2755,0.00271,0.0007399,0.00672,-1.0,0.01527,-0.91,-0.718,-0.732,-0.695
0.0152,0.01508,8.6,2.9515316486,2.5945080683,2.952,2.257,3.9877,3.554,2.0,0.0,0.538,0.0,0.0,0.0,0.0,0.0,-1.0,-9.999999999999999e-31,0.0,0.7092,0.2755,0.00271,0.0007399,0.00672,-1.0,0.01527,-0.872,-0.718,-0.727,-0.703
0.0152,0.01508,8.6,2.9516313076,2.594509799,2.952,2.252,3.9761,3.513,2.0,0.0,0.538,0.0,0.0,0.0,0.0,0.0,-1.0,-9.999999999999999e-31,0.0,0.7092,0.2755,0.00271,0.0007399,0.00672,-1.0,0.01527,-0.859,-0.755,-0.758,-0.753
0.0152,0.01508,8.6,2.951747179,2.594511811,2.952,2.26,3.9644,3.458,2.0,0.0,0.538,0.0,0.0,0.0,0.0,0.0,-1.0,-9.999999999999999e-31,0.0,0.7092,0.2755,0.00271,0.0007399,0.00672,-1.0,0.01527,-0.879,-0.823,-0.819,-0.834
0.0152,0.01508,8.6,2.9518797398,2.5945141127,2.952,2.27,3.9526,3.4,2.0,0.0,0.538,0.0,0.0,0.0,0.0,0.0,-1.0,-9.999999999999999e-31,0.0,0.7092,0.2755,0.00271,0.0007399,0.00672,-1.0,0.01527,-0.906,-0.894,-0.882,-0.921
0.0152,0.01508,8.6,2.9520256519,2.5945166459,2.952,2.278,3.9408,3.345,2.0,0.0,0.538,0.0,0.0,0.0,0.0,0.0,-1.0,-9.999999999999999e-31,0.0,0.7092,0.2755,0.00271,0.0007399,0.00672,-1.0,0.01527,-0.925,-0.954,-0.932,-0.998
0.0152,0.01508,8.6,2.9521820545,2.5945193609,2.952,2.282,3.9289,3.294,2.0,0.0,0.538,0.0,0.0,0.0,0.0,0.0,-1.0,-9.999999999999999e-31,0.0,0.7092,0.2755,0.00271,0.0007399,0.00672,-1.0,0.01527,-0.936,-0.998,-0.965,-1.063
0.0152,0.01508,8.6,2.9523468018,2.5945222204,2.953,2.284,3.917,3.245,2.0,0.0,0.538,0.0,0.0,0.0,0.0,0.0,-1.0,-9.999999999999999e-31,0.0,0.7092,0.2755,0.00271,0.0007399,0.00672,-1.0,0.01527,-0.939,-1.027,-0.982,-1.116
0.0152,0.01508,8.6,2.9525177479,2.5945251871,2.953,2.283,3.905,3.198,2.0,0.0,0.538,0.0,0.0,0.0,0.0,0.0,-1.0,-9.999999999999999e-31,0.0,0.7092,0.2755,0.00271,0.0007399,0.00672,-1.0,0.01527,-0.937,-1.047,-0.987,-1.162
0.0152,0.01508,8.6,2.9526917934,2.5945282072,2.953,2.28,3.893,3.152,2.0,0.0,0.538,0.0,0.0,0.0,0.0,0.0,-1.0,-9.999999999999999e-31,0.0,0.7092,0.2755,0.00271,0.0007399,0.00672,-1.0,0.01527,-0.931,-1.058,-0.983,-1.202
0.0152,0.01508,8.6,2.952865839,2.5945312269,2.953,2.276,3.881,3.108,2.0,0.0,0.538,0.0,0.0,0.0,0.0,0.0,-1.0,-9.999999999999999e-31,0.0,0.7092,0.2755,0.00271,0.0007399,0.00672,-1.0,0.01527,-0.921,-1.061,-0.967,-1.237
0.0152,0.01508,8.6,2.953037262,2.5945342007,2.953,2.271,3.8689,3.065,2.0,0.0,0.538,0.0,0.0,0.0,0.0,0.0,-1.0,-9.999999999999999e-31,0.0,0.7092,0.2755,0.00271,0.0007399,0.00672,-1.0,0.01527,-0.908,-1.057,-0.943,-1.267
0.0152,0.01508,8.6,2.9532043934,2.5945370996,2.953,2.265,3.8568,3.022,2.0,0.0,0.538,0.0,0.0,0.0,0.0,0.0,-1.0,-9.999999999999999e-31,0.0,0.7092,0.2755,0.00271,0.0007399,0.00672,-1.0,0.01527,-0.893,-1.048,-0.914,-1.291
0.0152,0.01508,8.6,2.9533655643,2.5945398948,2.954,2.258,3.8447,2.981,2.0,0.0,0.538,0.0,0.0,0.0,0.0,0.0,-1.0,-9.999999999999999e-31,0.0,0.7092,0.2755,0.00271,0.0007399,0.00672,-1.0,0.01527,-0.876,-1.034,-0.878,-1.309
0.0152,0.01508,8.6,2.9535198212,2.5945425698,2.954,2.25,3.8325,2.94,2.0,0.0,0.538,0.0,0.0,0.0,0.0,0.0,-1.0,-9.999999999999999e-31,0.0,0.7092,0.2755,0.00271,0.0007399,0.00672,-1.0,0.01527,-0.856,-1.015,-0.839,-1.322
0.0152,0.01508,8.6,2.9536669254,2.5945451204,2.954,2.242,3.8204,2.9,2.0,0.0,0.538,0.0,0.0,0.0,0.0,0.0,-1.0,-9.999999999999999e-31,0.0,0.7092,0.2755,0.00271,0.0007399,0.00672,-1.0,0.01527,-0.835,-0.993,-0.794,-1.331
0.0152,0.01508,8.6,2.953807354,2.594547555,2.954,2.232,3.8085,2.862,2.0,0.0,0.538,0.0,0.0,0.0,0.0,0.0,-1.0,-9.999999999999999e-31,0.0,0.7092,0.2755,0.00271,0.0007399,0.00672,-1.0,0.01527,-0.811,-0.967,-0.745,-1.336
0.0152,0.01508,8.6,2.9539415836,2.5945498819,2.954,2.222,3.7968,2.825,2.0,0.0,0.538,0.0,0.0,0.0,0.0,0.0,-1.0,-9.999999999999999e-31,0.0,0.7092,0.2755,0.00271,0.0007399,0.00672,-1.0,0.01527,-0.786,-0.938,-0.692,-1.339
0.0152,0.01508,8.6,2.9540758133,2.5945522086,2.954,2.211,3.7852,2.79,2.0,0.0,0.538,0.0,0.0,0.0,0.0,0.0,-1.0,-9.999999999999999e-31,0.0,0.7092,0.2755,0.00271,0.0007399,0.00672,-1.0,0.01527,-0.757,-0.904,-0.633,-1.335
0.0152,0.01508,8.6,2.954218626,2.5945546837,2.954,2.197,3.7736,2.758,2.0,0.0,0.538,0.0,0.0,0.0,0.0,0.0,-1.0,-9.999999999999999e-31,0.0,0.7092,0.2755,0.00271,0.0007399,0.00672,-1.0,0.01527,-0.723,-0.861,-0.563,-1.322
0.0152,0.01508,8.6,2.9543817043,2.5945575098,2.955,2.179,3.7624,2.732,2.0,0.0,0.538,0.0,0.0,0.0,0.0,0.0,-1.0,-9.999999999999999e-31,0.0,0.7092,0.2755,0.00271,0.0007399,0.00672,-1.0,0.01527,-0.676,-0.803,-0.48,-1.293
0.0152,0.01508,8.6,2.9545378685,2.5945602157,2.955,2.158,3.7534,2.716,2.0,0.0,0.538,0.0,0.0,0.0,0.0,0.0,-1.0,-9.999999999999999e-31,0.0,0.7092,0.2755,0.00271,0.0007399,0.00672,-1.0,0.01527,-0.625,-0.741,-0.398,-1.253
0.0152,0.01508,8.6,2.9547095299,2.5945631897,2.955,2.132,3.7446,2.707,2.0,0.0,0.538,0.0,0.0,0.0,0.0,0.0,-1.0,-9.999999999999999e-31,0.0,0.7092,0.2755,0.00271,0.0007399,0.00672,-1.0,0.01527,-0.561,-0.664,-0.302,-1.196
0.0152,0.01508,8.6,2.9548897743,2.5945663121,2.955,2.102,3.7363,2.704,2.0,0.0,0.538,0.0,0.0,0.0,0.0,0.0,-1.0,-9.999999999999999e-31,0.0,0.7092,0.2755,0.00271,0.0007399,0.00672,-1.0,0.01527,-0.486,-0.575,-0.195,-1.126
0.0152,0.01508,8.6,2.9550557137,2.5945691862,2.955,2.073,3.7292,2.704,2.0,0.0,0.538,0.0,0.0,0.0,0.0,0.0,-1.0,-9.999999999999999e-31,0.0,0.7092,0.2755,0.00271,0.0007399,0.00672,-1.0,0.01527,-0.413,-0.49,-0.095,-1.057
0.0152,0.01508,8.6,2.9552824497,2.5945731127,2.956,2.037,3.7202,2.704,2.0,0.0,0.538,0.0,0.0,0.0,0.0,0.0,-1.0,-9.999999999999999e-31,0.0,0.7092,0.2755,0.00271,0.0007399,0.00672,-1.0,0.01527,-0.323,-0.383,0.033,-0.969
0.0152,0.01508,8.6,2.9554960728,2.5945768116,2.956,2.015,3.7121,2.694,2.0,0.0,0.538,0.0,0.0,0.0,0.0,0.0,-1.0,-9.999999999999999e-31,0.0,0.7092,0.2755,0.00271,0.0007399,0.00672,-1.0,0.01527,-0.267,-0.31,0.125,-0.914
0.0152,0.01508,8.6,2.9555749893,2.5945781778,2.956,2.01,3.7091,2.687,2.0,0.0,0.538,0.0,0.0,0.0,0.0,0.0,-1.0,-9.999999999999999e-31,0.0,0.7092,0.2755,0.00271,0.0007399,0.00672,-1.0,0.01527,-0.255,-0.291,0.151,-0.902
0.0152,0.01508,8.6,2.9558134079,2.594582305,2.956,2.029,3.7008,2.635,3.0,0.0,0.538,0.0,0.0,0.0,0.0,0.0,-1.0,-9.999999999999999e-31,0.0,0.7092,0.2756,0.00271,0.00074,0.00672,-1.0,0.01527,-0.303,-0.32,0.142,-0.948
0.0152,0.01508,8.6,2.9560263157,2.5945859899,2.956,2.061,3.6941,2.577,3.0,0.0,0.537,0.0,0.0,0.0,0.0,0.0,-1.0,-9.999999999999999e-31,0.0,0.7091,0.2756,0.002707,0.0007405,0.00672,-1.0,0.01527,-0.382,-0.38,0.098,-1.023
0.0152,0.01508,8.6,2.956230402,2.5945895216,2.956,2.099,3.6888,2.517,3.0,0.0,0.534,0.0,0.0,0.0,0.0,0.0,-1.0,-9.999999999999999e-31,0.0,0.709,0.2758,0.002689,0.0007475,0.00672,-1.0,0.01527,-0.478,-0.461,0.03,-1.115
0.0152,0.01508,8.6,2.9564273357,2.594592929,2.957,2.135,3.6846,2.464,3.0,0.0,0.522,0.0,0.0,0.0,0.0,0.0,-1.0,-9.999999999999999e-31,0.0,0.7088,0.2759,0.002632,0.0007826,0.00672,-1.0,0.0153,-0.568,-0.538,-0.035,-1.202
0.0152,0.01508,8.6,2.9567229748,2.5945980431,2.957,2.182,3.6796,2.397,3.0,0.0,0.481,0.0,0.0,0.0,0.0,0.0,-1.0,-9.999999999999999e-31,0.0,0.7086,0.2761,0.002426,0.001002,0.00672,-1.0,0.01529,-0.685,-0.64,-0.123,-1.316
0.0152,0.01508,8.6,2.9569690228,2.5946022986,2.957,2.218,3.6761,2.348,3.0,0.0,0.45,0.0,0.0,0.0,0.0,0.0,-1.0,-9.999999999999999e-31,0.0,0.7083,0.2763,0.002265,0.001194,0.00672,-1.0,0.01534,-0.774,-0.717,-0.19,-1.402
0.0152,0.01508,8.6,2.9572148323,2.5946065491,2.957,2.252,3.6728,2.3,3.0,0.0,0.424,0.0,0.0,0.0,0.0,0.0,-1.0,-9.999999999999999e-31,0.0,0.7081,0.2766,0.002137,0.001351,0.00672,-1.0,0.01538,-0.861,-0.793,-0.256,-1.486
0.0152,0.01508,8.6,2.9573624134,2.5946091006,2.958,2.273,3.6709,2.271,3.0,0.0,0.411,0.0,0.0,0.0,0.0,0.0,-1.0,-9.999999999999999e-31,0.0,0.7079,0.2767,0.002072,0.001432,0.00672,-1.0,0.01537,-0.913,-0.839,-0.296,-1.536
0.0152,0.01508,8.6,2.9575126171,2.5946116972,2.958,2.294,3.669,2.243,3.0,0.0,0.402,0.0,0.0,0.0,0.0,0.0,-1.0,-9.999999999999999e-31,0.0,0.7078,0.2768,0.002025,0.00149,0.00672,-1.0,0.01539,-0.966,-0.885,-0.336,-1.587
0.0152,0.01508,8.6,2.9576625824,2.5946142894,2.958,2.316,3.6671,2.214,3.0,0.0,0.393,0.0,0.0,0.0,0.0,0.0,-1.0,-9.999999999999999e-31,0.0,0.7076,0.277,0.00198,0.001546,0.00672,-1.0,0.0154,-1.019,-0.931,-0.376,-1.638
0.0152,0.01508,8.6,2.9577729702,2.5946161973,2.958,2.332,3.6657,2.192,3.0,0.0,0.389,0.0,0.0,0.0,0.0,0.0,-1.0,-9.999999999999999e-31,0.0,0.7074,0.2772,0.001956,0.001582,0.006712,-1.0,0.0154,-1.06,-0.966,-0.406,-1.676
0.0152,0.01508,8.6,2.9581046104,2.5946219282,2.958,2.38,3.6617,2.128,3.0,0.0,0.38,0.0,0.0,0.0,0.0,0.0,-1.0,-9.999999999999999e-31,0.0,0.7057,0.2789,0.00189,0.001726,0.006636,-1.0,0.01539,-1.18,-1.072,-0.499,-1.792
0.0152,0.01508,8.6,2.9583809376,2.5946267021,2.959,2.42,3.6585,2.075,3.0,0.0,0.377,0.0,0.0,0.0,0.0,0.0,-1.0,-9.999999999999999e-31,0.0,0.7027,0.2819,0.001845,0.001875,0.00653,-1.0,0.01539,-1.281,-1.159,-0.576,-1.888
0.0152,0.01508,8.6,2.958712101,2.594632422,2.959,2.469,3.6547,2.011,3.0,0.0,0.375,0.0,0.0,0.0,0.0,0.0,-1.0,-9.999999999999999e-31,0.0,0.6978,0.2868,0.0018,0.002048,0.006394,-1.0,0.01537,-1.402,-1.265,-0.669,-2.003
0.0152,0.01508,8.6,2.9590432644,2.5946381405,2.959,2.518,3.6509,1.947,3.0,0.0,0.375,4.4,3.33,2.49,1.82,1.49,4.0,-9.999999999999999e-31,0.0,0.6924,0.2922,0.001764,0.002196,0.006277,-1.0,0.01536,-1.526,-1.373,-0.765,-2.12
0.0152,0.01508,8.6,2.9593191147,2.5946429027,2.96,2.56,3.6478,1.892,3.0,0.0,0.374,4.91,3.68,2.74,2.0,1.64,4.0,-9.999999999999999e-31,0.0,0.6882,0.2964,0.001741,0.002292,0.0062,-1.0,0.01537,-1.631,-1.464,-0.845,-2.218
0.0152,0.01508,8.6,2.9595947266,2.5946476598,2.96,2.603,3.6445,1.836,3.0,0.0,0.374,5.48,4.07,3.02,2.21,1.8,4.0,-9.999999999999999e-31,0.0,0.6845,0.3002,0.001723,0.002368,0.006139,-1.0,0.01536,-1.737,-1.555,-0.926,-2.317
0.0152,0.01508,8.6,2.9598703384,2.5946524158,2.96,2.646,3.6411,1.779,3.0,0.0,0.374,6.14,4.51,3.33,2.44,2.0,4.0,-9.999999999999999e-31,0.0,0.6813,0.3033,0.001708,0.002428,0.00609,-1.0,0.01537,-1.846,-1.648,-1.008,-2.418
0.0152,0.01508,8.6,2.9601078033,2.5946565128,2.96,2.685,3.6381,1.729,3.0,0.0,0.374,6.79,4.94,3.63,2.67,2.18,4.0,-9.999999999999999e-31,0.0,0.6791,0.3056,0.001699,0.002468,0.006058,-1.0,0.01537,-1.942,-1.729,-1.08,-2.505
0.0152,0.01508,8.6,2.9603421688,2.5946605556,2.961,2.722,3.635,1.679,3.0,0.0,0.374,7.49,5.4,3.95,2.91,2.38,4.0,-9.999999999999999e-31,0.0,0.6773,0.3074,0.001692,0.002499,0.006033,-1.0,0.01536,-2.036,-1.807,-1.149,-2.59
0.0152,0.01508,8.6,2.9606106281,2.5946651855,2.961,2.759,3.6321,1.631,3.0,0.0,0.374,8.25,5.9,4.3,3.17,2.59,4.0,-9.999999999999999e-31,0.0,0.6756,0.3091,0.001685,0.002527,0.00601,-1.0,0.01537,-2.128,-1.885,-1.217,-2.674
0.0152,0.01508,8.6,2.9608075619,2.5946685813,2.961,2.783,3.6303,1.6,3.0,0.0,0.374,8.77,6.23,4.53,3.34,2.73,4.0,-9.999999999999999e-31,0.0,0.6745,0.3102,0.001681,0.002545,0.005996,-1.0,0.01537,-2.186,-1.934,-1.261,-2.727
0.0152,0.01508,8.6,2.9611022472,2.5946736617,2.961,2.769,3.6314,1.618,3.0,0.0,0.374,8.45,6.03,4.39,3.24,2.65,4.0,-9.999999999999999e-31,0.0,0.6745,0.3102,0.001681,0.002545,0.005996,-1.0,0.01537,-2.152,-1.906,-1.236,-2.696
0.0152,0.01508,8.6,2.9617199898,2.5946843077,2.962,2.741,3.6338,1.656,4.0,0.0,0.374,0.0,0.0,0.0,0.0,0.0,-1.0,-9.999999999999999e-31,0.0,0.6745,0.3102,0.001681,0.002546,0.005996,-1.0,0.01537,-2.082,-1.847,-1.185,-2.633
0.0152,0.01508,8.6,2.9623849392,2.5946957617,2.963,2.71,3.6364,1.698,4.0,0.0,0.374,0.0,0.0,0.0,0.0,0.0,-1.0,-9.999999999999999e-31,0.0,0.6745,0.3102,0.001681,0.002546,0.005995,-1.0,0.01537,-2.005,-1.783,-1.129,-2.563
0.0152,0.01508,8.6,2.9630796909,2.5947077227,2.963,2.677,3.6393,1.742,4.0,0.0,0.374,0.0,0.0,0.0,0.0,0.0,-1.0,-9.999999999999999e-31,0.0,0.6745,0.3102,0.001681,0.002546,0.005995,-1.0,0.01537,-1.923,-1.716,-1.071,-2.49
0.0152,0.01508,8.6,2.9637715816,2.594719628,2.964,2.641,3.6423,1.79,4.0,0.0,0.374,0.0,0.0,0.0,0.0,0.0,-1.0,-9.999999999999999e-31,0.0,0.6745,0.3101,0.001681,0.002546,0.005995,-1.0,0.01537,-1.832,-1.64,-1.004,-2.407
0.0152,0.01508,8.6,2.9644329548,2.5947310022,2.965,2.601,3.6456,1.843,4.0,0.0,0.374,0.0,0.0,0.0,0.0,0.0,-1.0,-9.999999999999999e-31,0.0,0.6745,0.3101,0.001681,0.002546,0.005995,-1.0,0.01537,-1.733,-1.556,-0.931,-2.315
0.0152,0.01508,8.6,2.9649655819,2.594740158,2.965,2.567,3.6485,1.889,4.0,0.0,0.374,0.0,0.0,0.0,0.0,0.0,-1.0,-9.999999999999999e-31,0.0,0.6745,0.3101,0.001681,0.002546,0.005995,-1.0,0.01537,-1.647,-1.483,-0.867,-2.236
0.0152,0.01508,8.6,2.965483427,2.5947490561,2.966,2.531,3.6515,1.936,4.0,0.0,0.374,0.0,0.0,0.0,0.0,0.0,-1.0,-9.999999999999999e-31,0.0,0.6745,0.3101,0.001681,0.002546,0.005995,-1.0,0.01537,-1.559,-1.408,-0.801,-2.154
0.0152,0.01508,8.6,2.9660069942,2.5947580489,2.966,2.495,3.6545,1.985,4.0,0.0,0.374,0.0,0.0,0.0,0.0,0.0,-1.0,-9.999999999999999e-31,0.0,0.6745,0.3101,0.001681,0.002546,0.005995,-1.0,0.01537,-1.468,-1.33,-0.733,-2.068
0.0152,0.01508,8.6,2.9665465355,2.5947673123,2.967,2.458,3.6576,2.035,4.0,0.0,0.374,0.0,0.0,0.0,0.0,0.0,-1.0,-9.999999999999999e-31,0.0,0.6745,0.3101,0.001681,0.002547,0.005995,-1.0,0.01537,-1.375,-1.25,-0.663,-1.981
0.0152,0.01508,8.6,2.9671161175,2.5947770872,2.967,2.42,3.6607,2.085,4.0,0.0,0.374,0.0,0.0,0.0,0.0,0.0,-1.0,-9.999999999999999e-31,0.0,0.6745,0.3101,0.001681,0.002547,0.005995,-1.0,0.01537,-1.281,-1.168,-0.592,-1.891
0.0152,0.01508,8.6,2.9677321911,2.5947876551,2.968,2.382,3.6639,2.136,4.0,0.0,0.374,0.0,0.0,0.0,0.0,0.0,-1.0,-9.999999999999999e-31,0.0,0.6745,0.3101,0.001681,0.002547,0.005995,-1.0,0.01537,-1.184,-1.084,-0.518,-1.799
0.0152,0.01508,8.6,2.9684896469,2.5948006413,2.969,2.339,3.6675,2.194,4.0,0.0,0.374,0.0,0.0,0.0,0.0,0.0,-1.0,-9.999999999999999e-31,0.0,0.6745,0.3101,0.001681,0.002547,0.005995,-1.0,0.01537,-1.077,-0.991,-0.436,-1.697
0.0152,0.01508,8.6,2.9692826271,2.5948142284,2.97,2.3,3.6708,2.246,4.0,0.0,0.374,0.0,0.0,0.0,0.0,0.0,-1.0,-9.999999999999999e-31,0.0,0.6745,0.3101,0.001681,0.002547,0.005995,-1.0,0.01537,-0.979,-0.905,-0.361,-1.603
0.0152,0.01508,8.6,2.9702291489,2.5948304354,2.97,2.261,3.6743,2.299,4.0,0.0,0.374,0.0,0.0,0.0,0.0,0.0,-1.0,-9.999999999999999e-31,0.0,0.6745,0.3101,0.001681,0.002547,0.005994,-1.0,0.01537,-0.881,-0.819,-0.285,-1.508
0.0152,0.01508,8.6,2.9721293449,2.594862936,2.972,2.202,3.6797,2.38,4.0,0.0,0.374,0.0,0.0,0.0,0.0,0.0,-1.0,-9.999999999999999e-31,0.0,0.6745,0.3101,0.001681,0.002547,0.005994,-1.0,0.01537,-0.735,-0.691,-0.174,-1.367
0.0152,0.01508,8.6,2.9743328094,2.5949005639,2.975,2.159,3.6845,2.442,4.0,0.0,0.374,0.0,0.0,0.0,0.0,0.0,-1.0,-9.999999999999999e-31,0.0,0.6745,0.3101,0.001681,0.002547,0.005994,-1.0,0.01537,-0.627,-0.597,-0.094,-1.261
0.0152,0.01508,8.6,2.9780919552,2.59496461,2.978,2.122,3.6901,2.502,4.0,0.0,0.374,0.0,0.0,0.0,0.0,0.0,-1.0,-9.999999999999999e-31,0.0,0.6745,0.3101,0.001681,0.002548,0.005993,-1.0,0.01537,-0.536,-0.523,-0.035,-1.174
0.0152,0.01508,8.6,2.9831688404,2.5950508123,2.983,2.105,3.6956,2.542,4.0,0.0,0.374,0.0,0.0,0.0,0.0,0.0,-1.0,-9.999999999999999e-31,0.0,0.6745,0.3101,0.001681,0.002548,0.005993,-1.0,0.01537,-0.492,-0.494,-0.02,-1.134
0.0152,0.01508,8.6,3.0,2.5953341962,3.0,2.128,3.6958,2.523,5.0,0.0,0.374,0.0,0.0,0.0,0.0,0.0,-1.0,-9.999999999999999e-31,0.0,0.6745,0.3101,0.001681,0.00255,0.005991,-1.0,0.01537,-0.55,-0.553,-0.079,-1.192
0.0152,0.01508,8.6,3.0217094421,2.5956943591,3.022,2.16,3.6953,2.492,5.0,0.0,0.374,0.0,0.0,0.0,0.0,0.0,-1.0,-9.999999999999999e-31,0.0,0.6746,0.3101,0.001681,0.002552,0.005989,-1.0,0.01537,-0.63,-0.631,-0.157,-1.271
0.0152,0.01508,8.6,3.0535542965,2.5962120295,3.053,2.209,3.695,2.446,5.0,0.0,0.374,0.0,0.0,0.0,0.0,0.0,-1.0,-9.999999999999999e-31,0.0,0.6747,0.31,0.001682,0.002553,0.005986,-1.0,0.01537,-0.753,-0.754,-0.278,-1.395
0.0152,0.01508,8.6,3.0843765736,2.5967013875,3.084,2.257,3.694,2.398,5.0,0.0,0.375,0.0,0.0,0.0,0.0,0.0,-1.0,-9.999999999999999e-31,0.0,0.6747,0.3099,0.001682,0.002555,0.005984,-1.0,0.01537,-0.872,-0.871,-0.391,-1.515
0.0152,0.01508,8.6,3.0942029953,2.5968550443,3.094,2.271,3.6933,2.383,5.0,0.0,0.375,0.0,0.0,0.0,0.0,0.0,-1.0,-9.999999999999999e-31,0.0,0.6748,0.3099,0.001682,0.002555,0.005983,-1.0,0.01537,-0.908,-0.905,-0.423,-1.551
0.0152,0.01508,8.6,3.1184630394,2.5972296369,3.118,2.302,3.6895,2.34,6.0,0.0,0.375,0.0,0.0,0.0,0.0,0.0,-1.0,-9.999999999999999e-31,0.0,0.6748,0.3098,0.001682,0.002557,0.005981,-1.0,0.01537,-0.986,-0.972,-0.481,-1.627
0.0152,0.01508,8.6,3.135216713,2.5974844377,3.135,2.332,3.684,2.29,6.0,0.0,0.375,0.0,0.0,0.0,0.0,0.0,-1.0,-9.999999999999999e-31,0.0,0.6749,0.3098,0.001682,0.002558,0.00598,-1.0,0.01537,-1.059,-1.029,-0.521,-1.696
0.0152,0.01508,8.6,3.141554594,2.597580014,3.141,2.356,3.6784,2.245,6.0,0.0,0.375,0.0,0.0,0.0,0.0,0.0,-1.0,-9.999999999999999e-31,0.0,0.6749,0.3097,0.001683,0.002558,0.005979,-1.0,0.01537,-1.12,-1.073,-0.55,-1.753
0.0152,0.01508,8.6,3.1433949471,2.5976076837,3.143,2.394,3.673,2.185,6.0,0.0,0.375,0.0,0.0,0.0,0.0,0.0,-1.0,-9.999999999999999e-31,0.0,0.6749,0.3097,0.001683,0.002558,0.005979,-1.0,0.01537,-1.216,-1.15,-0.611,-1.843
