Zini,MH,logAge,Mini,int_IMF,Mass,LogL,LogTe,logg,label,McoreTP,C_O,period0,period1,period2,period3,period4,pmode,Mloss,tau1m,X,Y,Xc,Xn,Xo,Cexcess,Z,mbolmag,Gmag,G_BPmag,G_RPmag
0.0152,0.01508,7.9,0.0900000036,1.0816895926,0.09,-2.683,3.4028,4.638,0.0,0.0,0.545,0.0,0.0,0.0,0.0,0.0,-1.0,-4.22e-16,0.0,0.7092,0.2755,0.002746,0.0007408,0.006719,-1.0,0.01527,11.477,13.524,16.275,12.05
0.0152,0.01508,7.9,0.0900000036,1.0816895926,0.09,-2.683,3.4028,4.638,0.0,0.0,0.545,0.0,0.0,0.0,0.0,0.0,-1.0,-4.22e-16,0.0,0.7092,0.2755,0.002746,0.0007408,0.006719,-1.0,0.01527,11.477,13.524,16.275,12.05
0.0152,0.01508,7.9,0.0977110639,1.1516965963,0.098,-2.621,3.4108,4.644,0.0,0.0,0.545,0.0,0.0,0.0,0.0,0.0,-1.0,-4.64e-16,0.0,0.7092,0.2755,0.002746,0.0007408,0.006719,-1.0,0.01527,11.322,13.37,16.122,11.896
0.0152,0.01508,7.9,0.1000000015,1.1711064122,0.1,-2.603,3.4132,4.646,0.0,0.0,0.545,0.0,0.0,0.0,0.0,0.0,-1.0,-4.78e-16,0.0,0.7092,0.2755,0.002746,0.0007408,0.006719,-1.0,0.01527,11.277,13.325,16.077,11.85
0.0152,0.01508,7.9,0.1065523103,1.2236200247,0.107,-2.558,3.4189,4.651,0.0,0.0,0.545,0.0,0.0,0.0,0.0,0.0,-1.0,-5.1e-16,0.0,0.7092,0.2755,0.002746,0.0007408,0.006719,-1.0,0.01527,11.166,13.184,15.9,11.716
0.0152,0.01508,7.9,0.1180470064,1.3063061834,0.118,-2.482,3.4288,4.659,0.0,0.0,0.545,0.0,0.0,0.0,0.0,0.0,-1.0,-5.71e-16,0.0,0.7092,0.2755,0.002746,0.0007408,0.006719,-1.0,0.01527,10.975,12.856,15.398,11.419
0.0152,0.01508,7.9,0.1200000122,1.3193155232,0.12,-2.47,3.4304,4.66,0.0,0.0,0.545,0.0,0.0,0.0,0.0,0.0,-1.0,-5.82e-16,0.0,0.7092,0.2755,0.002746,0.0007408,0.006719,-1.0,0.01527,10.944,12.8,15.313,11.37
0.0152,0.01508,7.9,0.1294073164,1.3783342789,0.129,-2.419,3.4364,4.666,0.0,0.0,0.545,0.0,0.0,0.0,0.0,0.0,-1.0,-6.25e-16,0.0,0.7092,0.2755,0.002746,0.0007408,0.006719,-1.0,0.01527,10.818,12.597,15.018,11.184
0.0152,0.01508,7.9,0.1400000006,1.4384526719,0.14,-2.365,3.4425,4.671,0.0,0.0,0.545,0.0,0.0,0.0,0.0,0.0,-1.0,-6.78e-16,0.0,0.7092,0.2755,0.002746,0.0007408,0.006719,-1.0,0.01527,10.681,12.381,14.708,10.987
0.0152,0.01508,7.9,0.1599999964,1.5372931554,0.16,-2.273,3.4531,4.68,0.0,0.0,0.545,0.0,0.0,0.0,0.0,0.0,-1.0,-7.75e-16,0.0,0.7092,0.2755,0.002746,0.0007408,0.006719,-1.0,0.01527,10.453,12.02,14.186,10.659
0.0152,0.01508,7.9,0.1756587327,1.6040905584,0.176,-2.211,3.4601,4.685,0.0,0.0,0.545,0.0,0.0,0.0,0.0,0.0,-1.0,-8.49e-16,0.0,0.7092,0.2755,0.002746,0.0007408,0.006719,-1.0,0.01527,10.297,11.776,13.832,10.438
0.0152,0.01508,7.9,0.200000003,1.6938790862,0.2,-2.122,3.4698,4.692,0.0,0.0,0.545,0.0,0.0,0.0,0.0,0.0,-1.0,-9.69e-16,0.0,0.7092,0.2755,0.002746,0.0007408,0.006719,-1.0,0.01527,10.074,11.444,13.366,10.137
0.0152,0.01508,7.9,0.25,1.8403257998,0.25,-1.974,3.485,4.702,0.0,0.0,0.545,0.0,0.0,0.0,0.0,0.0,-1.0,-1.21e-15,0.0,0.7092,0.2755,0.002746,0.0007408,0.006719,-1.0,0.01527,9.704,10.909,12.631,9.653
0.0152,0.01508,7.9,0.3000000119,1.9529139769,0.3,-1.853,3.4966,4.707,0.0,0.0,0.545,0.0,0.0,0.0,0.0,0.0,-1.0,-1.44e-15,0.0,0.7092,0.2755,0.002746,0.0007408,0.006719,-1.0,0.01527,9.404,10.496,12.084,9.278
0.0152,0.01508,7.9,0.3500000238,2.0434175133,0.35,-1.746,3.5064,4.705,0.0,0.0,0.545,0.0,0.0,0.0,0.0,0.0,-1.0,-1.71e-15,0.0,0.7092,0.2755,0.002746,0.0007408,0.006719,-1.0,0.01527,9.134,10.145,11.639,8.955
0.0152,0.01508,7.9,0.4000000358,2.118502481,0.4,-1.641,3.5164,4.699,0.0,0.0,0.545,0.0,0.0,0.0,0.0,0.0,-1.0,-2.05e-15,0.0,0.7092,0.2755,0.002746,0.0007408,0.006719,-1.0,0.01527,8.872,9.806,11.212,8.645
0.0152,0.01508,7.9,0.4500000477,2.1822809714,0.45,-1.535,3.5272,4.687,0.0,0.0,0.545,0.0,0.0,0.0,0.0,0.0,-1.0,-2.5e-15,0.0,0.7092,0.2755,0.002746,0.0007408,0.006719,-1.0,0.01527,8.607,9.462,10.782,8.333
0.0152,0.01508,7.9,0.4648804367,2.1995034872,0.465,-1.495,3.5317,4.679,0.0,0.0,0.545,0.0,0.0,0.0,0.0,0.0,-1.0,-2.72e-15,0.0,0.7092,0.2755,0.002746,0.0007408,0.006719,-1.0,0.01527,8.507,9.331,10.616,8.214
0.0152,0.01508,7.9,0.5,2.2374541529,0.5,-1.415,3.54,4.664,0.0,0.0,0.545,0.0,0.0,0.0,0.0,0.0,-1.0,-3.21e-15,0.0,0.7092,0.2755,0.002746,0.0007408,0.006719,-1.0,0.01527,8.306,9.077,10.304,7.983
0.0152,0.01508,7.9,0.5195224881,2.2567126631,0.519,-1.366,3.5463,4.657,0.0,0.0,0.545,0.0,0.0,0.0,0.0,0.0,-1.0,-3.53e-15,0.0,0.7092,0.2755,0.002746,0.0007408,0.006718,-1.0,0.01527,8.185,8.916,10.101,7.839
0.0152,0.01508,7.9,0.5282130241,2.2647609647,0.528,-1.34,3.5497,4.651,0.0,0.0,0.545,0.0,0.0,0.0,0.0,0.0,-1.0,-3.75e-15,0.0,0.7092,0.2755,0.002746,0.0007408,0.006718,-1.0,0.01527,8.119,8.828,9.99,7.761
0.0152,0.01508,7.9,0.5500000119,2.2836582633,0.55,-1.271,3.5593,4.638,0.0,0.0,0.545,0.0,0.0,0.0,0.0,0.0,-1.0,-4.36e-15,0.0,0.7092,0.2755,0.002746,0.0007407,0.006718,-1.0,0.01527,7.948,8.596,9.697,7.557
0.0152,0.01508,7.9,0.5508211851,2.2843369747,0.55,-1.268,3.5597,4.638,0.0,0.0,0.545,0.0,0.0,0.0,0.0,0.0,-1.0,-4.38e-15,0.0,0.7092,0.2755,0.002746,0.0007407,0.006718,-1.0,0.01527,7.941,8.586,9.684,7.549
0.0152,0.01508,7.9,0.5803413391,2.3072764827,0.58,-1.159,3.5777,4.624,0.0,0.0,0.545,0.0,0.0,0.0,0.0,0.0,-1.0,-5.57e-15,0.0,0.7092,0.2755,0.002745,0.0007407,0.006718,-1.0,0.01527,7.668,8.203,9.192,7.219
0.0152,0.01508,7.9,0.6000000238,2.3211213258,0.6,-1.083,3.5912,4.616,0.0,0.0,0.545,0.0,0.0,0.0,0.0,0.0,-1.0,-6.58e-15,0.0,0.7092,0.2755,0.002745,0.0007407,0.006717,-1.0,0.01527,7.478,7.937,8.856,6.992
0.0152,0.01508,7.9,0.6075803041,2.3261853847,0.607,-1.05,3.598,4.616,0.0,0.0,0.545,0.0,0.0,0.0,0.0,0.0,-1.0,-7.06e-15,0.0,0.7092,0.2755,0.002745,0.0007406,0.006717,-1.0,0.01527,7.395,7.82,8.708,6.893
0.0152,0.01508,7.9,0.6296919584,2.3401595314,0.63,-0.957,3.6182,4.619,0.0,0.0,0.545,0.0,0.0,0.0,0.0,0.0,-1.0,-8.59e-15,0.0,0.7092,0.2755,0.002745,0.0007406,0.006717,-1.0,0.01527,7.161,7.487,8.283,6.614
0.0152,0.01508,7.9,0.6395978928,2.3460606964,0.64,-0.921,3.6262,4.621,0.0,0.0,0.545,0.0,0.0,0.0,0.0,0.0,-1.0,-9.23e-15,0.0,0.7092,0.2755,0.002745,0.0007406,0.006717,-1.0,0.01527,7.072,7.357,8.119,6.507
0.0152,0.01508,7.9,0.6499999762,2.3520353107,0.65,-0.888,3.6334,4.625,0.0,0.0,0.545,0.0,0.0,0.0,0.0,0.0,-1.0,-9.84e-15,0.0,0.7092,0.2755,0.002745,0.0007406,0.006717,-1.0,0.01527,6.991,7.24,7.969,6.411
0.0152,0.01508,7.9,0.6839265227,2.370077552,0.684,-0.798,3.6554,4.645,0.0,0.0,0.545,0.0,0.0,0.0,0.0,0.0,-1.0,-1.16e-14,0.0,0.7093,0.2754,0.002745,0.0007406,0.006717,-1.0,0.01527,6.766,6.909,7.542,6.144
0.0152,0.01508,7.9,0.7000000477,2.3779267258,0.7,-0.778,3.6604,4.654,0.0,0.0,0.545,0.0,0.0,0.0,0.0,0.0,-1.0,-1.19e-14,0.0,0.7093,0.2754,0.002745,0.0007405,0.006716,-1.0,0.01527,6.714,6.834,7.448,6.084
0.0152,0.01508,7.9,0.7063845992,2.3809307329,0.706,-0.771,3.6622,4.659,0.0,0.0,0.544,0.0,0.0,0.0,0.0,0.0,-1.0,-1.2e-14,0.0,0.7093,0.2754,0.00274,0.0007404,0.006716,-1.0,0.01527,6.697,6.809,7.416,6.064
0.0152,0.01508,7.9,0.75,2.3998889087,0.75,-0.682,3.6789,4.663,0.0,0.0,0.538,0.0,0.0,0.0,0.0,0.0,-1.0,-1.42e-14,0.0,0.7093,0.2754,0.002708,0.0007395,0.006716,-1.0,0.01527,6.476,6.522,7.07,5.822
0.0152,0.01508,7.9,0.8000000119,2.4187244405,0.8,-0.569,3.6961,4.646,0.0,0.0,0.538,0.0,0.0,0.0,0.0,0.0,-1.0,-1.81e-14,0.0,0.7094,0.2754,0.002708,0.0007394,0.006716,-1.0,0.01527,6.192,6.184,6.68,5.528
0.0152,0.01508,7.9,0.8217983842,2.4261158837,0.822,-0.522,3.7031,4.639,0.0,0.0,0.538,0.0,0.0,0.0,0.0,0.0,-1.0,-2e-14,0.0,0.7094,0.2753,0.002708,0.0007393,0.006715,-1.0,0.01527,6.074,6.047,6.523,5.408
0.0152,0.01508,7.9,0.8500000238,2.435034684,0.85,-0.454,3.7132,4.626,0.0,0.0,0.538,0.0,0.0,0.0,0.0,0.0,-1.0,-2.34e-14,0.0,0.7094,0.2753,0.002708,0.0007393,0.006715,-1.0,0.01525,5.906,5.854,6.304,5.239
0.0152,0.01508,7.9,0.8823951483,2.4444749121,0.882,-0.38,3.7237,4.61,0.0,0.0,0.538,0.0,0.0,0.0,0.0,0.0,-1.0,-2.77e-14,0.0,0.7094,0.2753,0.002707,0.0007392,0.006714,-1.0,0.01525,5.719,5.646,6.069,5.055
0.0152,0.01508,7.9,0.9000000358,2.4492786175,0.899,-0.34,3.7296,4.603,0.0,0.0,0.538,0.0,0.0,0.0,0.0,0.0,-1.0,-3.03e-14,0.0,0.7094,0.2753,0.002707,0.0007392,0.006714,-1.0,0.01527,5.621,5.536,5.947,4.958
0.0152,0.01508,7.9,0.9500000477,2.4618122009,0.95,-0.232,3.7445,4.578,0.0,0.0,0.538,0.0,0.0,0.0,0.0,0.0,-1.0,-3.89e-14,0.0,0.7095,0.2752,0.002707,0.0007391,0.006713,-1.0,0.01526,5.351,5.244,5.619,4.701
0.0152,0.01508,7.9,1.000662446,2.4730540114,1.001,-0.122,3.7586,4.547,0.0,0.0,0.538,0.0,0.0,0.0,0.0,0.0,-1.0,-5.04e-14,0.0,0.7096,0.2751,0.002706,0.0007388,0.006711,-1.0,0.01527,5.076,4.957,5.3,4.446
0.0152,0.01508,7.9,1.0204890966,2.477105583,1.02,-0.084,3.7634,4.536,0.0,0.0,0.538,0.0,0.0,0.0,0.0,0.0,-1.0,-5.37e-14,0.0,0.7097,0.2751,0.002705,0.0007387,0.006709,-1.0,0.01525,4.979,4.857,5.189,4.357
0.0152,0.01508,7.9,1.0499999523,2.482811486,1.05,-0.028,3.7702,4.519,0.0,0.0,0.538,0.0,0.0,0.0,0.0,0.0,-1.0,-5.89e-14,0.0,0.7097,0.275,0.002705,0.0007386,0.006709,-1.0,0.01524,4.839,4.714,5.03,4.23
0.0152,0.01508,7.9,1.1000000238,2.491680148,1.099,0.071,3.7814,4.486,0.0,0.0,0.538,0.0,0.0,0.0,0.0,0.0,-1.0,-6.9e-14,0.0,0.7099,0.2748,0.002704,0.0007382,0.006705,-1.0,0.01527,4.593,4.465,4.756,4.009
0.0152,0.01508,7.9,1.1277198792,2.4962090758,1.127,0.129,3.7884,4.466,0.0,0.0,0.538,0.0,0.0,0.0,0.0,0.0,-1.0,-7.59e-14,0.0,0.7101,0.2747,0.002702,0.0007378,0.006702,-1.0,0.01521,4.447,4.318,4.595,3.879
0.0152,0.01508,7.9,1.1499999762,2.4996678137,1.149,0.17,3.793,4.453,0.0,0.0,0.538,0.0,0.0,0.0,0.0,0.0,-1.0,-8.07e-14,0.0,0.7102,0.2747,0.002701,0.0007376,0.0067,-1.0,0.01516,4.345,4.217,4.484,3.789
0.0152,0.01508,7.9,1.2000000477,2.5068948796,1.2,0.26,3.8028,4.42,0.0,0.0,0.538,0.0,0.0,0.0,0.0,0.0,-1.0,-9.14e-14,0.0,0.7103,0.2745,0.002701,0.0007375,0.006699,-1.0,0.01524,4.121,3.994,4.241,3.59
0.0152,0.01508,7.9,1.25,2.5134610955,1.25,0.346,3.8125,4.391,0.0,0.0,0.538,0.0,0.0,0.0,0.0,0.0,-1.0,-1.02e-13,0.0,0.7103,0.2745,0.002701,0.0007375,0.006699,-1.0,0.01524,3.905,3.781,4.009,3.401
0.0152,0.01508,7.9,1.2999999523,2.5194498592,1.3,0.427,3.8216,4.363,0.0,0.0,0.538,0.0,0.0,0.0,0.0,0.0,-1.0,-1.11e-13,0.0,0.7103,0.2744,0.002701,0.0007374,0.006698,-1.0,0.01523,3.702,3.579,3.791,3.22
0.0152,0.01508,7.9,1.3500001431,2.5249313723,1.35,0.504,3.8311,4.34,0.0,0.0,0.538,0.0,0.0,0.0,0.0,0.0,-1.0,-1.17e-13,0.0,0.7104,0.2744,0.0027,0.0007374,0.006698,-1.0,0.01519,3.509,3.388,3.584,3.051
0.0152,0.01508,7.9,1.4000000954,2.5299650415,1.4,0.577,3.8408,4.322,1.0,0.0,0.538,0.0,0.0,0.0,0.0,0.0,-1.0,-1.19e-13,0.0,0.7104,0.2744,0.0027,0.0007374,0.006698,-1.0,0.01517,3.327,3.208,3.389,2.894
0.0152,0.01508,7.9,1.4500000477,2.5346015836,1.45,0.645,3.8515,4.312,0.0,0.0,0.538,0.0,0.0,0.0,0.0,0.0,-1.0,-1.15e-13,0.0,0.7104,0.2744,0.0027,0.0007373,0.006697,-1.0,0.01524,3.156,3.042,3.205,2.753
0.0152,0.01508,7.9,1.5,2.5388844597,1.5,0.711,3.8636,4.309,1.0,0.0,0.538,0.0,0.0,0.0,0.0,0.0,-1.0,-1.06e-13,0.0,0.7105,0.2743,0.0027,0.0007372,0.006696,-1.0,0.01523,2.992,2.884,3.028,2.624
0.0152,0.01508,7.9,1.5499999523,2.5428511323,1.55,0.774,3.8768,4.314,1.0,0.0,0.538,0.0,0.0,0.0,0.0,0.0,-1.0,-8.97e-14,0.0,0.7105,0.2743,0.002699,0.0007371,0.006695,-1.0,0.01524,2.836,2.735,2.86,2.508
0.0152,0.01508,7.9,1.6000000238,2.5465340628,1.6,0.835,3.8901,4.32,1.0,0.0,0.538,0.0,0.0,0.0,0.0,0.0,-1.0,-6.73e-14,0.0,0.7106,0.2742,0.002699,0.000737,0.006694,-1.0,0.01523,2.683,2.593,2.698,2.398
0.0152,0.01508,7.9,1.6500000954,2.5499614852,1.649,0.893,3.9026,4.325,0.0,0.0,0.538,0.0,0.0,0.0,0.0,0.0,-1.0,-3.77e-14,0.0,0.7106,0.2742,0.002699,0.0007369,0.006694,-1.0,0.01522,2.538,2.461,2.549,2.298
0.0152,0.01508,7.9,1.7000000477,2.5531580802,1.699,0.948,3.9145,4.33,1.0,0.0,0.537,0.0,0.0,0.0,0.0,0.0,-1.0,-9.999999999999999e-31,0.0,0.7106,0.2741,0.002698,0.0007368,0.006693,-1.0,0.01521,2.399,2.338,2.409,2.204
0.0152,0.01508,7.9,1.75,2.5561455243,1.749,1.002,3.9257,4.334,1.0,0.0,0.537,0.0,0.0,0.0,0.0,0.0,-1.0,-9.999999999999999e-31,0.0,0.7107,0.2741,0.002698,0.0007368,0.006692,-1.0,0.01523,2.264,2.222,2.278,2.117
0.0152,0.01508,7.9,1.7999999523,2.5589429085,1.799,1.054,3.9363,4.336,1.0,0.0,0.538,0.0,0.0,0.0,0.0,0.0,-1.0,-9.999999999999999e-31,0.0,0.7107,0.2741,0.002698,0.0007367,0.006692,-1.0,0.0152,2.135,2.115,2.158,2.035
0.0152,0.01508,7.9,1.8500000238,2.5615671203,1.849,1.103,3.9462,4.338,1.0,0.0,0.538,0.0,0.0,0.0,0.0,0.0,-1.0,-9.999999999999999e-31,0.0,0.7108,0.274,0.002697,0.0007366,0.006691,-1.0,0.01519,2.011,2.018,2.05,1.958
0.0152,0.01508,7.9,1.9000000954,2.5640331317,1.899,1.151,3.9556,4.339,1.0,0.0,0.538,0.0,0.0,0.0,0.0,0.0,-1.0,-9.999999999999999e-31,0.0,0.7108,0.274,0.002697,0.0007365,0.00669,-1.0,0.01519,1.891,1.927,1.95,1.883
0.0152,0.01508,7.9,1.9500001669,2.5663542767,1.95,1.198,3.9645,4.34,1.0,0.0,0.538,0.0,0.0,0.0,0.0,0.0,-1.0,-9.999999999999999e-31,0.0,0.7108,0.274,0.002697,0.0007365,0.006689,-1.0,0.01518,1.775,1.841,1.857,1.813
0.0152,0.01508,7.9,2.0,2.5685424513,2.0,1.243,3.9728,4.339,1.0,0.0,0.537,0.0,0.0,0.0,0.0,0.0,-1.0,-9.999999999999999e-31,0.0,0.7108,0.274,0.002697,0.0007364,0.00669,-1.0,0.01523,1.662,1.76,1.769,1.744
0.0152,0.01508,7.9,2.0499999523,2.5706083333,2.05,1.287,3.9808,4.338,1.0,0.0,0.538,0.0,0.0,0.0,0.0,0.0,-1.0,-9.999999999999999e-31,0.0,0.7108,0.2739,0.002696,0.0007364,0.006689,-1.0,0.01523,1.553,1.683,1.686,1.678
0.0152,0.01508,7.9,2.0999999046,2.5725614918,2.099,1.33,3.9883,4.336,1.0,0.0,0.538,0.0,0.0,0.0,0.0,0.0,-1.0,-9.999999999999999e-31,0.0,0.7109,0.2739,0.002696,0.0007363,0.006688,-1.0,0.01518,1.446,1.609,1.607,1.613
0.0152,0.01508,7.9,2.1500000954,2.5744105556,2.149,1.371,3.9956,4.334,1.0,0.0,0.537,0.0,0.0,0.0,0.0,0.0,-1.0,-9.999999999999999e-31,0.0,0.7109,0.2739,0.002696,0.0007363,0.006688,-1.0,0.01519,1.342,1.538,1.531,1.551
0.0152,0.01508,7.9,2.2000000477,2.5761632879,2.199,1.412,4.0026,4.331,1.0,0.0,0.538,0.0,0.0,0.0,0.0,0.0,-1.0,-9.999999999999999e-31,0.0,0.7109,0.2739,0.002696,0.0007363,0.006688,-1.0,0.01523,1.241,1.468,1.457,1.489
0.0152,0.01508,7.9,2.25,2.5778267375,2.249,1.451,4.0092,4.328,1.0,0.0,0.538,0.0,0.0,0.0,0.0,0.0,-1.0,-9.999999999999999e-31,0.0,0.7109,0.2739,0.002696,0.0007362,0.006688,-1.0,0.01522,1.142,1.4,1.386,1.428
0.0152,0.01508,7.9,2.2999999523,2.5794072884,2.299,1.49,4.0157,4.325,1.0,0.0,0.538,0.0,0.0,0.0,0.0,0.0,-1.0,-9.999999999999999e-31,0.0,0.7109,0.2739,0.002696,0.0007362,0.006687,-1.0,0.01521,1.046,1.334,1.317,1.368
0.0152,0.01508,7.9,2.4000000954,2.5823423892,2.399,1.564,4.028,4.317,1.0,0.0,0.537,0.0,0.0,0.0,0.0,0.0,-1.0,-9.999999999999999e-31,0.0,0.711,0.2738,0.002696,0.0007362,0.006687,-1.0,0.01519,0.859,1.206,1.183,1.252
0.0152,0.01508,7.9,2.5999999046,2.5874412955,2.6,1.706,4.0507,4.302,1.0,0.0,0.538,0.0,0.0,0.0,0.0,0.0,-1.0,-9.999999999999999e-31,0.0,0.7092,0.2755,0.00271,0.0007399,0.00672,-1.0,0.01527,0.506,0.966,0.933,1.029
0.0152,0.01508,7.9,2.7321796417,2.5903441172,2.732,1.794,4.0643,4.29,1.0,0.0,0.538,0.0,0.0,0.0,0.0,0.0,-1.0,-9.999999999999999e-31,0.0,0.7092,0.2755,0.00271,0.0007399,0.00672,-1.0,0.01527,0.286,0.816,0.778,0.888
0.0152,0.01508,7.9,2.8000001907,2.5917117867,2.8,1.837,4.071,4.284,1.0,0.0,0.538,0.0,0.0,0.0,0.0,0.0,-1.0,-9.999999999999999e-31,0.0,0.7092,0.2755,0.00271,0.0007399,0.00672,-1.0,0.01527,0.177,0.741,0.7,0.817
0.0152,0.01508,7.9,2.8780660629,2.5931946556,2.878,1.886,4.0784,4.276,1.0,0.0,0.538,0.0,0.0,0.0,0.0,0.0,-1.0,-9.999999999999999e-31,0.0,0.7092,0.2755,0.00271,0.0007399,0.00672,-1.0,0.01527,0.054,0.657,0.614,0.738
0.0152,0.01508,7.9,3.0,2.5953341962,3.0,1.961,4.0895,4.264,1.0,0.0,0.538,0.0,0.0,0.0,0.0,0.0,-1.0,-9.999999999999999e-31,0.0,0.7092,0.2755,0.00271,0.0007399,0.00672,-1.0,0.01527,-0.132,0.529,0.482,0.617
0.0152,0.01508,7.9,3.1914336681,2.5983169864,3.191,2.073,4.1058,4.244,1.0,0.0,0.538,0.0,0.0,0.0,0.0,0.0,-1.0,-9.999999999999999e-31,0.0,0.7092,0.2755,0.00271,0.0007399,0.00672,-1.0,0.01527,-0.412,0.336,0.284,0.433
0.0152,0.01508,7.9,3.2000000477,2.5984409005,3.199,2.078,4.1065,4.243,1.0,0.0,0.538,0.0,0.0,0.0,0.0,0.0,-1.0,-9.999999999999999e-31,0.0,0.7092,0.2755,0.00271,0.0007399,0.00672,-1.0,0.01527,-0.424,0.328,0.275,0.425
0.0152,0.01508,7.9,3.3296957016,2.6002277467,3.328,2.15,4.1167,4.228,1.0,0.0,0.538,0.0,0.0,0.0,0.0,0.0,-1.0,-9.999999999999999e-31,0.0,0.7092,0.2755,0.00271,0.0007399,0.00672,-1.0,0.01527,-0.606,0.202,0.146,0.305
0.0152,0.01508,7.9,3.4000000954,2.6011310876,3.398,2.189,4.122,4.22,1.0,0.0,0.538,0.0,0.0,0.0,0.0,0.0,-1.0,-9.999999999999999e-31,0.0,0.7092,0.2755,0.00271,0.0007399,0.00672,-1.0,0.01527,-0.704,0.134,0.076,0.24
0.0152,0.01508,7.9,3.5539307594,2.6029662027,3.552,2.272,4.133,4.201,1.0,0.0,0.538,0.0,0.0,0.0,0.0,0.0,-1.0,-9.999999999999999e-31,0.0,0.7092,0.2755,0.00271,0.0007399,0.00672,-1.0,0.01527,-0.91,-0.011,-0.072,0.102
0.0152,0.01508,7.9,3.6000001431,2.6034804607,3.598,2.296,4.1361,4.194,1.0,0.0,0.538,0.0,0.0,0.0,0.0,0.0,-1.0,-9.999999999999999e-31,0.0,0.7092,0.2755,0.00271,0.0007399,0.00672,-1.0,0.01527,-0.971,-0.054,-0.116,0.06
0.0152,0.01508,7.9,3.7665576935,2.6052196041,3.764,2.382,4.1469,4.171,1.0,0.0,0.538,0.0,0.0,0.0,0.0,0.0,-1.0,-9.999999999999999e-31,0.0,0.7092,0.2755,0.00271,0.0007399,0.00672,-1.0,0.01527,-1.186,-0.209,-0.275,-0.089
0.0152,0.01508,7.9,3.8000001907,2.6055477311,3.798,2.399,4.1489,4.166,1.0,0.0,0.538,0.0,0.0,0.0,0.0,0.0,-1.0,-9.999999999999999e-31,0.0,0.7092,0.2755,0.00271,0.0007399,0.00672,-1.0,0.01527,-1.228,-0.241,-0.307,-0.119
0.0152,0.01508,7.9,3.9398670197,2.6068509154,3.94,2.47,4.1571,4.144,1.0,0.0,0.538,0.0,0.0,0.0,0.0,0.0,-1.0,-9.999999999999999e-31,0.0,0.7092,0.2755,0.00271,0.0007399,0.00672,-1.0,0.01527,-1.404,-0.369,-0.438,-0.243
0.0152,0.01508,7.9,4.0,2.607379084,4.001,2.5,4.1605,4.134,1.0,0.0,0.538,0.0,0.0,0.0,0.0,0.0,-1.0,-9.999999999999999e-31,0.0,0.7092,0.2755,0.00271,0.0007399,0.00672,-1.0,0.01527,-1.479,-0.425,-0.494,-0.297
0.0152,0.01508,7.9,4.0421671867,2.6077386928,4.042,2.52,4.1627,4.127,1.0,0.0,0.538,0.0,0.0,0.0,0.0,0.0,-1.0,-9.999999999999999e-31,0.0,0.7092,0.2755,0.00271,0.0007399,0.00672,-1.0,0.01527,-1.531,-0.464,-0.534,-0.334
0.0152,0.01508,7.9,4.1999998093,2.6090113217,4.198,2.598,4.1706,4.098,1.0,0.0,0.538,0.0,0.0,0.0,0.0,0.0,-1.0,-9.999999999999999e-31,0.0,0.7092,0.2755,0.00271,0.0007399,0.00672,-1.0,0.01527,-1.724,-0.612,-0.685,-0.478
0.0152,0.01508,7.9,4.3122472763,2.6098514955,4.31,2.652,4.1755,4.075,1.0,0.0,0.538,0.0,0.0,0.0,0.0,0.0,-1.0,-9.999999999999999e-31,0.0,0.7092,0.2755,0.00271,0.0007399,0.00672,-1.0,0.01527,-1.859,-0.72,-0.794,-0.583
0.0152,0.01508,7.9,4.4000000954,2.6104741055,4.397,2.694,4.1789,4.054,1.0,0.0,0.538,0.0,0.0,0.0,0.0,0.0,-1.0,-9.999999999999999e-31,0.0,0.7092,0.2755,0.00271,0.0007399,0.00672,-1.0,0.01527,-1.966,-0.807,-0.882,-0.668
0.0152,0.01508,7.9,4.4359698296,2.6107211415,4.433,2.711,4.1802,4.046,1.0,0.0,0.538,0.0,0.0,0.0,0.0,0.0,-1.0,-9.999999999999999e-31,0.0,0.7092,0.2755,0.00271,0.0007399,0.00672,-1.0,0.01527,-2.009,-0.842,-0.918,-0.702
0.0152,0.01508,7.9,4.5561318398,2.6115139774,4.553,2.769,4.1842,4.016,1.0,0.0,0.538,0.0,0.0,0.0,0.0,0.0,-1.0,-9.999999999999999e-31,0.0,0.7092,0.2755,0.00271,0.0007399,0.00672,-1.0,0.01527,-2.153,-0.963,-1.04,-0.821
0.0152,0.01508,7.9,4.5999999046,2.6117915791,4.597,2.79,4.1855,4.004,1.0,0.0,0.538,0.0,0.0,0.0,0.0,0.0,-1.0,-9.999999999999999e-31,0.0,0.7092,0.2755,0.00271,0.0007399,0.00672,-1.0,0.01527,-2.205,-1.009,-1.086,-0.866
0.0152,0.01508,7.9,4.6652646065,2.6121934915,4.663,2.821,4.1871,3.986,1.0,0.0,0.538,0.0,0.0,0.0,0.0,0.0,-1.0,-9.999999999999999e-31,0.0,0.7092,0.2755,0.00271,0.0007399,0.00672,-1.0,0.01527,-2.283,-1.077,-1.155,-0.933
0.0152,0.01508,7.9,4.7556910515,2.6127294441,4.753,2.865,4.1887,3.957,1.0,0.0,0.538,0.0,0.0,0.0,0.0,0.0,-1.0,-9.999999999999999e-31,0.0,0.7092,0.2755,0.00271,0.0007399,0.00672,-1.0,0.01527,-2.393,-1.178,-1.256,-1.034
0.0152,0.01508,7.9,4.8000001907,2.6129836005,4.798,2.887,4.1892,3.941,1.0,0.0,0.538,0.0,0.0,0.0,0.0,0.0,-1.0,-9.999999999999999e-31,0.0,0.7092,0.2755,0.00271,0.0007399,0.00672,-1.0,0.01527,-2.447,-1.229,-1.308,-1.084
0.0152,0.01508,7.9,4.8724040985,2.6133874898,4.871,2.922,4.1897,3.915,1.0,0.0,0.538,0.0,0.0,0.0,0.0,0.0,-1.0,-9.999999999999999e-31,0.0,0.7092,0.2755,0.00271,0.0007399,0.00672,-1.0,0.01527,-2.534,-1.314,-1.393,-1.169
0.0152,0.01508,7.9,4.9559912682,2.613836926,4.955,2.962,4.1896,3.881,1.0,0.0,0.538,0.0,0.0,0.0,0.0,0.0,-1.0,-9.999999999999999e-31,0.0,0.7092,0.2755,0.00271,0.0007399,0.00672,-1.0,0.01527,-2.636,-1.417,-1.496,-1.272
0.0152,0.01508,7.9,5.0,2.6140666223,4.999,2.984,4.1892,3.862,1.0,0.0,0.538,0.0,0.0,0.0,0.0,0.0,-1.0,-9.999999999999999e-31,0.0,0.7092,0.2755,0.00271,0.0007399,0.00672,-1.0,0.01527,-2.69,-1.474,-1.553,-1.329
0.0152,0.01508,7.9,5.0762124062,2.6144535876,5.076,3.022,4.1879,3.826,1.0,0.0,0.538,0.0,0.0,0.0,0.0,0.0,-1.0,-9.999999999999999e-31,0.0,0.7092,0.2755,0.00271,0.0007399,0.00672,-1.0,0.01527,-2.784,-1.576,-1.654,-1.432
0.0152,0.01508,7.9,5.1554937363,2.6148422049,5.155,3.062,4.1853,3.782,1.0,0.0,0.538,0.0,0.0,0.0,0.0,0.0,-1.0,-9.999999999999999e-31,0.0,0.7092,0.2755,0.00271,0.0007399,0.00672,-1.0,0.01527,-2.884,-1.692,-1.77,-1.55
0.0152,0.01508,7.9,5.1999998093,2.6150544,5.2,3.084,4.1831,3.754,1.0,0.0,0.538,0.0,0.0,0.0,0.0,0.0,-1.0,-9.999999999999999e-31,0.0,0.7092,0.2755,0.00271,0.0007399,0.00672,-1.0,0.01527,-2.941,-1.762,-1.839,-1.62
0.0152,0.01508,7.9,5.2316827774,2.6152029302,5.232,3.1,4.1816,3.735,1.0,0.0,0.538,0.0,0.0,0.0,0.0,0.0,-1.0,-9.999999999999999e-31,0.0,0.7092,0.2755,0.00271,0.0007399,0.00672,-1.0,0.01527,-2.981,-1.811,-1.888,-1.671
0.0152,0.01508,7.9,5.3149657249,2.6155836678,5.315,3.143,4.1756,3.675,1.0,0.0,0.538,0.0,0.0,0.0,0.0,0.0,-1.0,-9.999999999999999e-31,0.0,0.7092,0.2755,0.00271,0.0007399,0.00672,-1.0,0.01527,-3.088,-1.954,-2.029,-1.817
0.0152,0.01508,7.9,5.3818454742,2.6158796257,5.382,3.179,4.1687,3.617,1.0,0.0,0.538,0.0,0.0,0.0,0.0,0.0,-1.0,-9.999999999999999e-31,0.0,0.7092,0.2755,0.00271,0.0007399,0.00672,-1.0,0.01527,-3.176,-2.083,-2.156,-1.95
0.0152,0.01508,7.9,5.3999996185,2.6159585084,5.401,3.188,4.1665,3.6,1.0,0.0,0.538,0.0,0.0,0.0,0.0,0.0,-1.0,-9.999999999999999e-31,0.0,0.7092,0.2755,0.00271,0.0007399,0.00672,-1.0,0.01527,-3.201,-2.12,-2.192,-1.988
0.0152,0.01508,7.9,5.447716713,2.6161629669,5.448,3.214,4.1608,3.556,1.0,0.0,0.538,0.0,0.0,0.0,0.0,0.0,-1.0,-9.999999999999999e-31,0.0,0.7092,0.2755,0.00271,0.0007399,0.00672,-1.0,0.01527,-3.264,-2.217,-2.288,-2.089
0.0152,0.01508,7.9,5.5001864433,2.6163830867,5.501,3.244,4.1532,3.499,1.0,0.0,0.538,0.0,0.0,0.0,0.0,0.0,-1.0,-9.999999999999999e-31,0.0,0.7092,0.2755,0.00271,0.0007399,0.00672,-1.0,0.01527,-3.339,-2.336,-2.405,-2.213
0.0152,0.01508,7.9,5.5583562851,2.6166215418,5.559,3.281,4.1468,3.441,1.0,0.0,0.538,0.0,0.0,0.0,0.0,0.0,-1.0,-9.999999999999999e-31,0.0,0.7092,0.2755,0.00271,0.0007399,0.00672,-1.0,0.01527,-3.433,-2.467,-2.534,-2.347
0.0152,0.01508,7.9,5.5604820251,2.6166301472,5.561,3.282,4.1466,3.439,1.0,0.0,0.538,0.0,0.0,0.0,0.0,0.0,-1.0,-9.999999999999999e-31,0.0,0.7092,0.2755,0.00271,0.0007399,0.00672,-1.0,0.01527,-3.436,-2.471,-2.538,-2.352
0.0152,0.01508,7.9,5.5783920288,2.6167023512,5.579,3.301,4.1523,3.445,1.0,0.0,0.538,0.0,0.0,0.0,0.0,0.0,-1.0,-9.999999999999999e-31,0.0,0.7092,0.2755,0.00271,0.0007399,0.00672,-1.0,0.01527,-3.482,-2.484,-2.553,-2.361
0.0152,0.01508,7.9,5.5898652077,2.6167483256,5.591,3.318,4.1622,3.468,1.0,0.0,0.538,0.0,0.0,0.0,0.0,0.0,-1.0,-9.999999999999999e-31,0.0,0.7092,0.2755,0.00271,0.0007399,0.00672,-1.0,0.01527,-3.525,-2.47,-2.542,-2.342
0.0152,0.01508,7.9,5.5940666199,2.616765107,5.595,3.333,4.1736,3.499,1.0,0.0,0.538,0.0,0.0,0.0,0.0,0.0,-1.0,-9.999999999999999e-31,0.0,0.7092,0.2755,0.00271,0.0007399,0.00672,-1.0,0.01527,-3.562,-2.442,-2.517,-2.306
0.0152,0.01508,7.9,5.5959067345,2.6167724477,5.597,3.348,4.1842,3.527,1.0,0.0,0.538,0.0,0.0,0.0,0.0,0.0,-1.0,-9.999999999999999e-31,0.0,0.7092,0.2755,0.00271,0.0007399,0.00672,-1.0,0.01527,-3.6,-2.418,-2.496,-2.276
0.0152,0.01508,7.9,5.5969400406,2.6167765674,5.598,3.365,4.1946,3.551,1.0,0.0,0.538,0.0,0.0,0.0,0.0,0.0,-1.0,-9.999999999999999e-31,0.0,0.7092,0.2755,0.00271,0.0007399,0.00672,-1.0,0.01527,-3.643,-2.401,-2.482,-2.253
0.0152,0.01508,7.9,5.5975904465,2.6167791596,5.598,3.384,4.204,3.57,1.0,0.0,0.538,0.0,0.0,0.0,0.0,0.0,-1.0,-9.999999999999999e-31,0.0,0.7092,0.2755,0.00271,0.0007399,0.00672,-1.0,0.01527,-3.69,-2.393,-2.477,-2.24
0.0152,0.01508,7.9,5.5977430344,2.6167797676,5.599,3.386,4.2055,3.574,1.0,0.0,0.538,0.0,0.0,0.0,0.0,0.0,-1.0,-9.999999999999999e-31,0.0,0.7092,0.2755,0.00271,0.0007399,0.00672,-1.0,0.01527,-3.695,-2.389,-2.473,-2.235
0.0152,0.01508,7.9,5.5979595184,2.6167806302,5.599,3.366,4.2001,3.573,2.0,0.0,0.538,0.0,0.0,0.0,0.0,0.0,-1.0,-9.999999999999999e-31,0.0,0.7092,0.2755,0.00271,0.0007399,0.00672,-1.0,0.01527,-3.644,-2.37,-2.452,-2.219
0.0152,0.01508,7.9,5.5981359482,2.6167813332,5.599,3.346,4.1924,3.562,2.0,0.0,0.538,0.0,0.0,0.0,0.0,0.0,-1.0,-9.999999999999999e-31,0.0,0.7092,0.2755,0.00271,0.0007399,0.00672,-1.0,0.01527,-3.594,-2.364,-2.445,-2.218
0.0152,0.01508,7.9,5.5983376503,2.6167821367,5.599,3.329,4.1807,3.532,2.0,0.0,0.538,0.0,0.0,0.0,0.0,0.0,-1.0,-9.999999999999999e-31,0.0,0.7092,0.2755,0.00271,0.0007399,0.00672,-1.0,0.01527,-3.553,-2.391,-2.468,-2.252
0.0152,0.01508,7.9,5.5985331535,2.6167829155,5.599,3.328,4.1691,3.487,2.0,0.0,0.538,0.0,0.0,0.0,0.0,0.0,-1.0,-9.999999999999999e-31,0.0,0.7092,0.2755,0.00271,0.0007399,0.00672,-1.0,0.01527,-3.549,-2.455,-2.529,-2.322
0.0152,0.01508,7.9,5.598742485,2.6167837494,5.6,3.337,4.1573,3.431,2.0,0.0,0.538,0.0,0.0,0.0,0.0,0.0,-1.0,-9.999999999999999e-31,0.0,0.7092,0.2755,0.00271,0.0007399,0.00672,-1.0,0.01527,-3.572,-2.546,-2.616,-2.42
0.0152,0.01508,7.9,5.5989665985,2.616784642,5.6,3.349,4.1453,3.37,2.0,0.0,0.538,0.0,0.0,0.0,0.0,0.0,-1.0,-9.999999999999999e-31,0.0,0.7092,0.2755,0.00271,0.0007399,0.00672,-1.0,0.01527,-3.603,-2.647,-2.713,-2.528
0.0152,0.01508,7.9,5.599199295,2.6167855687,5.6,3.36,4.1333,3.311,2.0,0.0,0.538,0.0,0.0,0.0,0.0,0.0,-1.0,-9.999999999999999e-31,0.0,0.7092,0.2755,0.00271,0.0007399,0.00672,-1.0,0.01527,-3.631,-2.742,-2.805,-2.631
0.0152,0.01508,7.9,5.5994377136,2.6167865181,5.6,3.368,4.1213,3.255,2.0,0.0,0.538,0.0,0.0,0.0,0.0,0.0,-1.0,-9.999999999999999e-31,0.0,0.7092,0.2755,0.00271,0.0007399,0.00672,-1.0,0.01527,-3.651,-2.83,-2.889,-2.727
0.0152,0.01508,7.9,5.5996785164,2.6167874769,5.6,3.374,4.1092,3.201,2.0,0.0,0.538,0.0,0.0,0.0,0.0,0.0,-1.0,-9.999999999999999e-31,0.0,0.7092,0.2755,0.00271,0.0007399,0.00672,-1.0,0.01527,-3.665,-2.912,-2.967,-2.815
0.0152,0.01508,7.9,5.5999188423,2.6167884338,5.601,3.377,4.097,3.149,2.0,0.0,0.538,0.0,0.0,0.0,0.0,0.0,-1.0,-9.999999999999999e-31,0.0,0.7092,0.2755,0.00271,0.0007399,0.00672,-1.0,0.01527,-3.673,-2.987,-3.038,-2.898
0.0152,0.01508,7.9,5.5999994278,2.6167887546,5.601,3.378,4.0929,3.132,2.0,0.0,0.538,0.0,0.0,0.0,0.0,0.0,-1.0,-9.999999999999999e-31,0.0,0.7092,0.2755,0.00271,0.0007399,0.00672,-1.0,0.01527,-3.676,-3.011,-3.061,-2.925
0.0152,0.01508,7.9,5.6002192497,2.6167896297,5.601,3.38,4.0817,3.085,2.0,0.0,0.538,0.0,0.0,0.0,0.0,0.0,-1.0,-9.999999999999999e-31,0.0,0.7092,0.2755,0.00271,0.0007399,0.00672,-1.0,0.01527,-3.68,-3.075,-3.122,-2.996
0.0152,0.01508,7.9,5.6004505157,2.6167905502,5.601,3.38,4.0697,3.037,2.0,0.0,0.538,0.0,0.0,0.0,0.0,0.0,-1.0,-9.999999999999999e-31,0.0,0.7092,0.2755,0.00271,0.0007399,0.00672,-1.0,0.01527,-3.681,-3.14,-3.182,-3.068
0.0152,0.01508,7.9,5.600675106,2.6167914441,5.601,3.38,4.0576,2.989,2.0,0.0,0.538,0.0,0.0,0.0,0.0,0.0,-1.0,-9.999999999999999e-31,0.0,0.7092,0.2755,0.00271,0.0007399,0.00672,-1.0,0.01527,-3.68,-3.201,-3.239,-3.136
0.0152,0.01508,7.9,5.6008925438,2.6167923095,5.602,3.379,4.0455,2.942,2.0,0.0,0.538,0.0,0.0,0.0,0.0,0.0,-1.0,-9.999999999999999e-31,0.0,0.7092,0.2755,0.00271,0.0007399,0.00672,-1.0,0.01527,-3.677,-3.258,-3.292,-3.201
0.0152,0.01508,7.9,5.6011018753,2.6167931425,5.602,3.377,4.0334,2.895,2.0,0.0,0.538,0.0,0.0,0.0,0.0,0.0,-1.0,-9.999999999999999e-31,0.0,0.7092,0.2755,0.00271,0.0007399,0.00672,-1.0,0.01527,-3.672,-3.312,-3.341,-3.264
0.0152,0.01508,7.9,5.6013021469,2.6167939394,5.602,3.374,4.0212,2.849,2.0,0.0,0.538,0.0,0.0,0.0,0.0,0.0,-1.0,-9.999999999999999e-31,0.0,0.7092,0.2755,0.00271,0.0007399,0.00672,-1.0,0.01527,-3.665,-3.363,-3.388,-3.323
0.0152,0.01508,7.9,5.6014933586,2.6167947002,5.602,3.371,4.0091,2.804,2.0,0.0,0.538,0.0,0.0,0.0,0.0,0.0,-1.0,-9.999999999999999e-31,0.0,0.7092,0.2755,0.00271,0.0007399,0.00672,-1.0,0.01527,-3.657,-3.411,-3.432,-3.38
0.0152,0.01508,7.9,5.6016759872,2.6167954268,5.602,3.367,3.997,2.759,2.0,0.0,0.538,0.0,0.0,0.0,0.0,0.0,-1.0,-9.999999999999999e-31,0.0,0.7092,0.2755,0.00271,0.0007399,0.00672,-1.0,0.01527,-3.648,-3.457,-3.473,-3.435
0.0152,0.01508,7.9,5.6018500328,2.6167961191,5.603,3.363,3.9848,2.714,2.0,0.0,0.538,0.0,0.0,0.0,0.0,0.0,-1.0,-9.999999999999999e-31,0.0,0.7092,0.2755,0.00271,0.0007399,0.00672,-1.0,0.01527,-3.638,-3.5,-3.51,-3.488
0.0152,0.01508,7.9,5.6020154953,2.6167967773,5.603,3.359,3.9726,2.67,2.0,0.0,0.538,0.0,0.0,0.0,0.0,0.0,-1.0,-9.999999999999999e-31,0.0,0.7092,0.2755,0.00271,0.0007399,0.00672,-1.0,0.01527,-3.626,-3.54,-3.545,-3.538
0.0152,0.01508,7.9,5.6021728516,2.6167974032,5.603,3.354,3.9604,2.626,2.0,0.0,0.538,0.0,0.0,0.0,0.0,0.0,-1.0,-9.999999999999999e-31,0.0,0.7092,0.2755,0.00271,0.0007399,0.00672,-1.0,0.01527,-3.614,-3.576,-3.575,-3.586
0.0152,0.01508,7.9,5.6023216248,2.616797995,5.603,3.348,3.9482,2.583,2.0,0.0,0.538,0.0,0.0,0.0,0.0,0.0,-1.0,-9.999999999999999e-31,0.0,0.7092,0.2755,0.00271,0.0007399,0.00672,-1.0,0.01527,-3.6,-3.608,-3.6,-3.632
0.0152,0.01508,7.9,5.6024637222,2.6167985601,5.603,3.342,3.936,2.54,2.0,0.0,0.538,0.0,0.0,0.0,0.0,0.0,-1.0,-9.999999999999999e-31,0.0,0.7092,0.2755,0.00271,0.0007399,0.00672,-1.0,0.01527,-3.586,-3.635,-3.619,-3.675
0.0152,0.01508,7.9,5.6025981903,2.6167990949,5.603,3.336,3.9238,2.497,2.0,0.0,0.538,0.0,0.0,0.0,0.0,0.0,-1.0,-9.999999999999999e-31,0.0,0.7092,0.2755,0.00271,0.0007399,0.00672,-1.0,0.01527,-3.571,-3.656,-3.629,-3.714
0.0152,0.01508,7.9,5.6027255058,2.6167996012,5.603,3.33,3.9116,2.455,2.0,0.0,0.538,0.0,0.0,0.0,0.0,0.0,-1.0,-9.999999999999999e-31,0.0,0.7092,0.2755,0.00271,0.0007399,0.00672,-1.0,0.01527,-3.555,-3.668,-3.629,-3.75
0.0152,0.01508,7.9,5.602845192,2.6168000771,5.604,3.324,3.8993,2.412,2.0,0.0,0.538,0.0,0.0,0.0,0.0,0.0,-1.0,-9.999999999999999e-31,0.0,0.7092,0.2755,0.00271,0.0007399,0.00672,-1.0,0.01527,-3.539,-3.674,-3.621,-3.782
0.0152,0.01508,7.9,5.602959156,2.6168005303,5.604,3.317,3.8871,2.37,2.0,0.0,0.538,0.0,0.0,0.0,0.0,0.0,-1.0,-9.999999999999999e-31,0.0,0.7092,0.2755,0.00271,0.0007399,0.00672,-1.0,0.01527,-3.522,-3.674,-3.605,-3.81
0.0152,0.01508,7.9,5.6030664444,2.6168009568,5.604,3.31,3.8749,2.328,2.0,0.0,0.538,0.0,0.0,0.0,0.0,0.0,-1.0,-9.999999999999999e-31,0.0,0.7092,0.2755,0.00271,0.0007399,0.00672,-1.0,0.01527,-3.505,-3.668,-3.581,-3.836
0.0152,0.01508,7.9,5.6031680107,2.6168013607,5.604,3.303,3.8626,2.286,2.0,0.0,0.538,0.0,0.0,0.0,0.0,0.0,-1.0,-9.999999999999999e-31,0.0,0.7092,0.2755,0.00271,0.0007399,0.00672,-1.0,0.01527,-3.487,-3.659,-3.551,-3.861
0.0152,0.01508,7.9,5.6032643318,2.6168017436,5.604,3.295,3.8504,2.244,2.0,0.0,0.538,0.0,0.0,0.0,0.0,0.0,-1.0,-9.999999999999999e-31,0.0,0.7092,0.2755,0.00271,0.0007399,0.00672,-1.0,0.01527,-3.469,-3.645,-3.515,-3.883
0.0152,0.01508,7.9,5.6033563614,2.6168021095,5.604,3.288,3.8381,2.203,2.0,0.0,0.538,0.0,0.0,0.0,0.0,0.0,-1.0,-9.999999999999999e-31,0.0,0.7092,0.2755,0.00271,0.0007399,0.00672,-1.0,0.01527,-3.45,-3.629,-3.475,-3.902
0.0152,0.01508,7.9,5.6034421921,2.6168024507,5.604,3.28,3.8258,2.162,2.0,0.0,0.538,0.0,0.0,0.0,0.0,0.0,-1.0,-9.999999999999999e-31,0.0,0.7092,0.2755,0.00271,0.0007399,0.00672,-1.0,0.01527,-3.431,-3.609,-3.431,-3.918
0.0152,0.01508,7.9,5.6035246849,2.6168027787,5.604,3.272,3.8136,2.12,2.0,0.0,0.538,0.0,0.0,0.0,0.0,0.0,-1.0,-9.999999999999999e-31,0.0,0.7092,0.2755,0.00271,0.0007399,0.00672,-1.0,0.01527,-3.411,-3.586,-3.383,-3.929
0.0152,0.01508,7.9,5.6036028862,2.6168030895,5.604,3.264,3.8012,2.079,2.0,0.0,0.538,0.0,0.0,0.0,0.0,0.0,-1.0,-9.999999999999999e-31,0.0,0.7092,0.2755,0.00271,0.0007399,0.00672,-1.0,0.01527,-3.391,-3.562,-3.332,-3.941
0.0152,0.01508,7.9,5.6036772728,2.6168033852,5.604,3.256,3.7889,2.038,2.0,0.0,0.538,0.0,0.0,0.0,0.0,0.0,-1.0,-9.999999999999999e-31,0.0,0.7092,0.2755,0.00271,0.0007399,0.00672,-1.0,0.01527,-3.37,-3.534,-3.277,-3.947
0.0152,0.01508,7.9,5.6037478447,2.6168036657,5.604,3.248,3.7766,1.997,2.0,0.0,0.538,0.0,0.0,0.0,0.0,0.0,-1.0,-9.999999999999999e-31,0.0,0.7092,0.2755,0.00271,0.0007399,0.00672,-1.0,0.01527,-3.349,-3.503,-3.217,-3.952
0.0152,0.01508,7.9,5.6038146019,2.6168039311,5.604,3.239,3.7643,1.957,2.0,0.0,0.538,0.0,0.0,0.0,0.0,0.0,-1.0,-9.999999999999999e-31,0.0,0.7092,0.2755,0.00271,0.0007399,0.00672,-1.0,0.01527,-3.327,-3.469,-3.15,-3.953
0.0152,0.01508,7.9,5.6038784981,2.6168041851,5.605,3.23,3.7521,1.917,2.0,0.0,0.538,0.0,0.0,0.0,0.0,0.0,-1.0,-9.999999999999999e-31,0.0,0.7092,0.2755,0.00271,0.0007399,0.00672,-1.0,0.01527,-3.305,-3.432,-3.082,-3.949
0.0152,0.01508,7.9,5.6039404869,2.6168044314,5.605,3.221,3.7398,1.877,2.0,0.0,0.538,0.0,0.0,0.0,0.0,0.0,-1.0,-9.999999999999999e-31,0.0,0.7092,0.2755,0.00271,0.0007399,0.00672,-1.0,0.01527,-3.282,-3.39,-3.011,-3.939
0.0152,0.01508,7.9,5.6040029526,2.6168046797,5.605,3.211,3.7277,1.838,2.0,0.0,0.538,0.0,0.0,0.0,0.0,0.0,-1.0,-9.999999999999999e-31,0.0,0.7092,0.2755,0.00271,0.0007399,0.00672,-1.0,0.01527,-3.257,-3.343,-2.933,-3.921
0.0152,0.01508,7.9,5.6040706635,2.6168049488,5.605,3.199,3.7156,1.802,2.0,0.0,0.538,0.0,0.0,0.0,0.0,0.0,-1.0,-9.999999999999999e-31,0.0,0.7092,0.2755,0.00271,0.0007399,0.00672,-1.0,0.01527,-3.227,-3.288,-2.847,-3.894
0.0152,0.01508,7.9,5.6041460037,2.6168052483,5.605,3.184,3.704,1.77,2.0,0.0,0.538,0.0,0.0,0.0,0.0,0.0,-1.0,-9.999999999999999e-31,0.0,0.7092,0.2755,0.00271,0.0007399,0.00672,-1.0,0.01527,-3.191,-3.223,-2.753,-3.855
0.0152,0.01508,7.9,5.6042547226,2.6168056803,5.605,3.162,3.6931,1.749,2.0,0.0,0.538,0.0,0.0,0.0,0.0,0.0,-1.0,-9.999999999999999e-31,0.0,0.7092,0.2755,0.00271,0.0007399,0.00672,-1.0,0.01527,-3.136,-3.138,-2.64,-3.794
0.0152,0.01508,7.9,5.6043710709,2.6168061427,5.605,3.137,3.6841,1.738,2.0,0.0,0.538,0.0,0.0,0.0,0.0,0.0,-1.0,-9.999999999999999e-31,0.0,0.7092,0.2755,0.00271,0.0007399,0.00672,-1.0,0.01527,-3.073,-3.048,-2.528,-3.724
0.0152,0.01508,7.9,5.6044983864,2.6168066486,5.605,3.114,3.6752,1.726,2.0,0.0,0.538,0.0,0.0,0.0,0.0,0.0,-1.0,-9.999999999999999e-31,0.0,0.7092,0.2755,0.00271,0.0007399,0.00672,-1.0,0.01527,-3.014,-2.962,-2.422,-3.653
0.0152,0.01508,7.9,5.6046376228,2.6168072019,5.605,3.099,3.6662,1.705,2.0,0.0,0.538,0.0,0.0,0.0,0.0,0.0,-1.0,-9.999999999999999e-31,0.0,0.7092,0.2755,0.00271,0.0007399,0.00672,-1.0,0.01527,-2.977,-2.891,-2.33,-3.601
0.0152,0.01508,7.9,5.604681015,2.6168073743,5.605,3.102,3.6634,1.69,2.0,0.0,0.538,0.0,0.0,0.0,0.0,0.0,-1.0,-9.999999999999999e-31,0.0,0.7092,0.2755,0.00271,0.0007399,0.00672,-1.0,0.01527,-2.984,-2.888,-2.319,-3.603
0.0152,0.01508,7.9,5.6048135757,2.616807901,5.606,3.124,3.6544,1.632,3.0,0.0,0.538,7.82,6.93,5.09,3.67,3.02,4.0,-9.999999999999999e-31,0.0,0.7092,0.2755,0.00271,0.0007399,0.00672,-1.0,0.01527,-3.04,-2.906,-2.311,-3.641
0.0152,0.01508,7.9,5.6049046516,2.6168082629,5.606,3.158,3.648,1.573,3.0,0.0,0.537,8.89,7.71,5.64,4.08,3.35,4.0,-9.999999999999999e-31,0.0,0.7092,0.2755,0.002709,0.0007401,0.00672,-1.0,0.01527,-3.125,-2.962,-2.35,-3.712
0.0152,0.01508,7.9,5.604985714,2.6168085849,5.606,3.197,3.6424,1.511,3.0,0.0,0.536,10.17,8.63,6.27,4.54,3.73,4.0,-9.999999999999999e-31,0.0,0.7092,0.2755,0.002699,0.0007421,0.00672,-1.0,0.01527,-3.223,-3.034,-2.405,-3.795
0.0152,0.01508,7.9,5.6050591469,2.6168088767,5.606,3.235,3.6377,1.454,3.0,0.0,0.527,11.49,9.55,6.91,5.01,4.12,4.0,-9.999999999999999e-31,0.0,0.7091,0.2756,0.002658,0.00076,0.00672,-1.0,0.01527,-3.317,-3.104,-2.459,-3.878
0.0152,0.01508,7.9,5.6051497459,2.6168092366,5.606,3.277,3.6328,1.393,3.0,0.0,0.502,13.13,10.68,7.69,5.59,4.59,4.0,-9.999999999999999e-31,0.0,0.7091,0.2756,0.002528,0.0008778,0.00672,-1.0,0.01527,-3.423,-3.184,-2.521,-3.971
0.0152,0.01508,7.9,5.6051859856,2.6168093806,5.606,3.292,3.6312,1.371,3.0,0.0,0.489,13.74,11.1,7.98,5.8,4.77,4.0,-9.999999999999999e-31,0.0,0.7091,0.2756,0.002466,0.0009478,0.00672,-1.0,0.01527,-3.46,-3.213,-2.544,-4.004
0.0152,0.01508,7.9,5.6052694321,2.616809712,5.606,3.32,3.6283,1.332,3.0,0.0,0.468,14.96,11.92,8.54,6.21,5.11,4.0,-9.999999999999999e-31,0.0,0.709,0.2756,0.002357,0.00108,0.00672,-1.0,0.01537,-3.529,-3.266,-2.585,-4.065
0.0152,0.01508,7.9,5.6053214073,2.6168099185,5.606,3.333,3.6268,1.313,3.0,0.0,0.456,15.61,12.35,8.83,6.43,5.29,4.0,-9.999999999999999e-31,0.0,0.709,0.2756,0.002302,0.001148,0.00672,-1.0,0.01537,-3.563,-3.292,-2.606,-4.095
0.0152,0.01508,7.9,5.605463028,2.6168104811,5.606,3.359,3.6241,1.276,3.0,0.0,0.44,16.9,13.2,9.41,6.86,5.64,4.0,-9.999999999999999e-31,0.0,0.709,0.2756,0.00222,0.001248,0.00672,-1.0,0.01537,-3.628,-3.341,-2.644,-4.151
0.0152,0.01508,7.9,5.6058473587,2.6168120076,5.607,3.401,3.6198,1.216,3.0,0.0,0.414,19.21,14.69,10.43,7.61,6.26,4.0,-9.999999999999999e-31,0.0,0.7089,0.2757,0.002086,0.001415,0.006719,-1.0,0.01537,-3.733,-3.422,-2.706,-4.244
0.0152,0.01508,7.9,5.6063194275,2.6168138822,5.607,3.443,3.6155,1.158,3.0,0.0,0.396,21.8,16.33,11.53,8.43,6.94,4.0,-9.999999999999999e-31,0.0,0.7086,0.276,0.00199,0.001551,0.006697,-1.0,0.01537,-3.837,-3.498,-2.764,-4.333
0.0152,0.01508,7.9,5.606821537,2.6168158757,5.608,3.484,3.6115,1.1,3.0,0.0,0.391,24.69,18.12,12.74,9.33,7.68,4.0,-9.999999999999999e-31,0.0,0.7059,0.2787,0.001917,0.001791,0.006525,-1.0,0.01537,-3.941,-3.577,-2.825,-4.423
0.0152,0.01508,7.9,5.6073379517,2.6168179256,5.608,3.526,3.6077,1.043,3.0,0.0,0.39,27.93,20.08,14.06,10.31,8.49,4.0,-9.999999999999999e-31,0.0,0.7006,0.2841,0.001855,0.002037,0.006333,-1.0,0.01537,-4.045,-3.656,-2.886,-4.514
0.0152,0.01508,7.9,5.6078538895,2.6168199732,5.609,3.568,3.6042,0.988,3.0,0.0,0.39,31.47,22.19,15.46,11.36,9.35,4.0,-9.999999999999999e-31,0.0,0.6941,0.2906,0.001804,0.002243,0.006168,-1.0,0.01532,-4.149,-3.735,-2.948,-4.604
0.0152,0.01508,7.9,5.6083703041,2.6168220223,5.609,3.608,3.6008,0.934,3.0,0.0,0.39,35.37,24.47,16.97,12.48,10.29,4.0,-9.999999999999999e-31,0.0,0.6877,0.2969,0.001766,0.002401,0.006043,-1.0,0.01536,-4.25,-3.812,-3.006,-4.692
0.0152,0.01508,7.9,5.609038353,2.6168246723,5.61,3.642,3.5979,0.889,3.0,0.0,0.389,39.03,26.57,18.36,13.52,11.14,4.0,-9.999999999999999e-31,0.0,0.6833,0.3014,0.001743,0.002498,0.005964,-1.0,0.01535,-4.335,-3.874,-3.051,-4.764
0.0152,0.01508,7.9,5.6104621887,2.616830318,5.611,3.665,3.596,0.859,3.0,0.0,0.389,41.66,28.06,19.34,14.26,11.75,4.0,-9.999999999999999e-31,0.0,0.6811,0.3035,0.001733,0.002541,0.005929,-1.0,0.01537,-4.391,-3.916,-3.082,-4.813
0.0152,0.01508,7.9,5.6178183556,2.6168594339,5.618,3.64,3.5987,0.895,4.0,0.0,0.389,0.0,0.0,0.0,0.0,0.0,-1.0,-9.999999999999999e-31,0.0,0.6811,0.3035,0.001733,0.002541,0.005929,-1.0,0.01537,-4.329,-3.875,-3.057,-4.762
0.0152,0.01508,7.9,5.6256217957,2.6168902244,5.626,3.602,3.6024,0.948,4.0,0.0,0.389,0.0,0.0,0.0,0.0,0.0,-1.0,-9.999999999999999e-31,0.0,0.6811,0.3035,0.001733,0.002541,0.00593,-1.0,0.01537,-4.235,-3.809,-3.012,-4.684
0.0152,0.01508,7.9,5.6313323975,2.6169126949,5.632,3.565,3.606,0.999,4.0,0.0,0.389,0.0,0.0,0.0,0.0,0.0,-1.0,-9.999999999999999e-31,0.0,0.6811,0.3035,0.001733,0.002541,0.00593,-1.0,0.01537,-4.144,-3.743,-2.964,-4.606
0.0152,0.01508,7.9,5.6359729767,2.6169309165,5.637,3.531,3.6094,1.048,4.0,0.0,0.389,0.0,0.0,0.0,0.0,0.0,-1.0,-9.999999999999999e-31,0.0,0.6812,0.3035,0.001733,0.002541,0.00593,-1.0,0.01537,-4.057,-3.679,-2.918,-4.532
0.0152,0.01508,7.9,5.6409854889,2.6169505597,5.642,3.491,3.6133,1.104,4.0,0.0,0.389,0.0,0.0,0.0,0.0,0.0,-1.0,-9.999999999999999e-31,0.0,0.6812,0.3035,0.001733,0.002541,0.00593,-1.0,0.01537,-3.958,-3.605,-2.861,-4.446
0.0152,0.01508,7.9,5.6460108757,2.6169702131,5.647,3.451,3.6173,1.159,4.0,0.0,0.389,0.0,0.0,0.0,0.0,0.0,-1.0,-9.999999999999999e-31,0.0,0.6812,0.3034,0.001733,0.002541,0.00593,-1.0,0.01537,-3.859,-3.531,-2.804,-4.361
0.0152,0.01508,7.9,5.6509890556,2.6169896423,5.652,3.415,3.621,1.211,4.0,0.0,0.389,0.0,0.0,0.0,0.0,0.0,-1.0,-9.999999999999999e-31,0.0,0.6812,0.3034,0.001733,0.002541,0.00593,-1.0,0.01537,-3.768,-3.464,-2.753,-4.283
0.0152,0.01508,7.9,5.657348156,2.6170144038,5.658,3.375,3.6255,1.269,4.0,0.0,0.389,0.0,0.0,0.0,0.0,0.0,-1.0,-9.999999999999999e-31,0.0,0.6812,0.3034,0.001733,0.002541,0.00593,-1.0,0.01537,-3.668,-3.389,-2.697,-4.196
0.0152,0.01508,7.9,5.6669020653,2.6170514854,5.668,3.335,3.631,1.333,4.0,0.0,0.389,0.0,0.0,0.0,0.0,0.0,-1.0,-9.999999999999999e-31,0.0,0.6813,0.3034,0.001733,0.002541,0.00593,-1.0,0.01537,-3.567,-3.32,-2.649,-4.111
0.0152,0.01508,7.9,5.6847128868,2.617120232,5.685,3.303,3.6397,1.4,4.0,0.0,0.389,0.0,0.0,0.0,0.0,0.0,-1.0,-9.999999999999999e-31,0.0,0.6813,0.3033,0.001733,0.00254,0.005931,-1.0,0.01537,-3.489,-3.286,-2.647,-4.056
0.0152,0.01508,7.9,5.6855564117,2.6171234756,5.686,3.303,3.6401,1.402,4.0,0.0,0.389,0.0,0.0,0.0,0.0,0.0,-1.0,-9.999999999999999e-31,0.0,0.6813,0.3033,0.001733,0.00254,0.005931,-1.0,0.01537,-3.488,-3.288,-2.649,-4.056
0.0152,0.01508,7.9,5.6966366768,2.6171659796,5.697,3.326,3.6477,1.41,5.0,0.0,0.389,0.0,0.0,0.0,0.0,0.0,-1.0,-9.999999999999999e-31,0.0,0.6813,0.3033,0.001733,0.00254,0.005931,-1.0,0.01537,-3.546,-3.383,-2.769,-4.133
0.0152,0.01508,7.9,5.7016143799,2.6171850123,5.702,3.353,3.6542,1.41,5.0,0.0,0.389,0.0,0.0,0.0,0.0,0.0,-1.0,-9.999999999999999e-31,0.0,0.6814,0.3033,0.001733,0.00254,0.005931,-1.0,0.01537,-3.613,-3.481,-2.886,-4.216
0.0152,0.01508,7.9,5.7043008804,2.6171952685,5.705,3.38,3.6617,1.413,5.0,0.0,0.389,0.0,0.0,0.0,0.0,0.0,-1.0,-9.999999999999999e-31,0.0,0.6814,0.3033,0.001733,0.00254,0.005931,-1.0,0.01537,-3.68,-3.58,-3.004,-4.3
