Zini,MH,logAge,Mini,int_IMF,Mass,LogL,LogTe,logg,label,McoreTP,C_O,period0,period1,period2,period3,period4,pmode,Mloss,tau1m,X,Y,Xc,Xn,Xo,Cexcess,Z,mbolmag,Gmag,G_BPmag,G_RPmag
0.0152,0.01508,8.4,0.0900000036,1.0816895926,0.09,-3.065,3.3873,4.958,0.0,0.0,0.545,0.0,0.0,0.0,0.0,0.0,-1.0,-1.21e-16,0.0,0.7092,0.2755,0.002746,0.0007408,0.006719,-1.0,0.01527,12.431,14.477,17.308,12.995
0.0152,0.01508,8.4,0.0900000036,1.0816895926,0.09,-3.065,3.3873,4.958,0.0,0.0,0.545,0.0,0.0,0.0,0.0,0.0,-1.0,-1.21e-16,0.0,0.7092,0.2755,0.002746,0.0007408,0.006719,-1.0,0.01527,12.431,14.477,17.308,12.995
0.0152,0.01508,8.4,0.0968557149,1.1442910522,0.097,-3.0,3.3978,4.967,0.0,0.0,0.545,0.0,0.0,0.0,0.0,0.0,-1.0,-1.34e-16,0.0,0.7092,0.2755,0.002746,0.0007408,0.006719,-1.0,0.01527,12.27,14.315,17.148,12.833
0.0152,0.01508,8.4,0.1000000015,1.1711064122,0.1,-2.971,3.4028,4.972,0.0,0.0,0.545,0.0,0.0,0.0,0.0,0.0,-1.0,-1.41e-16,0.0,0.7092,0.2755,0.002746,0.0007408,0.006719,-1.0,0.01527,12.196,14.242,17.076,12.759
0.0152,0.01508,8.4,0.1075613573,1.2313339821,0.108,-2.908,3.4124,4.979,0.0,0.0,0.545,0.0,0.0,0.0,0.0,0.0,-1.0,-1.55e-16,0.0,0.7092,0.2755,0.002746,0.0007408,0.006719,-1.0,0.01527,12.04,14.085,16.921,12.603
0.0152,0.01508,8.4,0.1186569333,1.3103988918,0.119,-2.817,3.4269,4.989,0.0,0.0,0.545,0.0,0.0,0.0,0.0,0.0,-1.0,-1.8e-16,0.0,0.7092,0.2755,0.002746,0.0007408,0.006719,-1.0,0.01527,11.814,13.719,16.369,12.268
0.0152,0.01508,8.4,0.1200000122,1.3193155232,0.12,-2.807,3.4286,4.991,0.0,0.0,0.545,0.0,0.0,0.0,0.0,0.0,-1.0,-1.83e-16,0.0,0.7092,0.2755,0.002746,0.0007408,0.006719,-1.0,0.01527,11.788,13.667,16.284,12.223
0.0152,0.01508,8.4,0.1245216653,1.3484064397,0.124,-2.779,3.4322,4.992,0.0,0.0,0.545,0.0,0.0,0.0,0.0,0.0,-1.0,-1.91e-16,0.0,0.7092,0.2755,0.002746,0.0007408,0.006719,-1.0,0.01527,11.716,13.547,16.101,12.114
0.0152,0.01508,8.4,0.1400000006,1.4384526719,0.14,-2.682,3.4443,4.995,0.0,0.0,0.545,0.0,0.0,0.0,0.0,0.0,-1.0,-2.25e-16,0.0,0.7092,0.2755,0.002746,0.0007408,0.006719,-1.0,0.01527,11.474,13.149,15.508,11.753
0.0152,0.01508,8.4,0.1549368501,1.5138516966,0.155,-2.602,3.4535,4.996,0.0,0.0,0.545,0.0,0.0,0.0,0.0,0.0,-1.0,-2.55e-16,0.0,0.7092,0.2755,0.002746,0.0007408,0.006719,-1.0,0.01527,11.276,12.834,15.044,11.467
0.0152,0.01508,8.4,0.1599999964,1.5372931554,0.16,-2.575,3.4564,4.995,0.0,0.0,0.545,0.0,0.0,0.0,0.0,0.0,-1.0,-2.68e-16,0.0,0.7092,0.2756,0.002746,0.0007408,0.006719,-1.0,0.01527,11.207,12.727,14.888,11.371
0.0152,0.01508,8.4,0.1727749407,1.5923842135,0.173,-2.512,3.4626,4.99,0.0,0.0,0.545,0.0,0.0,0.0,0.0,0.0,-1.0,-2.99e-16,0.0,0.7091,0.2756,0.002746,0.0007408,0.006719,-1.0,0.01527,11.051,12.498,14.56,11.162
0.0152,0.01508,8.4,0.200000003,1.6938790862,0.2,-2.387,3.4744,4.976,0.0,0.0,0.545,0.0,0.0,0.0,0.0,0.0,-1.0,-3.77e-16,0.0,0.7091,0.2756,0.002746,0.0007408,0.006719,-1.0,0.01527,10.738,12.053,13.944,10.756
0.0152,0.01508,8.4,0.25,1.8403257998,0.25,-2.205,3.4909,4.957,0.0,0.0,0.545,0.0,0.0,0.0,0.0,0.0,-1.0,-5.25e-16,0.0,0.7091,0.2756,0.002746,0.0007408,0.006719,-1.0,0.01527,10.283,11.42,13.085,10.181
0.0152,0.01508,8.4,0.3000000119,1.9529139769,0.3,-2.05,3.5022,4.926,0.0,0.0,0.545,0.0,0.0,0.0,0.0,0.0,-1.0,-7.09e-16,0.0,0.7091,0.2756,0.002746,0.0007408,0.006719,-1.0,0.01527,9.896,10.932,12.473,9.729
0.0152,0.01508,8.4,0.3500000238,2.0434175133,0.35,-1.909,3.5134,4.897,0.0,0.0,0.545,0.0,0.0,0.0,0.0,0.0,-1.0,-9.4e-16,0.0,0.7092,0.2755,0.002746,0.0007408,0.006719,-1.0,0.01527,9.544,10.487,11.918,9.319
0.0152,0.01508,8.4,0.4000000358,2.118502481,0.4,-1.761,3.5252,4.854,0.0,0.0,0.545,0.0,0.0,0.0,0.0,0.0,-1.0,-1.3e-15,0.0,0.7092,0.2755,0.002746,0.0007408,0.006719,-1.0,0.01527,9.172,10.028,11.357,8.894
0.0152,0.01508,8.4,0.4500000477,2.1822809714,0.45,-1.611,3.5392,4.811,0.0,0.0,0.545,0.0,0.0,0.0,0.0,0.0,-1.0,-1.82e-15,0.0,0.7092,0.2755,0.002746,0.0007408,0.006719,-1.0,0.01527,8.798,9.56,10.786,8.466
0.0152,0.01508,8.4,0.5,2.2374541529,0.5,-1.464,3.5541,4.77,0.0,0.0,0.545,0.0,0.0,0.0,0.0,0.0,-1.0,-2.53e-15,0.0,0.7092,0.2755,0.002746,0.0007408,0.006719,-1.0,0.01527,8.431,9.1,10.229,8.049
0.0152,0.01508,8.4,0.5500000119,2.2836582633,0.55,-1.313,3.5717,4.73,0.0,0.0,0.545,0.0,0.0,0.0,0.0,0.0,-1.0,-3.57e-15,0.0,0.7097,0.2751,0.002741,0.0007396,0.006708,-1.0,0.01522,8.052,8.613,9.634,7.613
0.0152,0.01508,8.4,0.5574800372,2.2897557974,0.557,-1.292,3.5744,4.725,0.0,0.0,0.545,0.0,0.0,0.0,0.0,0.0,-1.0,-3.73e-15,0.0,0.7097,0.2751,0.002741,0.0007396,0.006707,-1.0,0.01522,8.0,8.545,9.551,7.553
0.0152,0.01508,8.4,0.5957644582,2.3182271025,0.595,-1.169,3.5919,4.702,0.0,0.0,0.545,0.0,0.0,0.0,0.0,0.0,-1.0,-4.92e-15,0.0,0.7097,0.2751,0.002741,0.0007394,0.006706,-1.0,0.01521,7.693,8.142,9.056,7.199
0.0152,0.01508,8.4,0.6000000238,2.3211213258,0.6,-1.156,3.5938,4.699,0.0,0.0,0.545,0.0,0.0,0.0,0.0,0.0,-1.0,-5.07e-15,0.0,0.7097,0.275,0.002741,0.0007394,0.006706,-1.0,0.01521,7.661,8.1,9.005,7.162
0.0152,0.01508,8.4,0.6499999762,2.3520353107,0.65,-0.999,3.6199,4.682,0.0,0.0,0.545,0.0,0.0,0.0,0.0,0.0,-1.0,-7.14e-15,0.0,0.7098,0.2749,0.00274,0.0007393,0.006704,-1.0,0.01526,7.267,7.58,8.37,6.712
0.0152,0.01508,8.4,0.6994990706,2.3776883404,0.7,-0.848,3.6465,4.669,0.0,0.0,0.545,0.0,0.0,0.0,0.0,0.0,-1.0,-9.91e-15,0.0,0.7099,0.2748,0.002739,0.000739,0.006703,-1.0,0.01523,6.89,7.075,7.747,6.283
0.0152,0.01508,8.4,0.7000000477,2.3779267258,0.7,-0.846,3.6468,4.669,0.0,0.0,0.545,0.0,0.0,0.0,0.0,0.0,-1.0,-9.94e-15,0.0,0.7099,0.2748,0.002739,0.000739,0.006703,-1.0,0.01523,6.886,7.07,7.74,6.279
0.0152,0.01508,8.4,0.7337283492,2.3931190236,0.734,-0.747,3.6649,4.662,0.0,0.0,0.54,0.0,0.0,0.0,0.0,0.0,-1.0,-1.23e-14,0.0,0.7102,0.2746,0.002712,0.0007377,0.006698,-1.0,0.01526,6.638,6.739,7.337,6.001
0.0152,0.01508,8.4,0.75,2.3998889087,0.75,-0.702,3.6741,4.663,0.0,0.0,0.538,0.0,0.0,0.0,0.0,0.0,-1.0,-1.35e-14,0.0,0.71,0.2747,0.002702,0.0007379,0.006702,-1.0,0.01525,6.524,6.588,7.153,5.875
0.0152,0.01508,8.4,0.8000000119,2.4187244405,0.8,-0.573,3.694,4.642,0.0,0.0,0.538,0.0,0.0,0.0,0.0,0.0,-1.0,-1.8e-14,0.0,0.7101,0.2746,0.002701,0.0007376,0.0067,-1.0,0.01525,6.201,6.2,6.701,5.538
0.0152,0.01508,8.4,0.8500000238,2.435034684,0.85,-0.45,3.7127,4.621,0.0,0.0,0.538,0.0,0.0,0.0,0.0,0.0,-1.0,-2.36e-14,0.0,0.7103,0.2745,0.0027,0.0007373,0.006697,-1.0,0.01518,5.896,5.845,6.296,5.229
0.0152,0.01508,8.4,0.9000000358,2.4492786175,0.899,-0.335,3.7298,4.598,0.0,0.0,0.538,0.0,0.0,0.0,0.0,0.0,-1.0,-3.08e-14,0.0,0.7104,0.2743,0.002699,0.0007369,0.006693,-1.0,0.01523,5.607,5.523,5.933,4.945
0.0152,0.01508,8.4,0.9500000477,2.4618122009,0.95,-0.225,3.7449,4.572,0.0,0.0,0.538,0.0,0.0,0.0,0.0,0.0,-1.0,-3.97e-14,0.0,0.7107,0.2741,0.002697,0.0007364,0.006689,-1.0,0.01521,5.332,5.226,5.6,4.683
0.0152,0.01508,8.4,1.0,2.4729154477,1.0,-0.116,3.7589,4.542,1.0,0.0,0.538,0.0,0.0,0.0,0.0,0.0,-1.0,-5.15e-14,0.0,0.711,0.2738,0.002694,0.0007357,0.006683,-1.0,0.0152,5.061,4.942,5.283,4.431
0.0152,0.01508,8.4,1.0499999523,2.482811486,1.05,-0.013,3.7716,4.51,1.0,0.0,0.538,0.0,0.0,0.0,0.0,0.0,-1.0,-6.14e-14,0.0,0.7114,0.2734,0.002691,0.0007348,0.006674,-1.0,0.01515,4.802,4.677,4.99,4.197
0.0152,0.01508,8.4,1.1000000238,2.491680148,1.099,0.086,3.7831,4.478,1.0,0.0,0.537,0.0,0.0,0.0,0.0,0.0,-1.0,-7.21e-14,0.0,0.7121,0.2727,0.002685,0.0007332,0.00666,-1.0,0.01517,4.555,4.426,4.714,3.975
0.0152,0.01508,8.4,1.1260083914,2.4959368688,1.125,0.135,3.7886,4.46,0.0,0.0,0.537,0.0,0.0,0.0,0.0,0.0,-1.0,-7.79e-14,0.0,0.7126,0.2722,0.002681,0.0007321,0.00665,-1.0,0.01511,4.431,4.303,4.579,3.864
0.0152,0.01508,8.4,1.1499999762,2.4996678137,1.149,0.18,3.7936,4.445,0.0,0.0,0.537,0.0,0.0,0.0,0.0,0.0,-1.0,-8.34e-14,0.0,0.7132,0.2718,0.002677,0.000731,0.00664,-1.0,0.01506,4.32,4.192,4.458,3.765
0.0152,0.01508,8.4,1.2000000477,2.5068948796,1.2,0.271,3.8035,4.412,0.0,0.0,0.537,0.0,0.0,0.0,0.0,0.0,-1.0,-9.48e-14,0.0,0.7133,0.2716,0.002677,0.0007312,0.006643,-1.0,0.01509,4.093,3.966,4.212,3.564
0.0152,0.01508,8.4,1.25,2.5134610955,1.25,0.357,3.813,4.382,1.0,0.0,0.537,0.0,0.0,0.0,0.0,0.0,-1.0,-1.06e-13,0.0,0.7134,0.2715,0.002677,0.0007312,0.006643,-1.0,0.01508,3.877,3.753,3.98,3.374
0.0152,0.01508,8.4,1.2999999523,2.5194498592,1.3,0.439,3.8222,4.354,1.0,0.0,0.537,0.0,0.0,0.0,0.0,0.0,-1.0,-1.15e-13,0.0,0.7135,0.2714,0.002677,0.000731,0.006641,-1.0,0.01509,3.673,3.55,3.761,3.192
0.0152,0.01508,8.4,1.3500001431,2.5249313723,1.35,0.516,3.8315,4.33,1.0,0.0,0.537,0.0,0.0,0.0,0.0,0.0,-1.0,-1.21e-13,0.0,0.7134,0.2715,0.002677,0.0007311,0.006642,-1.0,0.01507,3.48,3.358,3.554,3.023
0.0152,0.01508,8.4,1.4000000954,2.5299650415,1.4,0.589,3.8411,4.311,1.0,0.0,0.537,0.0,0.0,0.0,0.0,0.0,-1.0,-1.23e-13,0.0,0.7134,0.2715,0.002676,0.0007311,0.006642,-1.0,0.01508,3.297,3.178,3.358,2.865
0.0152,0.01508,8.4,1.4156348705,2.531455369,1.416,0.611,3.8444,4.307,1.0,0.0,0.537,0.0,0.0,0.0,0.0,0.0,-1.0,-1.22e-13,0.0,0.7135,0.2715,0.002676,0.000731,0.006641,-1.0,0.01508,3.242,3.124,3.299,2.819
0.0152,0.01508,8.4,1.4500000477,2.5346015836,1.45,0.659,3.8515,4.299,1.0,0.0,0.537,0.0,0.0,0.0,0.0,0.0,-1.0,-1.2e-13,0.0,0.7136,0.2714,0.002676,0.0007308,0.00664,-1.0,0.01508,3.122,3.007,3.17,2.719
0.0152,0.01508,8.4,1.5,2.5388844597,1.5,0.726,3.8637,4.294,1.0,0.0,0.537,0.0,0.0,0.0,0.0,0.0,-1.0,-1.11e-13,0.0,0.7137,0.2712,0.002675,0.0007306,0.006637,-1.0,0.01511,2.954,2.845,2.989,2.586
0.0152,0.01508,8.4,1.5171996355,2.5402829083,1.517,0.749,3.8683,4.295,1.0,0.0,0.537,0.0,0.0,0.0,0.0,0.0,-1.0,-1.05e-13,0.0,0.7137,0.2712,0.002674,0.0007305,0.006636,-1.0,0.01511,2.898,2.791,2.928,2.543
0.0152,0.01508,8.4,1.5499999523,2.5428511323,1.55,0.791,3.8769,4.297,1.0,0.0,0.537,0.0,0.0,0.0,0.0,0.0,-1.0,-9.49e-14,0.0,0.7138,0.2711,0.002674,0.0007303,0.006635,-1.0,0.01509,2.792,2.691,2.815,2.464
0.0152,0.01508,8.4,1.6000000238,2.5465340628,1.6,0.853,3.8898,4.3,1.0,0.0,0.537,0.0,0.0,0.0,0.0,0.0,-1.0,-7.16e-14,0.0,0.714,0.271,0.002673,0.00073,0.006632,-1.0,0.01508,2.636,2.545,2.651,2.35
0.0152,0.01508,8.4,1.6500000954,2.5499614852,1.649,0.913,3.9019,4.302,1.0,0.0,0.537,0.0,0.0,0.0,0.0,0.0,-1.0,-4.04e-14,0.0,0.714,0.2709,0.002672,0.0007298,0.006631,-1.0,0.01506,2.487,2.408,2.497,2.244
0.0152,0.01508,8.4,1.7000000477,2.5531580802,1.699,0.97,3.9131,4.303,1.0,0.0,0.537,0.0,0.0,0.0,0.0,0.0,-1.0,-9.999999999999999e-31,0.0,0.7142,0.2708,0.002671,0.0007297,0.006629,-1.0,0.01505,2.345,2.28,2.353,2.145
0.0152,0.01508,8.4,1.7065336704,2.553559904,1.706,0.977,3.9145,4.303,1.0,0.0,0.537,0.0,0.0,0.0,0.0,0.0,-1.0,-9.999999999999999e-31,0.0,0.7142,0.2708,0.002671,0.0007296,0.006628,-1.0,0.01505,2.327,2.264,2.335,2.132
0.0152,0.01508,8.4,1.75,2.5561455243,1.749,1.025,3.9234,4.301,1.0,0.0,0.537,0.0,0.0,0.0,0.0,0.0,-1.0,-9.999999999999999e-31,0.0,0.7142,0.2707,0.002671,0.0007295,0.006627,-1.0,0.01505,2.208,2.16,2.218,2.05
0.0152,0.01508,8.4,1.7999999523,2.5589429085,1.799,1.078,3.9328,4.298,1.0,0.0,0.537,0.0,0.0,0.0,0.0,0.0,-1.0,-9.999999999999999e-31,0.0,0.7143,0.2706,0.00267,0.0007293,0.006626,-1.0,0.01507,2.076,2.047,2.093,1.96
0.0152,0.01508,8.4,1.8293837309,2.560505073,1.828,1.108,3.938,4.296,1.0,0.0,0.537,0.0,0.0,0.0,0.0,0.0,-1.0,-9.999999999999999e-31,0.0,0.7144,0.2706,0.00267,0.0007292,0.006625,-1.0,0.01504,2.001,1.984,2.024,1.908
0.0152,0.01508,8.4,1.8500000238,2.5615671203,1.849,1.129,3.9415,4.294,1.0,0.0,0.537,0.0,0.0,0.0,0.0,0.0,-1.0,-9.999999999999999e-31,0.0,0.7144,0.2706,0.00267,0.0007292,0.006625,-1.0,0.01503,1.949,1.941,1.977,1.873
0.0152,0.01508,8.4,1.9000000954,2.5640331317,1.899,1.178,3.9497,4.289,1.0,0.0,0.537,0.0,0.0,0.0,0.0,0.0,-1.0,-9.999999999999999e-31,0.0,0.7144,0.2706,0.002669,0.0007291,0.006624,-1.0,0.01502,1.825,1.84,1.868,1.788
0.0152,0.01508,8.4,1.9500001669,2.5663542767,1.95,1.226,3.9573,4.283,1.0,0.0,0.537,0.0,0.0,0.0,0.0,0.0,-1.0,-9.999999999999999e-31,0.0,0.7144,0.2705,0.002669,0.000729,0.006623,-1.0,0.01505,1.704,1.744,1.765,1.705
0.0152,0.01508,8.4,1.9816025496,2.5677520731,1.982,1.256,3.9619,4.278,1.0,0.0,0.537,0.0,0.0,0.0,0.0,0.0,-1.0,-9.999999999999999e-31,0.0,0.7145,0.2705,0.002669,0.000729,0.006623,-1.0,0.01505,1.629,1.685,1.702,1.654
0.0152,0.01508,8.4,2.0,2.5685424513,2.0,1.274,3.9646,4.276,1.0,0.0,0.537,0.0,0.0,0.0,0.0,0.0,-1.0,-9.999999999999999e-31,0.0,0.7145,0.2705,0.002669,0.0007289,0.006622,-1.0,0.01506,1.586,1.652,1.666,1.625
0.0152,0.01508,8.4,2.0499999523,2.5706083333,2.05,1.32,3.9716,4.268,1.0,0.0,0.537,0.0,0.0,0.0,0.0,0.0,-1.0,-9.999999999999999e-31,0.0,0.7145,0.2704,0.002668,0.0007289,0.006622,-1.0,0.01506,1.47,1.562,1.571,1.546
0.0152,0.01508,8.4,2.0999999046,2.5725614918,2.099,1.365,3.9783,4.26,1.0,0.0,0.537,0.0,0.0,0.0,0.0,0.0,-1.0,-9.999999999999999e-31,0.0,0.7145,0.2704,0.002668,0.0007288,0.006622,-1.0,0.01504,1.356,1.476,1.48,1.469
0.0152,0.01508,8.4,2.1100246906,2.5729403026,2.109,1.374,3.9796,4.258,1.0,0.0,0.537,0.0,0.0,0.0,0.0,0.0,-1.0,-9.999999999999999e-31,0.0,0.7145,0.2704,0.002668,0.0007288,0.006621,-1.0,0.01504,1.334,1.459,1.461,1.454
0.0152,0.01508,8.4,2.1500000954,2.5744105556,2.149,1.41,3.9847,4.251,1.0,0.0,0.537,0.0,0.0,0.0,0.0,0.0,-1.0,-9.999999999999999e-31,0.0,0.7145,0.2704,0.002668,0.0007288,0.006621,-1.0,0.01506,1.245,1.391,1.391,1.393
0.0152,0.01508,8.4,2.2000000477,2.5761632879,2.199,1.454,3.9908,4.241,1.0,0.0,0.537,0.0,0.0,0.0,0.0,0.0,-1.0,-9.999999999999999e-31,0.0,0.7146,0.2704,0.002668,0.0007288,0.006621,-1.0,0.01507,1.135,1.308,1.303,1.317
0.0152,0.01508,8.4,2.2496607304,2.5778157366,2.248,1.497,3.9966,4.232,1.0,0.0,0.537,0.0,0.0,0.0,0.0,0.0,-1.0,-9.999999999999999e-31,0.0,0.7146,0.2704,0.002668,0.0007287,0.006621,-1.0,0.01506,1.028,1.227,1.219,1.243
0.0152,0.01508,8.4,2.25,2.5778267375,2.249,1.497,3.9967,4.231,1.0,0.0,0.537,0.0,0.0,0.0,0.0,0.0,-1.0,-9.999999999999999e-31,0.0,0.7146,0.2704,0.002668,0.0007287,0.006621,-1.0,0.01506,1.027,1.226,1.218,1.242
0.0152,0.01508,8.4,2.2999999523,2.5794072884,2.299,1.54,4.0023,4.221,1.0,0.0,0.537,0.0,0.0,0.0,0.0,0.0,-1.0,-9.999999999999999e-31,0.0,0.7146,0.2704,0.002668,0.0007287,0.00662,-1.0,0.01505,0.921,1.145,1.134,1.167
0.0152,0.01508,8.4,2.330183506,2.5803237549,2.329,1.565,4.0055,4.214,1.0,0.0,0.537,0.0,0.0,0.0,0.0,0.0,-1.0,-9.999999999999999e-31,0.0,0.7146,0.2704,0.002668,0.0007287,0.00662,-1.0,0.01504,0.857,1.097,1.083,1.122
0.0152,0.01508,8.4,2.4000000954,2.5823423892,2.399,1.623,4.0127,4.198,1.0,0.0,0.537,0.0,0.0,0.0,0.0,0.0,-1.0,-9.999999999999999e-31,0.0,0.7146,0.2704,0.002668,0.0007287,0.00662,-1.0,0.01505,0.712,0.985,0.968,1.018
0.0152,0.01508,8.4,2.4232113361,2.5829839478,2.422,1.642,4.0151,4.192,1.0,0.0,0.537,0.0,0.0,0.0,0.0,0.0,-1.0,-9.999999999999999e-31,0.0,0.7141,0.2709,0.002672,0.0007298,0.00663,-1.0,0.01508,0.664,0.948,0.93,0.984
0.0152,0.01508,8.4,2.5256388187,2.5856538216,2.525,1.725,4.025,4.167,1.0,0.0,0.537,0.0,0.0,0.0,0.0,0.0,-1.0,-9.999999999999999e-31,0.0,0.7114,0.2734,0.002693,0.0007354,0.006679,-1.0,0.01519,0.457,0.788,0.765,0.832
0.0152,0.01508,8.4,2.5999999046,2.5874412955,2.6,1.785,4.0316,4.147,1.0,0.0,0.538,0.0,0.0,0.0,0.0,0.0,-1.0,-9.999999999999999e-31,0.0,0.7092,0.2755,0.00271,0.0007399,0.00672,-1.0,0.01527,0.308,0.672,0.646,0.721
0.0152,0.01508,8.4,2.6170995235,2.5878358474,2.617,1.798,4.033,4.142,1.0,0.0,0.538,0.0,0.0,0.0,0.0,0.0,-1.0,-9.999999999999999e-31,0.0,0.7092,0.2755,0.00271,0.0007399,0.00672,-1.0,0.01527,0.274,0.645,0.618,0.696
0.0152,0.01508,8.4,2.6991238594,2.5896487933,2.699,1.863,4.0391,4.115,1.0,0.0,0.538,0.0,0.0,0.0,0.0,0.0,-1.0,-9.999999999999999e-31,0.0,0.7092,0.2755,0.00271,0.0007399,0.00672,-1.0,0.01527,0.113,0.513,0.484,0.568
0.0152,0.01508,8.4,2.7651965618,2.591019574,2.766,1.915,4.0434,4.091,1.0,0.0,0.538,0.0,0.0,0.0,0.0,0.0,-1.0,-9.999999999999999e-31,0.0,0.7092,0.2755,0.00271,0.0007399,0.00672,-1.0,0.01527,-0.017,0.404,0.373,0.463
0.0152,0.01508,8.4,2.8000001907,2.5917117867,2.8,1.942,4.0454,4.077,1.0,0.0,0.538,0.0,0.0,0.0,0.0,0.0,-1.0,-9.999999999999999e-31,0.0,0.7092,0.2755,0.00271,0.0007399,0.00672,-1.0,0.01527,-0.085,0.346,0.314,0.406
0.0152,0.01508,8.4,2.8309566975,2.5923110645,2.831,1.966,4.0471,4.064,1.0,0.0,0.538,0.0,0.0,0.0,0.0,0.0,-1.0,-9.999999999999999e-31,0.0,0.7092,0.2755,0.00271,0.0007399,0.00672,-1.0,0.01527,-0.146,0.294,0.261,0.355
0.0152,0.01508,8.4,2.8942918777,2.5934913417,2.895,2.016,4.0502,4.037,1.0,0.0,0.538,0.0,0.0,0.0,0.0,0.0,-1.0,-9.999999999999999e-31,0.0,0.7092,0.2755,0.00271,0.0007399,0.00672,-1.0,0.01527,-0.269,0.186,0.151,0.249
0.0152,0.01508,8.4,2.9524013996,2.594523168,2.953,2.061,4.0524,4.009,1.0,0.0,0.538,0.0,0.0,0.0,0.0,0.0,-1.0,-9.999999999999999e-31,0.0,0.7092,0.2755,0.00271,0.0007399,0.00672,-1.0,0.01527,-0.382,0.083,0.048,0.149
0.0152,0.01508,8.4,3.0,2.5953341962,3.0,2.098,4.0535,3.983,1.0,0.0,0.538,0.0,0.0,0.0,0.0,0.0,-1.0,-9.999999999999999e-31,0.0,0.7092,0.2755,0.00271,0.0007399,0.00672,-1.0,0.01527,-0.476,-0.005,-0.041,0.061
0.0152,0.01508,8.4,3.0056583881,2.5954286463,3.006,2.103,4.0537,3.98,1.0,0.0,0.538,0.0,0.0,0.0,0.0,0.0,-1.0,-9.999999999999999e-31,0.0,0.7092,0.2755,0.00271,0.0007399,0.00672,-1.0,0.01527,-0.487,-0.015,-0.051,0.051
0.0152,0.01508,8.4,3.0661153793,2.5964128249,3.066,2.15,4.0541,3.943,1.0,0.0,0.538,0.0,0.0,0.0,0.0,0.0,-1.0,-9.999999999999999e-31,0.0,0.7092,0.2755,0.00271,0.0007399,0.00672,-1.0,0.01527,-0.605,-0.132,-0.168,-0.065
0.0152,0.01508,8.4,3.125669241,2.5973396185,3.125,2.196,4.0536,3.903,1.0,0.0,0.538,0.0,0.0,0.0,0.0,0.0,-1.0,-9.999999999999999e-31,0.0,0.7092,0.2755,0.00271,0.0007399,0.00672,-1.0,0.01527,-0.721,-0.251,-0.287,-0.185
0.0152,0.01508,8.4,3.1750485897,2.59807783,3.174,2.235,4.052,3.865,1.0,0.0,0.538,0.0,0.0,0.0,0.0,0.0,-1.0,-9.999999999999999e-31,0.0,0.7092,0.2755,0.00271,0.0007399,0.00672,-1.0,0.01527,-0.818,-0.357,-0.392,-0.291
0.0152,0.01508,8.4,3.2000000477,2.5984409005,3.199,2.255,4.0507,3.843,1.0,0.0,0.538,0.0,0.0,0.0,0.0,0.0,-1.0,-9.999999999999999e-31,0.0,0.7092,0.2755,0.00271,0.0007399,0.00672,-1.0,0.01527,-0.868,-0.413,-0.448,-0.349
0.0152,0.01508,8.4,3.2445824146,2.5990736622,3.244,2.29,4.0475,3.801,1.0,0.0,0.538,0.0,0.0,0.0,0.0,0.0,-1.0,-9.999999999999999e-31,0.0,0.7092,0.2755,0.00271,0.0007399,0.00672,-1.0,0.01527,-0.956,-0.518,-0.552,-0.456
0.0152,0.01508,8.4,3.2943098545,2.5997562633,3.293,2.33,4.0425,3.748,1.0,0.0,0.538,0.0,0.0,0.0,0.0,0.0,-1.0,-9.999999999999999e-31,0.0,0.7092,0.2755,0.00271,0.0007399,0.00672,-1.0,0.01527,-1.055,-0.642,-0.675,-0.584
0.0152,0.01508,8.4,3.3359098434,2.6003093579,3.334,2.363,4.0365,3.696,1.0,0.0,0.538,0.0,0.0,0.0,0.0,0.0,-1.0,-9.999999999999999e-31,0.0,0.7092,0.2755,0.00271,0.0007399,0.00672,-1.0,0.01527,-1.138,-0.755,-0.785,-0.701
0.0152,0.01508,8.4,3.3707385063,2.6007603694,3.369,2.391,4.0299,3.646,1.0,0.0,0.538,0.0,0.0,0.0,0.0,0.0,-1.0,-9.999999999999999e-31,0.0,0.7092,0.2755,0.00271,0.0007399,0.00672,-1.0,0.01527,-1.208,-0.858,-0.886,-0.808
0.0152,0.01508,8.4,3.4000000954,2.6011310876,3.398,2.415,4.0234,3.6,1.0,0.0,0.538,0.0,0.0,0.0,0.0,0.0,-1.0,-9.999999999999999e-31,0.0,0.7092,0.2755,0.00271,0.0007399,0.00672,-1.0,0.01527,-1.267,-0.949,-0.974,-0.904
0.0152,0.01508,8.4,3.4238288403,2.6014275994,3.422,2.434,4.0176,3.561,1.0,0.0,0.538,0.0,0.0,0.0,0.0,0.0,-1.0,-9.999999999999999e-31,0.0,0.7092,0.2755,0.00271,0.0007399,0.00672,-1.0,0.01527,-1.315,-1.025,-1.048,-0.984
0.0152,0.01508,8.4,3.449804306,2.6017454634,3.448,2.456,4.01,3.512,1.0,0.0,0.538,0.0,0.0,0.0,0.0,0.0,-1.0,-9.999999999999999e-31,0.0,0.7092,0.2755,0.00271,0.0007399,0.00672,-1.0,0.01527,-1.369,-1.115,-1.135,-1.08
0.0152,0.01508,8.4,3.4765439034,2.6020669788,3.475,2.481,4.003,3.462,1.0,0.0,0.538,0.0,0.0,0.0,0.0,0.0,-1.0,-9.999999999999999e-31,0.0,0.7092,0.2755,0.00271,0.0007399,0.00672,-1.0,0.01527,-1.432,-1.211,-1.228,-1.181
0.0152,0.01508,8.4,3.4900569916,2.6022273061,3.488,2.496,4.0008,3.44,1.0,0.0,0.538,0.0,0.0,0.0,0.0,0.0,-1.0,-9.999999999999999e-31,0.0,0.7092,0.2755,0.00271,0.0007399,0.00672,-1.0,0.01527,-1.469,-1.258,-1.274,-1.23
0.0152,0.01508,8.4,3.5020673275,2.6023686101,3.5,2.522,4.0101,3.453,1.0,0.0,0.538,0.0,0.0,0.0,0.0,0.0,-1.0,-9.999999999999999e-31,0.0,0.7092,0.2755,0.00271,0.0007399,0.00672,-1.0,0.01527,-1.534,-1.28,-1.301,-1.244
0.0152,0.01508,8.4,3.5066003799,2.6024216531,3.504,2.538,4.019,3.472,1.0,0.0,0.538,0.0,0.0,0.0,0.0,0.0,-1.0,-9.999999999999999e-31,0.0,0.7092,0.2755,0.00271,0.0007399,0.00672,-1.0,0.01527,-1.575,-1.279,-1.304,-1.237
0.0152,0.01508,8.4,3.5085268021,2.6024441472,3.506,2.553,4.0285,3.496,1.0,0.0,0.538,0.0,0.0,0.0,0.0,0.0,-1.0,-9.999999999999999e-31,0.0,0.7092,0.2755,0.00271,0.0007399,0.00672,-1.0,0.01527,-1.613,-1.271,-1.299,-1.222
0.0152,0.01508,8.4,3.509522438,2.6024557617,3.507,2.568,4.0378,3.518,1.0,0.0,0.538,0.0,0.0,0.0,0.0,0.0,-1.0,-9.999999999999999e-31,0.0,0.7092,0.2755,0.00271,0.0007399,0.00672,-1.0,0.01527,-1.65,-1.264,-1.295,-1.208
0.0152,0.01508,8.4,3.5101437569,2.6024630058,3.508,2.585,4.0473,3.539,1.0,0.0,0.538,0.0,0.0,0.0,0.0,0.0,-1.0,-9.999999999999999e-31,0.0,0.7092,0.2755,0.00271,0.0007399,0.00672,-1.0,0.01527,-1.693,-1.26,-1.294,-1.198
0.0152,0.01508,8.4,3.5105445385,2.6024676771,3.508,2.605,4.0568,3.558,1.0,0.0,0.538,0.0,0.0,0.0,0.0,0.0,-1.0,-9.999999999999999e-31,0.0,0.7092,0.2755,0.00271,0.0007399,0.00672,-1.0,0.01527,-1.742,-1.261,-1.299,-1.193
0.0152,0.01508,8.4,3.5108375549,2.6024710915,3.509,2.621,4.0647,3.573,1.0,0.0,0.538,0.0,0.0,0.0,0.0,0.0,-1.0,-9.999999999999999e-31,0.0,0.7092,0.2755,0.00271,0.0007399,0.00672,-1.0,0.01527,-1.782,-1.261,-1.301,-1.188
0.0152,0.01508,8.4,3.5108873844,2.6024716721,3.509,2.623,4.0659,3.576,1.0,0.0,0.538,0.0,0.0,0.0,0.0,0.0,-1.0,-9.999999999999999e-31,0.0,0.7092,0.2755,0.00271,0.0007399,0.00672,-1.0,0.01527,-1.788,-1.26,-1.301,-1.187
0.0152,0.01508,8.4,3.5110089779,2.6024730887,3.509,2.599,4.06,3.577,2.0,0.0,0.538,0.0,0.0,0.0,0.0,0.0,-1.0,-9.999999999999999e-31,0.0,0.7092,0.2755,0.00271,0.0007399,0.00672,-1.0,0.01527,-1.727,-1.229,-1.268,-1.159
0.0152,0.01508,8.4,3.5111112595,2.6024742803,3.509,2.573,4.0518,3.569,2.0,0.0,0.538,0.0,0.0,0.0,0.0,0.0,-1.0,-9.999999999999999e-31,0.0,0.7092,0.2755,0.00271,0.0007399,0.00672,-1.0,0.01527,-1.663,-1.207,-1.243,-1.142
0.0152,0.01508,8.4,3.511200428,2.602475319,3.509,2.559,4.0427,3.547,2.0,0.0,0.538,0.0,0.0,0.0,0.0,0.0,-1.0,-9.999999999999999e-31,0.0,0.7092,0.2755,0.00271,0.0007399,0.00672,-1.0,0.01527,-1.627,-1.216,-1.249,-1.157
0.0152,0.01508,8.4,3.5113193989,2.6024767049,3.509,2.556,4.0311,3.504,2.0,0.0,0.538,0.0,0.0,0.0,0.0,0.0,-1.0,-9.999999999999999e-31,0.0,0.7092,0.2755,0.00271,0.0007399,0.00672,-1.0,0.01527,-1.62,-1.266,-1.295,-1.215
0.0152,0.01508,8.4,3.5114545822,2.6024782794,3.509,2.566,4.0195,3.447,2.0,0.0,0.538,0.0,0.0,0.0,0.0,0.0,-1.0,-9.999999999999999e-31,0.0,0.7092,0.2755,0.00271,0.0007399,0.00672,-1.0,0.01527,-1.644,-1.346,-1.371,-1.304
0.0152,0.01508,8.4,3.511605978,2.6024800426,3.509,2.578,4.0078,3.389,2.0,0.0,0.538,0.0,0.0,0.0,0.0,0.0,-1.0,-9.999999999999999e-31,0.0,0.7092,0.2755,0.00271,0.0007399,0.00672,-1.0,0.01527,-1.674,-1.432,-1.451,-1.398
0.0152,0.01508,8.4,3.5117714405,2.6024819694,3.51,2.587,3.996,3.332,2.0,0.0,0.538,0.0,0.0,0.0,0.0,0.0,-1.0,-9.999999999999999e-31,0.0,0.7092,0.2755,0.00271,0.0007399,0.00672,-1.0,0.01527,-1.697,-1.508,-1.523,-1.485
0.0152,0.01508,8.4,3.5119464397,2.6024840071,3.51,2.592,3.9842,3.28,2.0,0.0,0.538,0.0,0.0,0.0,0.0,0.0,-1.0,-9.999999999999999e-31,0.0,0.7092,0.2755,0.00271,0.0007399,0.00672,-1.0,0.01527,-1.711,-1.574,-1.583,-1.561
0.0152,0.01508,8.4,3.5121295452,2.6024861389,3.51,2.595,3.9723,3.23,2.0,0.0,0.538,0.0,0.0,0.0,0.0,0.0,-1.0,-9.999999999999999e-31,0.0,0.7092,0.2755,0.00271,0.0007399,0.00672,-1.0,0.01527,-1.717,-1.631,-1.634,-1.63
0.0152,0.01508,8.4,3.5123178959,2.6024883315,3.51,2.596,3.9604,3.181,2.0,0.0,0.538,0.0,0.0,0.0,0.0,0.0,-1.0,-9.999999999999999e-31,0.0,0.7092,0.2755,0.00271,0.0007399,0.00672,-1.0,0.01527,-1.719,-1.68,-1.676,-1.693
0.0152,0.01508,8.4,3.5125088692,2.6024905543,3.51,2.595,3.9485,3.135,2.0,0.0,0.538,0.0,0.0,0.0,0.0,0.0,-1.0,-9.999999999999999e-31,0.0,0.7092,0.2755,0.00271,0.0007399,0.00672,-1.0,0.01527,-1.717,-1.721,-1.709,-1.75
0.0152,0.01508,8.4,3.5126988888,2.6024927658,3.51,2.592,3.9366,3.089,2.0,0.0,0.538,0.0,0.0,0.0,0.0,0.0,-1.0,-9.999999999999999e-31,0.0,0.7092,0.2755,0.00271,0.0007399,0.00672,-1.0,0.01527,-1.711,-1.755,-1.733,-1.801
0.0152,0.01508,8.4,3.5128867626,2.602494952,3.511,2.589,3.9246,3.045,2.0,0.0,0.538,0.0,0.0,0.0,0.0,0.0,-1.0,-9.999999999999999e-31,0.0,0.7092,0.2755,0.00271,0.0007399,0.00672,-1.0,0.01527,-1.702,-1.778,-1.745,-1.846
0.0152,0.01508,8.4,3.5130689144,2.6024970714,3.511,2.584,3.9125,3.001,2.0,0.0,0.538,0.0,0.0,0.0,0.0,0.0,-1.0,-9.999999999999999e-31,0.0,0.7092,0.2755,0.00271,0.0007399,0.00672,-1.0,0.01527,-1.691,-1.793,-1.747,-1.885
0.0152,0.01508,8.4,3.5132448673,2.6024991184,3.511,2.579,3.9005,2.958,2.0,0.0,0.538,0.0,0.0,0.0,0.0,0.0,-1.0,-9.999999999999999e-31,0.0,0.7092,0.2755,0.00271,0.0007399,0.00672,-1.0,0.01527,-1.677,-1.801,-1.74,-1.919
0.0152,0.01508,8.4,3.5134129524,2.6025010737,3.511,2.573,3.8884,2.916,2.0,0.0,0.538,0.0,0.0,0.0,0.0,0.0,-1.0,-9.999999999999999e-31,0.0,0.7092,0.2755,0.00271,0.0007399,0.00672,-1.0,0.01527,-1.662,-1.801,-1.724,-1.949
0.0152,0.01508,8.4,3.5135731697,2.6025029372,3.511,2.566,3.8763,2.875,2.0,0.0,0.538,0.0,0.0,0.0,0.0,0.0,-1.0,-9.999999999999999e-31,0.0,0.7092,0.2755,0.00271,0.0007399,0.00672,-1.0,0.01527,-1.645,-1.795,-1.698,-1.976
0.0152,0.01508,8.4,3.5137245655,2.602504698,3.512,2.559,3.8642,2.834,2.0,0.0,0.538,0.0,0.0,0.0,0.0,0.0,-1.0,-9.999999999999999e-31,0.0,0.7092,0.2755,0.00271,0.0007399,0.00672,-1.0,0.01527,-1.627,-1.784,-1.667,-2.0
0.0152,0.01508,8.4,3.5138678551,2.6025063643,3.512,2.551,3.8521,2.793,2.0,0.0,0.538,0.0,0.0,0.0,0.0,0.0,-1.0,-9.999999999999999e-31,0.0,0.7092,0.2755,0.00271,0.0007399,0.00672,-1.0,0.01527,-1.607,-1.769,-1.631,-2.018
0.0152,0.01508,8.4,3.5140030384,2.6025079362,3.512,2.542,3.84,2.753,2.0,0.0,0.538,0.0,0.0,0.0,0.0,0.0,-1.0,-9.999999999999999e-31,0.0,0.7092,0.2755,0.00271,0.0007399,0.00672,-1.0,0.01527,-1.586,-1.75,-1.59,-2.033
0.0152,0.01508,8.4,3.5141303539,2.6025094165,3.512,2.533,3.828,2.714,2.0,0.0,0.538,0.0,0.0,0.0,0.0,0.0,-1.0,-9.999999999999999e-31,0.0,0.7092,0.2755,0.00271,0.0007399,0.00672,-1.0,0.01527,-1.563,-1.728,-1.546,-2.043
0.0152,0.01508,8.4,3.5142505169,2.6025108135,3.512,2.524,3.816,2.675,2.0,0.0,0.538,0.0,0.0,0.0,0.0,0.0,-1.0,-9.999999999999999e-31,0.0,0.7092,0.2755,0.00271,0.0007399,0.00672,-1.0,0.01527,-1.54,-1.702,-1.498,-2.048
0.0152,0.01508,8.4,3.5143637657,2.6025121301,3.512,2.514,3.804,2.637,2.0,0.0,0.538,0.0,0.0,0.0,0.0,0.0,-1.0,-9.999999999999999e-31,0.0,0.7092,0.2755,0.00271,0.0007399,0.00672,-1.0,0.01527,-1.515,-1.675,-1.446,-2.053
0.0152,0.01508,8.4,3.5144710541,2.6025133772,3.512,2.504,3.7922,2.6,2.0,0.0,0.538,0.0,0.0,0.0,0.0,0.0,-1.0,-9.999999999999999e-31,0.0,0.7092,0.2755,0.00271,0.0007399,0.00672,-1.0,0.01527,-1.49,-1.644,-1.39,-2.055
0.0152,0.01508,8.4,3.5145726204,2.6025145578,3.512,2.493,3.7808,2.566,2.0,0.0,0.538,0.0,0.0,0.0,0.0,0.0,-1.0,-9.999999999999999e-31,0.0,0.7092,0.2755,0.00271,0.0007399,0.00672,-1.0,0.01527,-1.463,-1.611,-1.331,-2.052
0.0152,0.01508,8.4,3.5146698952,2.6025156884,3.512,2.482,3.7701,2.534,2.0,0.0,0.538,0.0,0.0,0.0,0.0,0.0,-1.0,-9.999999999999999e-31,0.0,0.7092,0.2755,0.00271,0.0007399,0.00672,-1.0,0.01527,-1.435,-1.573,-1.268,-2.043
0.0152,0.01508,8.4,3.5147686005,2.6025168355,3.513,2.47,3.7599,2.506,2.0,0.0,0.538,0.0,0.0,0.0,0.0,0.0,-1.0,-9.999999999999999e-31,0.0,0.7092,0.2755,0.00271,0.0007399,0.00672,-1.0,0.01527,-1.404,-1.53,-1.202,-2.026
0.0152,0.01508,8.4,3.5148744583,2.6025180657,3.513,2.455,3.7502,2.481,2.0,0.0,0.538,0.0,0.0,0.0,0.0,0.0,-1.0,-9.999999999999999e-31,0.0,0.7092,0.2755,0.00271,0.0007399,0.00672,-1.0,0.01527,-1.368,-1.481,-1.131,-2.0
0.0152,0.01508,8.4,3.5149953365,2.6025194704,3.513,2.437,3.7411,2.464,2.0,0.0,0.538,0.0,0.0,0.0,0.0,0.0,-1.0,-9.999999999999999e-31,0.0,0.7092,0.2755,0.00271,0.0007399,0.00672,-1.0,0.01527,-1.321,-1.42,-1.051,-1.961
0.0152,0.01508,8.4,3.5151631832,2.6025214206,3.513,2.408,3.7307,2.451,2.0,0.0,0.538,0.0,0.0,0.0,0.0,0.0,-1.0,-9.999999999999999e-31,0.0,0.7092,0.2755,0.00271,0.0007399,0.00672,-1.0,0.01527,-1.25,-1.331,-0.938,-1.895
0.0152,0.01508,8.4,3.5153083801,2.6025231075,3.513,2.381,3.7228,2.446,2.0,0.0,0.538,0.0,0.0,0.0,0.0,0.0,-1.0,-9.999999999999999e-31,0.0,0.7092,0.2755,0.00271,0.0007399,0.00672,-1.0,0.01527,-1.183,-1.25,-0.839,-1.83
0.0152,0.01508,8.4,3.5154621601,2.602524894,3.513,2.353,3.7151,2.443,2.0,0.0,0.538,0.0,0.0,0.0,0.0,0.0,-1.0,-9.999999999999999e-31,0.0,0.7092,0.2755,0.00271,0.0007399,0.00672,-1.0,0.01527,-1.114,-1.164,-0.736,-1.762
0.0152,0.01508,8.4,3.5156290531,2.6025268326,3.513,2.33,3.7073,2.435,2.0,0.0,0.538,0.0,0.0,0.0,0.0,0.0,-1.0,-9.999999999999999e-31,0.0,0.7092,0.2755,0.00271,0.0007399,0.00672,-1.0,0.01527,-1.054,-1.087,-0.641,-1.702
0.0152,0.01508,8.4,3.515815258,2.6025289952,3.514,2.315,3.6989,2.416,2.0,0.0,0.538,0.0,0.0,0.0,0.0,0.0,-1.0,-9.999999999999999e-31,0.0,0.7092,0.2755,0.00271,0.0007399,0.00672,-1.0,0.01527,-1.018,-1.03,-0.563,-1.663
0.0152,0.01508,8.4,3.5160236359,2.6025314151,3.514,2.337,3.69,2.359,3.0,0.0,0.538,0.0,0.0,0.0,0.0,0.0,-1.0,-9.999999999999999e-31,0.0,0.7092,0.2755,0.00271,0.00074,0.00672,-1.0,0.01527,-1.072,-1.06,-0.57,-1.713
0.0152,0.01508,8.4,3.5161874294,2.602533317,3.514,2.368,3.6834,2.302,3.0,0.0,0.537,0.0,0.0,0.0,0.0,0.0,-1.0,-9.999999999999999e-31,0.0,0.7092,0.2756,0.002709,0.0007401,0.00672,-1.0,0.01527,-1.149,-1.117,-0.609,-1.785
0.0152,0.01508,8.4,3.5163495541,2.6025351993,3.514,2.406,3.6778,2.241,3.0,0.0,0.536,0.0,0.0,0.0,0.0,0.0,-1.0,-9.999999999999999e-31,0.0,0.7091,0.2756,0.002699,0.0007428,0.00672,-1.0,0.01527,-1.245,-1.195,-0.671,-1.877
0.0152,0.01508,8.4,3.5165567398,2.6025376045,3.514,2.453,3.672,2.171,3.0,0.0,0.526,0.0,0.0,0.0,0.0,0.0,-1.0,-9.999999999999999e-31,0.0,0.709,0.2757,0.002648,0.0007724,0.00672,-1.0,0.01527,-1.361,-1.292,-0.75,-1.987
0.0152,0.01508,8.4,3.5167689323,2.6025400674,3.515,2.49,3.6678,2.116,3.0,0.0,0.5,0.0,0.0,0.0,0.0,0.0,-1.0,-9.999999999999999e-31,0.0,0.7089,0.2758,0.002522,0.0008958,0.00672,-1.0,0.01528,-1.456,-1.371,-0.816,-2.077
0.0152,0.01508,8.4,3.5171084404,2.6025440075,3.515,2.541,3.6625,2.045,3.0,0.0,0.452,3.48,2.91,2.2,1.6,1.3,4.0,-9.999999999999999e-31,0.0,0.7087,0.276,0.002279,0.001178,0.00672,-1.0,0.01532,-1.582,-1.477,-0.905,-2.196
0.0152,0.01508,8.4,3.5171511173,2.6025445027,3.515,2.547,3.6618,2.036,3.0,0.0,0.447,3.54,2.96,2.23,1.62,1.32,4.0,-9.999999999999999e-31,0.0,0.7086,0.276,0.00225,0.001212,0.00672,-1.0,0.01533,-1.597,-1.49,-0.916,-2.21
0.0152,0.01508,8.4,3.5173285007,2.6025465608,3.515,2.57,3.6595,2.004,3.0,0.0,0.43,3.78,3.14,2.36,1.71,1.4,4.0,-9.999999999999999e-31,0.0,0.7085,0.2761,0.002164,0.001318,0.00672,-1.0,0.01536,-1.655,-1.538,-0.957,-2.264
0.0152,0.01508,8.4,3.517416954,2.6025475871,3.515,2.581,3.6584,1.988,3.0,0.0,0.422,3.9,3.23,2.43,1.76,1.44,4.0,-9.999999999999999e-31,0.0,0.7085,0.2761,0.002124,0.001368,0.00672,-1.0,0.01539,-1.683,-1.562,-0.978,-2.291
0.0152,0.01508,8.4,3.5177397728,2.6025513319,3.516,2.623,3.6544,1.931,3.0,0.0,0.4,4.39,3.58,2.68,1.95,1.59,4.0,-9.999999999999999e-31,0.0,0.7083,0.2764,0.002017,0.001501,0.006719,-1.0,0.01537,-1.788,-1.65,-1.053,-2.389
0.0152,0.01508,8.4,3.518021822,2.6025546031,3.516,2.66,3.6511,1.88,3.0,0.0,0.388,4.86,3.93,2.93,2.13,1.74,4.0,-9.999999999999999e-31,0.0,0.7079,0.2767,0.00195,0.001597,0.006702,-1.0,0.01541,-1.88,-1.728,-1.12,-2.474
0.0152,0.01508,8.4,3.5183444023,2.6025583436,3.516,2.702,3.6474,1.823,3.0,0.0,0.382,5.46,4.35,3.23,2.35,1.92,4.0,-9.999999999999999e-31,0.0,0.7058,0.2788,0.001891,0.00176,0.006598,-1.0,0.01541,-1.985,-1.817,-1.197,-2.572
0.0152,0.01508,8.4,3.518707037,2.6025625477,3.516,2.75,3.6434,1.76,3.0,0.0,0.38,6.21,4.88,3.6,2.63,2.15,4.0,-9.999999999999999e-31,0.0,0.7014,0.2833,0.001834,0.001967,0.00644,-1.0,0.01538,-2.104,-1.917,-1.286,-2.681
0.0152,0.01508,8.4,3.51906991,2.6025667535,3.517,2.798,3.6395,1.697,3.0,0.0,0.379,7.07,5.47,4.02,2.94,2.41,4.0,-9.999999999999999e-31,0.0,0.6956,0.289,0.001788,0.002154,0.006293,-1.0,0.01537,-2.224,-2.019,-1.376,-2.791
0.0152,0.01508,8.4,3.519392252,2.6025704887,3.517,2.841,3.6361,1.64,3.0,0.0,0.378,7.93,6.06,4.43,3.25,2.66,4.0,-9.999999999999999e-31,0.0,0.6904,0.2942,0.001756,0.002289,0.006185,-1.0,0.01537,-2.332,-2.11,-1.456,-2.89
0.0152,0.01508,8.4,3.5196740627,2.6025737536,3.517,2.879,3.6331,1.589,3.0,0.0,0.378,8.79,6.64,4.84,3.55,2.9,4.0,-9.999999999999999e-31,0.0,0.6861,0.2985,0.001734,0.002383,0.006109,-1.0,0.01537,-2.428,-2.19,-1.527,-2.976
0.0152,0.01508,8.4,3.5199561119,2.6025770207,3.518,2.918,3.63,1.538,3.0,0.0,0.378,9.76,7.29,5.28,3.88,3.18,4.0,-9.999999999999999e-31,0.0,0.6824,0.3022,0.001716,0.002456,0.00605,-1.0,0.01535,-2.525,-2.271,-1.6,-3.064
0.0152,0.01508,8.4,3.5202355385,2.6025802568,3.518,2.957,3.6268,1.487,3.0,0.0,0.378,10.83,8.0,5.77,4.25,3.48,4.0,-9.999999999999999e-31,0.0,0.6795,0.3051,0.001703,0.00251,0.006006,-1.0,0.01535,-2.622,-2.35,-1.668,-3.15
0.0152,0.01508,8.4,3.5205578804,2.6025839892,3.518,2.984,3.6246,1.451,3.0,0.0,0.378,11.66,8.54,6.15,4.53,3.71,4.0,-9.999999999999999e-31,0.0,0.6776,0.3071,0.001695,0.002545,0.005978,-1.0,0.01535,-2.691,-2.406,-1.715,-3.213
0.0152,0.01508,8.4,3.5208926201,2.6025878643,3.519,3.006,3.6228,1.422,3.0,0.0,0.378,12.37,9.0,6.46,4.76,3.9,4.0,-9.999999999999999e-31,0.0,0.676,0.3087,0.001688,0.002573,0.005955,-1.0,0.01535,-2.745,-2.451,-1.753,-3.262
0.0152,0.01508,8.4,3.521720171,2.6025974408,3.519,2.995,3.6238,1.437,3.0,0.0,0.378,11.99,8.76,6.3,4.64,3.8,4.0,-9.999999999999999e-31,0.0,0.676,0.3087,0.001688,0.002573,0.005955,-1.0,0.01535,-2.718,-2.43,-1.735,-3.238
0.0152,0.01508,8.4,3.5236983299,2.6026203112,3.521,2.963,3.6268,1.481,4.0,0.0,0.378,0.0,0.0,0.0,0.0,0.0,-1.0,-9.999999999999999e-31,0.0,0.676,0.3087,0.001688,0.002573,0.005955,-1.0,0.01535,-2.638,-2.367,-1.684,-3.167
0.0152,0.01508,8.4,3.525480032,2.602640885,3.523,2.927,3.6301,1.53,4.0,0.0,0.378,0.0,0.0,0.0,0.0,0.0,-1.0,-9.999999999999999e-31,0.0,0.676,0.3087,0.001688,0.002573,0.005955,-1.0,0.01535,-2.547,-2.294,-1.623,-3.086
0.0152,0.01508,8.4,3.5267271996,2.6026552722,3.524,2.894,3.633,1.575,4.0,0.0,0.378,0.0,0.0,0.0,0.0,0.0,-1.0,-9.999999999999999e-31,0.0,0.676,0.3087,0.001689,0.002573,0.005955,-1.0,0.01535,-2.466,-2.227,-1.565,-3.013
0.0152,0.01508,8.4,3.5277569294,2.6026671423,3.525,2.862,3.6358,1.618,4.0,0.0,0.378,0.0,0.0,0.0,0.0,0.0,-1.0,-9.999999999999999e-31,0.0,0.676,0.3087,0.001689,0.002573,0.005955,-1.0,0.01535,-2.386,-2.162,-1.507,-2.942
0.0152,0.01508,8.4,3.528854847,2.6026797896,3.527,2.825,3.639,1.668,4.0,0.0,0.378,0.0,0.0,0.0,0.0,0.0,-1.0,-9.999999999999999e-31,0.0,0.676,0.3087,0.001689,0.002573,0.005955,-1.0,0.01535,-2.293,-2.086,-1.441,-2.858
0.0152,0.01508,8.4,3.5297749043,2.602690381,3.527,2.792,3.6419,1.713,4.0,0.0,0.378,0.0,0.0,0.0,0.0,0.0,-1.0,-9.999999999999999e-31,0.0,0.676,0.3087,0.001689,0.002573,0.005955,-1.0,0.01535,-2.211,-2.017,-1.381,-2.784
0.0152,0.01508,8.4,3.5307347775,2.6027014241,3.528,2.757,3.645,1.761,4.0,0.0,0.378,0.0,0.0,0.0,0.0,0.0,-1.0,-9.999999999999999e-31,0.0,0.676,0.3087,0.001689,0.002573,0.005955,-1.0,0.01535,-2.122,-1.943,-1.317,-2.703
0.0152,0.01508,8.4,3.531722784,2.6027127836,3.529,2.721,3.6482,1.81,4.0,0.0,0.378,0.0,0.0,0.0,0.0,0.0,-1.0,-9.999999999999999e-31,0.0,0.676,0.3087,0.001689,0.002573,0.005955,-1.0,0.01535,-2.031,-1.867,-1.25,-2.619
0.0152,0.01508,8.4,3.5327692032,2.6027248068,3.53,2.683,3.6515,1.86,4.0,0.0,0.378,0.0,0.0,0.0,0.0,0.0,-1.0,-9.999999999999999e-31,0.0,0.676,0.3086,0.001689,0.002573,0.005955,-1.0,0.01535,-1.938,-1.788,-1.182,-2.534
0.0152,0.01508,8.4,3.5339369774,2.6027382146,3.532,2.645,3.6549,1.913,4.0,0.0,0.378,0.0,0.0,0.0,0.0,0.0,-1.0,-9.999999999999999e-31,0.0,0.676,0.3086,0.001689,0.002573,0.005954,-1.0,0.01535,-1.842,-1.706,-1.111,-2.443
0.0152,0.01508,8.4,3.5352766514,2.6027535836,3.533,2.605,3.6586,1.967,4.0,0.0,0.378,0.0,0.0,0.0,0.0,0.0,-1.0,-9.999999999999999e-31,0.0,0.676,0.3086,0.001689,0.002573,0.005954,-1.0,0.01535,-1.743,-1.623,-1.039,-2.351
0.0152,0.01508,8.4,3.5373215675,2.6027770174,3.535,2.556,3.6633,2.036,4.0,0.0,0.378,0.0,0.0,0.0,0.0,0.0,-1.0,-9.999999999999999e-31,0.0,0.676,0.3086,0.001689,0.002573,0.005954,-1.0,0.01535,-1.62,-1.518,-0.949,-2.235
0.0152,0.01508,8.4,3.5394327641,2.602801178,3.537,2.517,3.6674,2.091,4.0,0.0,0.378,0.0,0.0,0.0,0.0,0.0,-1.0,-9.999999999999999e-31,0.0,0.676,0.3086,0.001689,0.002573,0.005954,-1.0,0.01535,-1.523,-1.437,-0.88,-2.143
0.0152,0.01508,8.4,3.5426871777,2.6028383569,3.54,2.477,3.6724,2.151,4.0,0.0,0.378,0.0,0.0,0.0,0.0,0.0,-1.0,-9.999999999999999e-31,0.0,0.676,0.3086,0.001689,0.002573,0.005954,-1.0,0.01535,-1.423,-1.355,-0.814,-2.05
0.0152,0.01508,8.4,3.5479767323,2.6028986182,3.546,2.447,3.6784,2.206,4.0,0.0,0.378,0.0,0.0,0.0,0.0,0.0,-1.0,-9.999999999999999e-31,0.0,0.676,0.3086,0.001689,0.002574,0.005954,-1.0,0.01536,-1.348,-1.3,-0.777,-1.981
0.0152,0.01508,8.4,3.5520398617,2.6029447672,3.55,2.437,3.6825,2.233,4.0,0.0,0.378,0.0,0.0,0.0,0.0,0.0,-1.0,-9.999999999999999e-31,0.0,0.676,0.3086,0.001689,0.002574,0.005953,-1.0,0.01536,-1.322,-1.288,-0.776,-1.959
0.0152,0.01508,8.4,3.570905447,2.6031574615,3.568,2.469,3.6872,2.222,5.0,0.0,0.378,0.0,0.0,0.0,0.0,0.0,-1.0,-9.999999999999999e-31,0.0,0.6761,0.3085,0.00169,0.002574,0.005952,-1.0,0.01536,-1.402,-1.383,-0.883,-2.043
0.0152,0.01508,8.4,3.6000001431,2.6034804607,3.598,2.514,3.6885,2.186,5.0,0.0,0.379,0.0,0.0,0.0,0.0,0.0,-1.0,-9.999999999999999e-31,0.0,0.6762,0.3085,0.00169,0.002575,0.00595,-1.0,0.01537,-1.514,-1.499,-1.002,-2.157
0.0152,0.01508,8.4,3.6289811134,2.6037962832,3.627,2.559,3.6888,2.146,5.0,0.0,0.379,0.0,0.0,0.0,0.0,0.0,-1.0,-9.999999999999999e-31,0.0,0.6763,0.3084,0.001691,0.002575,0.005949,-1.0,0.01536,-1.627,-1.613,-1.116,-2.271
0.0152,0.01508,8.4,3.6425085068,2.6039417223,3.64,2.579,3.6887,2.127,5.0,0.0,0.379,0.0,0.0,0.0,0.0,0.0,-1.0,-9.999999999999999e-31,0.0,0.6763,0.3083,0.001691,0.002575,0.005949,-1.0,0.01536,-1.679,-1.665,-1.167,-2.323
0.0152,0.01508,8.4,3.6834685802,2.6043746206,3.681,2.614,3.6804,2.063,6.0,0.0,0.379,0.0,0.0,0.0,0.0,0.0,-1.0,-9.999999999999999e-31,0.0,0.6765,0.3082,0.001692,0.002576,0.005948,-1.0,0.01535,-1.766,-1.726,-1.206,-2.403
0.0152,0.01508,8.4,3.6931416988,2.6044752431,3.691,2.62,3.6778,2.048,6.0,0.0,0.379,0.0,0.0,0.0,0.0,0.0,-1.0,-9.999999999999999e-31,0.0,0.6765,0.3082,0.001692,0.002576,0.005947,-1.0,0.01534,-1.781,-1.733,-1.205,-2.416
0.0152,0.01508,8.4,3.7048494816,2.604596223,3.703,2.637,3.6694,1.999,6.0,0.0,0.379,0.0,0.0,0.0,0.0,0.0,-1.0,-9.999999999999999e-31,0.0,0.6765,0.3081,0.001692,0.002576,0.005947,-1.0,0.01534,-1.823,-1.745,-1.193,-2.448
0.0152,0.01508,8.4,3.7079176903,2.6046277824,3.706,2.667,3.6631,1.944,6.0,0.0,0.379,0.0,0.0,0.0,0.0,0.0,-1.0,-9.999999999999999e-31,0.0,0.6766,0.3081,0.001692,0.002576,0.005947,-1.0,0.01534,-1.899,-1.797,-1.226,-2.515
