Zini,MH,logAge,Mini,int_IMF,Mass,LogL,LogTe,logg,label,McoreTP,C_O,period0,period1,period2,period3,period4,pmode,Mloss,tau1m,X,Y,Xc,Xn,Xo,Cexcess,Z,mbolmag,Gmag,G_BPmag,G_RPmag
0.0152,0.01508,8.7,0.0900000036,1.0816895926,0.09,-3.268,3.3747,5.112,0.0,0.0,0.545,0.0,0.0,0.0,0.0,0.0,-1.0,-6.34e-17,0.0,0.7092,0.2755,0.002746,0.0007408,0.006719,-1.0,0.01527,12.941,14.991,17.876,13.503
0.0152,0.01508,8.7,0.0900000036,1.0816895926,0.09,-3.268,3.3747,5.112,0.0,0.0,0.545,0.0,0.0,0.0,0.0,0.0,-1.0,-6.34e-17,0.0,0.7092,0.2755,0.002746,0.0007408,0.006719,-1.0,0.01527,12.941,14.991,17.876,13.503
0.0152,0.01508,8.7,0.0930345431,1.1101380049,0.093,-3.235,3.3804,5.115,0.0,0.0,0.545,0.0,0.0,0.0,0.0,0.0,-1.0,-6.7e-17,0.0,0.7092,0.2755,0.002746,0.0007408,0.006719,-1.0,0.01527,12.857,14.906,17.793,13.419
0.0152,0.01508,8.7,0.0949525759,1.1275044434,0.095,-3.212,3.3841,5.116,0.0,0.0,0.545,0.0,0.0,0.0,0.0,0.0,-1.0,-6.97e-17,0.0,0.7092,0.2755,0.002746,0.0007408,0.006719,-1.0,0.01527,12.8,14.85,17.737,13.362
0.0152,0.01508,8.7,0.1000000015,1.1711064122,0.1,-3.151,3.3938,5.116,0.0,0.0,0.545,0.0,0.0,0.0,0.0,0.0,-1.0,-7.84e-17,0.0,0.7092,0.2756,0.002746,0.0007408,0.006719,-1.0,0.01527,12.647,14.697,17.584,13.209
0.0152,0.01508,8.7,0.1077303663,1.2326168238,0.108,-3.069,3.4058,5.114,0.0,0.0,0.545,0.0,0.0,0.0,0.0,0.0,-1.0,-9.15e-17,0.0,0.7091,0.2756,0.002746,0.0007408,0.006719,-1.0,0.01527,12.442,14.491,17.378,13.004
0.0152,0.01508,8.7,0.1200000122,1.3193155232,0.12,-2.931,3.4247,5.098,0.0,0.0,0.545,0.0,0.0,0.0,0.0,0.0,-1.0,-1.21e-16,0.0,0.7091,0.2756,0.002746,0.0007408,0.006719,-1.0,0.01527,12.097,14.04,16.776,12.578
0.0152,0.01508,8.7,0.1400000006,1.4384526719,0.14,-2.766,3.4434,5.075,0.0,0.0,0.545,0.0,0.0,0.0,0.0,0.0,-1.0,-1.68e-16,0.0,0.7091,0.2756,0.002746,0.0007408,0.006719,-1.0,0.01527,11.685,13.376,15.777,11.973
0.0152,0.01508,8.7,0.1501587033,1.4907977833,0.15,-2.701,3.4501,5.068,0.0,0.0,0.545,0.0,0.0,0.0,0.0,0.0,-1.0,-1.9e-16,0.0,0.7091,0.2757,0.002746,0.0007408,0.006719,-1.0,0.01527,11.523,13.127,15.416,11.746
0.0152,0.01508,8.7,0.1599999964,1.5372931554,0.16,-2.638,3.4565,5.058,0.0,0.0,0.545,0.0,0.0,0.0,0.0,0.0,-1.0,-2.15e-16,0.0,0.709,0.2757,0.002746,0.0007408,0.006719,-1.0,0.01527,11.364,12.888,15.066,11.529
0.0152,0.01508,8.7,0.1933824122,1.6709334311,0.193,-2.468,3.4723,5.034,0.0,0.0,0.545,0.0,0.0,0.0,0.0,0.0,-1.0,-2.97e-16,0.0,0.709,0.2757,0.002746,0.0007408,0.006719,-1.0,0.01527,10.941,12.281,14.213,10.975
0.0152,0.01508,8.7,0.200000003,1.6938790862,0.2,-2.436,3.4751,5.028,0.0,0.0,0.545,0.0,0.0,0.0,0.0,0.0,-1.0,-3.16e-16,0.0,0.709,0.2757,0.002746,0.0007408,0.006719,-1.0,0.01527,10.861,12.169,14.06,10.872
0.0152,0.01508,8.7,0.25,1.8403257998,0.25,-2.236,3.4916,4.99,0.0,0.0,0.545,0.0,0.0,0.0,0.0,0.0,-1.0,-4.69e-16,0.0,0.709,0.2758,0.002746,0.0007408,0.006719,-1.0,0.01527,10.359,11.49,13.149,10.252
0.0152,0.01508,8.7,0.3000000119,1.9529139769,0.3,-2.081,3.5025,4.959,0.0,0.0,0.545,0.0,0.0,0.0,0.0,0.0,-1.0,-6.33e-16,0.0,0.7089,0.2759,0.002746,0.0007408,0.006719,-1.0,0.01527,9.974,11.006,12.544,9.803
0.0152,0.01508,8.7,0.3500000238,2.0434175133,0.35,-1.934,3.5132,4.921,0.0,0.0,0.545,0.0,0.0,0.0,0.0,0.0,-1.0,-8.58e-16,0.0,0.7092,0.2755,0.002746,0.0007408,0.006719,-1.0,0.01527,9.606,10.551,11.984,9.381
0.0152,0.01508,8.7,0.4000000358,2.118502481,0.4,-1.784,3.5244,4.874,0.0,0.0,0.545,0.0,0.0,0.0,0.0,0.0,-1.0,-1.2e-15,0.0,0.7092,0.2755,0.002746,0.0007408,0.006719,-1.0,0.01527,9.231,10.091,11.427,8.956
0.0152,0.01508,8.7,0.4500000477,2.1822809714,0.45,-1.632,3.5361,4.82,0.0,0.0,0.545,0.0,0.0,0.0,0.0,0.0,-1.0,-1.7e-15,0.0,0.7092,0.2755,0.002746,0.0007408,0.006719,-1.0,0.01527,8.851,9.633,10.881,8.531
0.0152,0.01508,8.7,0.5,2.2374541529,0.5,-1.477,3.5506,4.768,0.0,0.0,0.545,0.0,0.0,0.0,0.0,0.0,-1.0,-2.45e-15,0.0,0.7092,0.2755,0.002746,0.0007408,0.006719,-1.0,0.01527,8.462,9.154,10.306,8.093
0.0152,0.01508,8.7,0.5500000119,2.2836582633,0.55,-1.316,3.57,4.726,0.0,0.0,0.545,0.0,0.0,0.0,0.0,0.0,-1.0,-3.55e-15,0.0,0.7103,0.2745,0.002736,0.0007381,0.006694,-1.0,0.01521,8.06,8.632,9.663,7.627
0.0152,0.01508,8.7,0.6000000238,2.3211213258,0.6,-1.155,3.593,4.695,0.0,0.0,0.545,0.0,0.0,0.0,0.0,0.0,-1.0,-5.1e-15,0.0,0.7105,0.2744,0.002734,0.0007377,0.006691,-1.0,0.01518,7.658,8.102,9.011,7.162
0.0152,0.01508,8.7,0.6499999762,2.3520353107,0.65,-0.997,3.6187,4.675,0.0,0.0,0.545,0.0,0.0,0.0,0.0,0.0,-1.0,-7.22e-15,0.0,0.7106,0.2741,0.002733,0.0007373,0.006687,-1.0,0.01523,7.262,7.582,8.376,6.71
0.0152,0.01508,8.7,0.7000000477,2.3779267258,0.7,-0.844,3.6457,4.662,0.0,0.0,0.545,0.0,0.0,0.0,0.0,0.0,-1.0,-1.01e-14,0.0,0.7108,0.274,0.002731,0.0007369,0.006684,-1.0,0.01523,6.88,7.069,7.744,6.275
0.0152,0.01508,8.7,0.7087618709,2.3820333783,0.709,-0.817,3.6504,4.659,0.0,0.0,0.543,0.0,0.0,0.0,0.0,0.0,-1.0,-1.06e-14,0.0,0.711,0.2738,0.002723,0.0007363,0.00668,-1.0,0.01524,6.813,6.98,7.635,6.2
0.0152,0.01508,8.7,0.75,2.3998889087,0.75,-0.698,3.674,4.659,0.0,0.0,0.538,0.0,0.0,0.0,0.0,0.0,-1.0,-1.36e-14,0.0,0.711,0.2738,0.002694,0.0007356,0.006682,-1.0,0.01521,6.516,6.58,7.145,5.867
0.0152,0.01508,8.7,0.8000000119,2.4187244405,0.8,-0.568,3.6941,4.638,0.0,0.0,0.537,0.0,0.0,0.0,0.0,0.0,-1.0,-1.82e-14,0.0,0.7112,0.2736,0.002692,0.0007351,0.006677,-1.0,0.01519,6.191,6.189,6.69,5.528
0.0152,0.01508,8.7,0.8500000238,2.435034684,0.85,-0.445,3.7129,4.615,1.0,0.0,0.537,0.0,0.0,0.0,0.0,0.0,-1.0,-2.41e-14,0.0,0.7115,0.2733,0.002689,0.0007344,0.006671,-1.0,0.01512,5.882,5.831,6.281,5.215
0.0152,0.01508,8.7,0.9000000358,2.4492786175,0.899,-0.327,3.7301,4.591,1.0,0.0,0.537,0.0,0.0,0.0,0.0,0.0,-1.0,-3.15e-14,0.0,0.7119,0.273,0.002686,0.0007336,0.006664,-1.0,0.01518,5.588,5.503,5.913,4.926
0.0152,0.01508,8.7,0.9332133532,2.4577763173,0.933,-0.252,3.7404,4.573,1.0,0.0,0.537,0.0,0.0,0.0,0.0,0.0,-1.0,-3.76e-14,0.0,0.7122,0.2727,0.002684,0.0007329,0.006658,-1.0,0.01515,5.399,5.298,5.682,4.744
0.0152,0.01508,8.7,0.9500000477,2.4618122009,0.95,-0.215,3.7455,4.564,1.0,0.0,0.537,0.0,0.0,0.0,0.0,0.0,-1.0,-4.1e-14,0.0,0.7124,0.2725,0.002682,0.0007326,0.006655,-1.0,0.01514,5.307,5.199,5.572,4.658
0.0152,0.01508,8.7,1.0,2.4729154477,1.0,-0.106,3.7596,4.535,1.0,0.0,0.537,0.0,0.0,0.0,0.0,0.0,-1.0,-5.3e-14,0.0,0.713,0.2719,0.002678,0.0007312,0.006642,-1.0,0.01511,5.036,4.916,5.256,4.408
0.0152,0.01508,8.7,1.0499999523,2.482811486,1.05,-0.002,3.7723,4.502,1.0,0.0,0.537,0.0,0.0,0.0,0.0,0.0,-1.0,-6.34e-14,0.0,0.7139,0.2711,0.00267,0.0007292,0.006624,-1.0,0.01503,4.776,4.65,4.962,4.172
0.0152,0.01508,8.7,1.1000000238,2.491680148,1.099,0.097,3.7837,4.469,1.0,0.0,0.537,0.0,0.0,0.0,0.0,0.0,-1.0,-7.48e-14,0.0,0.7154,0.2696,0.002658,0.0007259,0.006594,-1.0,0.01499,4.526,4.398,4.684,3.948
0.0152,0.01508,8.7,1.1214715242,2.4952106682,1.121,0.139,3.7883,4.454,1.0,0.0,0.537,0.0,0.0,0.0,0.0,0.0,-1.0,-7.99e-14,0.0,0.7162,0.2688,0.002651,0.0007241,0.006578,-1.0,0.01494,4.422,4.294,4.57,3.855
0.0152,0.01508,8.7,1.1499999762,2.4996678137,1.149,0.193,3.7942,4.434,1.0,0.0,0.537,0.0,0.0,0.0,0.0,0.0,-1.0,-8.71e-14,0.0,0.7175,0.2676,0.002641,0.0007214,0.006555,-1.0,0.01489,4.287,4.158,4.423,3.734
0.0152,0.01508,8.7,1.2000000477,2.5068948796,1.199,0.285,3.8041,4.4,1.0,0.0,0.537,0.0,0.0,0.0,0.0,0.0,-1.0,-9.95e-14,0.0,0.7176,0.2675,0.002644,0.0007223,0.006563,-1.0,0.01492,4.056,3.929,4.174,3.529
0.0152,0.01508,8.7,1.25,2.5134610955,1.25,0.373,3.8135,4.368,1.0,0.0,0.537,0.0,0.0,0.0,0.0,0.0,-1.0,-1.12e-13,0.0,0.7177,0.2673,0.002644,0.0007224,0.006564,-1.0,0.01492,3.837,3.713,3.939,3.335
0.0152,0.01508,8.7,1.2999999523,2.5194498592,1.3,0.456,3.8226,4.338,1.0,0.0,0.537,0.0,0.0,0.0,0.0,0.0,-1.0,-1.22e-13,0.0,0.7179,0.2671,0.002643,0.000722,0.00656,-1.0,0.01493,3.629,3.506,3.717,3.15
0.0152,0.01508,8.7,1.3500001431,2.5249313723,1.35,0.535,3.8318,4.312,1.0,0.0,0.537,0.0,0.0,0.0,0.0,0.0,-1.0,-1.29e-13,0.0,0.7178,0.2673,0.002644,0.0007223,0.006564,-1.0,0.01492,3.432,3.31,3.505,2.975
0.0152,0.01508,8.7,1.4000000954,2.5299650415,1.4,0.61,3.8412,4.291,1.0,0.0,0.537,0.0,0.0,0.0,0.0,0.0,-1.0,-1.33e-13,0.0,0.7178,0.2673,0.002643,0.0007223,0.006563,-1.0,0.0149,3.244,3.125,3.305,2.813
0.0152,0.01508,8.7,1.4500000477,2.5346015836,1.45,0.682,3.8516,4.276,1.0,0.0,0.537,0.0,0.0,0.0,0.0,0.0,-1.0,-1.3e-13,0.0,0.718,0.2671,0.002642,0.0007218,0.006559,-1.0,0.01491,3.066,2.95,3.113,2.662
0.0152,0.01508,8.7,1.5,2.5388844597,1.5,0.751,3.8635,4.269,1.0,0.0,0.537,0.0,0.0,0.0,0.0,0.0,-1.0,-1.21e-13,0.0,0.7182,0.2669,0.00264,0.0007213,0.006555,-1.0,0.01491,2.893,2.783,2.927,2.524
0.0152,0.01508,8.7,1.509042263,2.539624228,1.509,0.763,3.8659,4.269,1.0,0.0,0.537,0.0,0.0,0.0,0.0,0.0,-1.0,-1.18e-13,0.0,0.7182,0.2669,0.00264,0.0007212,0.006554,-1.0,0.01491,2.862,2.753,2.894,2.5
0.0152,0.01508,8.7,1.5499999523,2.5428511323,1.55,0.818,3.8761,4.267,1.0,0.0,0.537,0.0,0.0,0.0,0.0,0.0,-1.0,-1.04e-13,0.0,0.7184,0.2667,0.002638,0.0007209,0.006551,-1.0,0.01491,2.726,2.623,2.748,2.395
0.0152,0.01508,8.7,1.5862004757,2.5455442667,1.586,0.864,3.8848,4.265,1.0,0.0,0.537,0.0,0.0,0.0,0.0,0.0,-1.0,-8.57e-14,0.0,0.7186,0.2666,0.002637,0.0007206,0.006548,-1.0,0.01487,2.61,2.513,2.625,2.307
0.0152,0.01508,8.7,1.6000000238,2.5465340628,1.6,0.882,3.888,4.265,1.0,0.0,0.537,0.0,0.0,0.0,0.0,0.0,-1.0,-7.96e-14,0.0,0.7186,0.2665,0.002637,0.0007205,0.006547,-1.0,0.01486,2.566,2.472,2.58,2.274
0.0152,0.01508,8.7,1.6500000954,2.5499614852,1.649,0.943,3.8986,4.259,1.0,0.0,0.537,0.0,0.0,0.0,0.0,0.0,-1.0,-4.54e-14,0.0,0.7187,0.2663,0.002636,0.0007202,0.006545,-1.0,0.01492,2.414,2.329,2.421,2.158
0.0152,0.01508,8.7,1.6933437586,2.5527450433,1.692,0.994,3.9068,4.252,1.0,0.0,0.537,0.0,0.0,0.0,0.0,0.0,-1.0,-1.55e-28,0.0,0.7189,0.2663,0.002635,0.00072,0.006543,-1.0,0.01485,2.286,2.211,2.291,2.062
0.0152,0.01508,8.7,1.7000000477,2.5531580802,1.699,1.001,3.908,4.251,1.0,0.0,0.537,0.0,0.0,0.0,0.0,0.0,-1.0,-9.999999999999999e-31,0.0,0.7189,0.2663,0.002635,0.00072,0.006543,-1.0,0.01484,2.267,2.193,2.272,2.047
0.0152,0.01508,8.7,1.75,2.5561455243,1.749,1.058,3.9166,4.241,1.0,0.0,0.537,0.0,0.0,0.0,0.0,0.0,-1.0,-9.999999999999999e-31,0.0,0.719,0.2662,0.002634,0.0007198,0.006541,-1.0,0.01489,2.125,2.064,2.13,1.939
0.0152,0.01508,8.7,1.7522941828,2.5562779024,1.751,1.061,3.9169,4.24,1.0,0.0,0.537,0.0,0.0,0.0,0.0,0.0,-1.0,-9.999999999999999e-31,0.0,0.719,0.2662,0.002634,0.0007198,0.006541,-1.0,0.01489,2.118,2.058,2.123,1.934
0.0152,0.01508,8.7,1.7999999523,2.5589429085,1.799,1.113,3.9242,4.228,1.0,0.0,0.537,0.0,0.0,0.0,0.0,0.0,-1.0,-9.999999999999999e-31,0.0,0.719,0.2661,0.002634,0.0007196,0.006539,-1.0,0.01488,1.986,1.938,1.994,1.833
0.0152,0.01508,8.7,1.8334177732,2.5607150487,1.832,1.15,3.9291,4.219,1.0,0.0,0.537,0.0,0.0,0.0,0.0,0.0,-1.0,-9.999999999999999e-31,0.0,0.7191,0.266,0.002633,0.0007195,0.006539,-1.0,0.01489,1.895,1.856,1.905,1.763
0.0152,0.01508,8.7,1.8500000238,2.5615671203,1.849,1.168,3.9314,4.215,1.0,0.0,0.537,0.0,0.0,0.0,0.0,0.0,-1.0,-9.999999999999999e-31,0.0,0.7191,0.266,0.002633,0.0007195,0.006539,-1.0,0.01488,1.85,1.816,1.862,1.729
0.0152,0.01508,8.7,1.8928030729,2.5636873955,1.892,1.214,3.9372,4.202,1.0,0.0,0.537,0.0,0.0,0.0,0.0,0.0,-1.0,-9.999999999999999e-31,0.0,0.7191,0.266,0.002633,0.0007195,0.006538,-1.0,0.01486,1.735,1.714,1.754,1.64
0.0152,0.01508,8.7,1.9000000954,2.5640331317,1.899,1.221,3.9381,4.199,1.0,0.0,0.537,0.0,0.0,0.0,0.0,0.0,-1.0,-9.999999999999999e-31,0.0,0.7191,0.266,0.002633,0.0007195,0.006538,-1.0,0.01486,1.716,1.697,1.735,1.625
0.0152,0.01508,8.7,1.9224127531,2.5650907635,1.922,1.245,3.941,4.192,1.0,0.0,0.537,0.0,0.0,0.0,0.0,0.0,-1.0,-9.999999999999999e-31,0.0,0.7191,0.266,0.002633,0.0007195,0.006538,-1.0,0.01487,1.657,1.645,1.68,1.579
0.0152,0.01508,8.7,1.9500001669,2.5663542767,1.95,1.274,3.9443,4.183,1.0,0.0,0.537,0.0,0.0,0.0,0.0,0.0,-1.0,-9.999999999999999e-31,0.0,0.7191,0.266,0.002633,0.0007195,0.006538,-1.0,0.01486,1.584,1.582,1.613,1.523
0.0152,0.01508,8.7,1.9780673981,2.5675982607,1.978,1.304,3.9476,4.173,1.0,0.0,0.537,0.0,0.0,0.0,0.0,0.0,-1.0,-9.999999999999999e-31,0.0,0.7191,0.266,0.002633,0.0007195,0.006538,-1.0,0.01488,1.511,1.518,1.546,1.465
0.0152,0.01508,8.7,2.0,2.5685424513,2.0,1.326,3.95,4.165,1.0,0.0,0.537,0.0,0.0,0.0,0.0,0.0,-1.0,-9.999999999999999e-31,0.0,0.7191,0.266,0.002634,0.0007195,0.006539,-1.0,0.01489,1.454,1.468,1.493,1.42
0.0152,0.01508,8.7,2.0270652771,2.5696752743,2.027,1.354,3.953,4.155,1.0,0.0,0.537,0.0,0.0,0.0,0.0,0.0,-1.0,-9.999999999999999e-31,0.0,0.7191,0.266,0.002634,0.0007195,0.006538,-1.0,0.01488,1.384,1.407,1.43,1.365
0.0152,0.01508,8.7,2.0499999523,2.5706083333,2.05,1.378,3.9554,4.145,1.0,0.0,0.537,0.0,0.0,0.0,0.0,0.0,-1.0,-9.999999999999999e-31,0.0,0.7191,0.266,0.002634,0.0007195,0.006538,-1.0,0.01488,1.325,1.356,1.376,1.318
0.0152,0.01508,8.7,2.0999999046,2.5725614918,2.099,1.429,3.9601,4.123,1.0,0.0,0.537,0.0,0.0,0.0,0.0,0.0,-1.0,-9.999999999999999e-31,0.0,0.7191,0.2661,0.002633,0.0007196,0.006539,-1.0,0.01488,1.197,1.243,1.259,1.213
0.0152,0.01508,8.7,2.1500000954,2.5744105556,2.149,1.48,3.964,4.098,1.0,0.0,0.537,0.0,0.0,0.0,0.0,0.0,-1.0,-9.999999999999999e-31,0.0,0.719,0.2661,0.002634,0.0007197,0.00654,-1.0,0.01487,1.07,1.131,1.143,1.107
0.0152,0.01508,8.7,2.1577408314,2.574688021,2.156,1.488,3.9646,4.094,1.0,0.0,0.537,0.0,0.0,0.0,0.0,0.0,-1.0,-9.999999999999999e-31,0.0,0.719,0.2661,0.002634,0.0007197,0.00654,-1.0,0.01487,1.05,1.113,1.125,1.091
0.0152,0.01508,8.7,2.2000000477,2.5761632879,2.199,1.531,3.9674,4.071,1.0,0.0,0.537,0.0,0.0,0.0,0.0,0.0,-1.0,-9.999999999999999e-31,0.0,0.719,0.2662,0.002634,0.0007199,0.006542,-1.0,0.01484,0.943,1.016,1.026,0.999
0.0152,0.01508,8.7,2.2307913303,2.577197825,2.229,1.562,3.9692,4.053,1.0,0.0,0.537,0.0,0.0,0.0,0.0,0.0,-1.0,-9.999999999999999e-31,0.0,0.7189,0.2662,0.002635,0.0007199,0.006542,-1.0,0.01486,0.866,0.946,0.953,0.931
0.0152,0.01508,8.7,2.25,2.5778267375,2.249,1.581,3.9701,4.041,1.0,0.0,0.537,0.0,0.0,0.0,0.0,0.0,-1.0,-9.999999999999999e-31,0.0,0.7189,0.2662,0.002635,0.00072,0.006542,-1.0,0.01488,0.817,0.901,0.907,0.888
0.0152,0.01508,8.7,2.2704465389,2.5784827509,2.269,1.602,3.9711,4.029,1.0,0.0,0.537,0.0,0.0,0.0,0.0,0.0,-1.0,-9.999999999999999e-31,0.0,0.7189,0.2663,0.002635,0.00072,0.006543,-1.0,0.01488,0.766,0.853,0.859,0.842
0.0152,0.01508,8.7,2.2999999523,2.5794072884,2.299,1.631,3.972,4.008,1.0,0.0,0.537,0.0,0.0,0.0,0.0,0.0,-1.0,-9.999999999999999e-31,0.0,0.7188,0.2663,0.002636,0.0007201,0.006544,-1.0,0.0149,0.692,0.782,0.787,0.772
0.0152,0.01508,8.7,2.3175201416,2.5799425982,2.316,1.649,3.9724,3.996,1.0,0.0,0.537,0.0,0.0,0.0,0.0,0.0,-1.0,-9.999999999999999e-31,0.0,0.7188,0.2663,0.002636,0.0007202,0.006545,-1.0,0.01491,0.648,0.74,0.744,0.731
0.0152,0.01508,8.7,2.3687696457,2.5814563235,2.368,1.701,3.9725,3.954,1.0,0.0,0.537,0.0,0.0,0.0,0.0,0.0,-1.0,-9.999999999999999e-31,0.0,0.7187,0.2664,0.002637,0.0007204,0.006547,-1.0,0.0149,0.519,0.611,0.615,0.602
0.0152,0.01508,8.7,2.4000000954,2.5823423892,2.399,1.732,3.9719,3.926,1.0,0.0,0.537,0.0,0.0,0.0,0.0,0.0,-1.0,-9.999999999999999e-31,0.0,0.7186,0.2665,0.002637,0.0007206,0.006548,-1.0,0.01488,0.441,0.53,0.534,0.521
0.0152,0.01508,8.7,2.4427232742,2.5835124242,2.442,1.774,3.9706,3.886,1.0,0.0,0.537,0.0,0.0,0.0,0.0,0.0,-1.0,-9.999999999999999e-31,0.0,0.7168,0.2683,0.002651,0.0007243,0.006582,-1.0,0.01496,0.335,0.419,0.423,0.409
0.0152,0.01508,8.7,2.488642931,2.5847186269,2.488,1.82,3.967,3.834,1.0,0.0,0.537,0.0,0.0,0.0,0.0,0.0,-1.0,-9.999999999999999e-31,0.0,0.7147,0.2703,0.002668,0.0007287,0.00662,-1.0,0.01507,0.221,0.29,0.296,0.276
0.0152,0.01508,8.7,2.5292651653,2.585743798,2.529,1.86,3.9621,3.781,1.0,0.0,0.537,0.0,0.0,0.0,0.0,0.0,-1.0,-9.999999999999999e-31,0.0,0.7127,0.2721,0.002683,0.0007327,0.006655,-1.0,0.01512,0.12,0.17,0.18,0.15
0.0152,0.01508,8.7,2.5637013912,2.5865836572,2.563,1.894,3.9564,3.731,1.0,0.0,0.538,0.0,0.0,0.0,0.0,0.0,-1.0,-9.999999999999999e-31,0.0,0.711,0.2738,0.002696,0.0007362,0.006686,-1.0,0.0152,0.036,0.065,0.078,0.037
0.0152,0.01508,8.7,2.5945749283,2.5873148708,2.594,1.924,3.949,3.676,1.0,0.0,0.538,0.0,0.0,0.0,0.0,0.0,-1.0,-9.999999999999999e-31,0.0,0.7095,0.2753,0.002708,0.0007394,0.006715,-1.0,0.01526,-0.039,-0.037,-0.018,-0.075
0.0152,0.01508,8.7,2.5999999046,2.5874412955,2.6,1.929,3.9474,3.666,1.0,0.0,0.538,0.0,0.0,0.0,0.0,0.0,-1.0,-9.999999999999999e-31,0.0,0.7092,0.2755,0.00271,0.0007399,0.00672,-1.0,0.01527,-0.052,-0.055,-0.035,-0.096
0.0152,0.01508,8.7,2.6185333729,2.5878686625,2.618,1.947,3.9418,3.628,1.0,0.0,0.538,0.0,0.0,0.0,0.0,0.0,-1.0,-9.999999999999999e-31,0.0,0.7092,0.2755,0.00271,0.0007399,0.00672,-1.0,0.01527,-0.097,-0.118,-0.093,-0.167
0.0152,0.01508,8.7,2.6438746452,2.5884418748,2.644,1.971,3.933,3.574,1.0,0.0,0.538,0.0,0.0,0.0,0.0,0.0,-1.0,-9.999999999999999e-31,0.0,0.7092,0.2755,0.00271,0.0007399,0.00672,-1.0,0.01527,-0.157,-0.203,-0.171,-0.267
0.0152,0.01508,8.7,2.6630890369,2.5888681465,2.663,1.989,3.9251,3.527,1.0,0.0,0.538,0.0,0.0,0.0,0.0,0.0,-1.0,-9.999999999999999e-31,0.0,0.7092,0.2755,0.00271,0.0007399,0.00672,-1.0,0.01527,-0.203,-0.269,-0.229,-0.348
0.0152,0.01508,8.7,2.6813869476,2.5892675619,2.682,2.009,3.9179,3.481,1.0,0.0,0.538,0.0,0.0,0.0,0.0,0.0,-1.0,-9.999999999999999e-31,0.0,0.7092,0.2755,0.00271,0.0007399,0.00672,-1.0,0.01527,-0.252,-0.334,-0.286,-0.427
0.0152,0.01508,8.7,2.695494175,2.5895712475,2.696,2.028,3.9145,3.451,1.0,0.0,0.538,0.0,0.0,0.0,0.0,0.0,-1.0,-9.999999999999999e-31,0.0,0.7092,0.2755,0.00271,0.0007399,0.00672,-1.0,0.01527,-0.299,-0.388,-0.336,-0.488
0.0152,0.01508,8.7,2.7036707401,2.5897455966,2.704,2.05,3.9213,3.457,1.0,0.0,0.538,0.0,0.0,0.0,0.0,0.0,-1.0,-9.999999999999999e-31,0.0,0.7092,0.2755,0.00271,0.0007399,0.00672,-1.0,0.01527,-0.355,-0.431,-0.388,-0.516
0.0152,0.01508,8.7,2.7076249123,2.5898294773,2.708,2.069,3.9303,3.475,1.0,0.0,0.538,0.0,0.0,0.0,0.0,0.0,-1.0,-9.999999999999999e-31,0.0,0.7092,0.2755,0.00271,0.0007399,0.00672,-1.0,0.01527,-0.402,-0.458,-0.425,-0.524
0.0152,0.01508,8.7,2.7091786861,2.5898623607,2.709,2.085,3.9394,3.496,1.0,0.0,0.538,0.0,0.0,0.0,0.0,0.0,-1.0,-9.999999999999999e-31,0.0,0.7092,0.2755,0.00271,0.0007399,0.00672,-1.0,0.01527,-0.441,-0.472,-0.448,-0.522
0.0152,0.01508,8.7,2.7100803852,2.5898814241,2.71,2.102,3.9494,3.519,1.0,0.0,0.538,0.0,0.0,0.0,0.0,0.0,-1.0,-9.999999999999999e-31,0.0,0.7092,0.2755,0.00271,0.0007399,0.00672,-1.0,0.01527,-0.485,-0.484,-0.467,-0.517
0.0152,0.01508,8.7,2.7105720043,2.5898918115,2.711,2.12,3.9588,3.539,1.0,0.0,0.538,0.0,0.0,0.0,0.0,0.0,-1.0,-9.999999999999999e-31,0.0,0.7092,0.2755,0.00271,0.0007399,0.00672,-1.0,0.01527,-0.529,-0.494,-0.485,-0.514
0.0152,0.01508,8.7,2.7108848095,2.5898984185,2.711,2.139,3.9679,3.556,1.0,0.0,0.538,0.0,0.0,0.0,0.0,0.0,-1.0,-9.999999999999999e-31,0.0,0.7092,0.2755,0.00271,0.0007399,0.00672,-1.0,0.01527,-0.577,-0.507,-0.504,-0.515
0.0152,0.01508,8.7,2.7111091614,2.5899031562,2.711,2.16,3.9767,3.57,1.0,0.0,0.538,0.0,0.0,0.0,0.0,0.0,-1.0,-9.999999999999999e-31,0.0,0.7092,0.2755,0.00271,0.0007399,0.00672,-1.0,0.01527,-0.629,-0.523,-0.525,-0.52
0.0152,0.01508,8.7,2.7112782001,2.5899067252,2.712,2.172,3.9828,3.582,1.0,0.0,0.538,0.0,0.0,0.0,0.0,0.0,-1.0,-9.999999999999999e-31,0.0,0.7092,0.2755,0.00271,0.0007399,0.00672,-1.0,0.01527,-0.66,-0.528,-0.534,-0.519
0.0152,0.01508,8.7,2.7113478184,2.5899081949,2.712,2.152,3.9784,3.585,2.0,0.0,0.538,0.0,0.0,0.0,0.0,0.0,-1.0,-9.999999999999999e-31,0.0,0.7092,0.2755,0.00271,0.0007399,0.00672,-1.0,0.01527,-0.609,-0.496,-0.5,-0.492
0.0152,0.01508,8.7,2.7114214897,2.5899097501,2.712,2.127,3.9711,3.581,2.0,0.0,0.538,0.0,0.0,0.0,0.0,0.0,-1.0,-9.999999999999999e-31,0.0,0.7092,0.2755,0.00271,0.0007399,0.00672,-1.0,0.01527,-0.547,-0.464,-0.463,-0.468
0.0152,0.01508,8.7,2.7114918232,2.5899112348,2.712,2.108,3.9622,3.564,2.0,0.0,0.538,0.0,0.0,0.0,0.0,0.0,-1.0,-9.999999999999999e-31,0.0,0.7092,0.2755,0.00271,0.0007399,0.00672,-1.0,0.01527,-0.501,-0.452,-0.446,-0.468
0.0152,0.01508,8.7,2.7115821838,2.5899131421,2.712,2.101,3.9508,3.526,2.0,0.0,0.538,0.0,0.0,0.0,0.0,0.0,-1.0,-9.999999999999999e-31,0.0,0.7092,0.2755,0.00271,0.0007399,0.00672,-1.0,0.01527,-0.482,-0.475,-0.46,-0.507
0.0152,0.01508,8.7,2.7116858959,2.589915331,2.712,2.106,3.9393,3.475,2.0,0.0,0.538,0.0,0.0,0.0,0.0,0.0,-1.0,-9.999999999999999e-31,0.0,0.7092,0.2755,0.00271,0.0007399,0.00672,-1.0,0.01527,-0.495,-0.526,-0.502,-0.576
0.0152,0.01508,8.7,2.7118062973,2.5899178719,2.712,2.116,3.9276,3.418,2.0,0.0,0.538,0.0,0.0,0.0,0.0,0.0,-1.0,-9.999999999999999e-31,0.0,0.7092,0.2755,0.00271,0.0007399,0.00672,-1.0,0.01527,-0.519,-0.582,-0.547,-0.653
0.0152,0.01508,8.7,2.711940527,2.5899207043,2.712,2.123,3.9158,3.363,2.0,0.0,0.538,0.0,0.0,0.0,0.0,0.0,-1.0,-9.999999999999999e-31,0.0,0.7092,0.2755,0.00271,0.0007399,0.00672,-1.0,0.01527,-0.538,-0.627,-0.578,-0.721
0.0152,0.01508,8.7,2.7120859623,2.5899237728,2.712,2.127,3.904,3.312,2.0,0.0,0.538,0.0,0.0,0.0,0.0,0.0,-1.0,-9.999999999999999e-31,0.0,0.7092,0.2755,0.00271,0.0007399,0.00672,-1.0,0.01527,-0.548,-0.657,-0.594,-0.779
0.0152,0.01508,8.7,2.7122404575,2.5899270321,2.712,2.128,3.8921,3.263,2.0,0.0,0.538,0.0,0.0,0.0,0.0,0.0,-1.0,-9.999999999999999e-31,0.0,0.7092,0.2755,0.00271,0.0007399,0.00672,-1.0,0.01527,-0.551,-0.676,-0.597,-0.827
0.0152,0.01508,8.7,2.7124021053,2.5899304418,2.713,2.127,3.8801,3.217,2.0,0.0,0.538,0.0,0.0,0.0,0.0,0.0,-1.0,-9.999999999999999e-31,0.0,0.7092,0.2755,0.00271,0.0007399,0.00672,-1.0,0.01527,-0.548,-0.685,-0.587,-0.868
0.0152,0.01508,8.7,2.7125680447,2.5899339415,2.713,2.124,3.8682,3.172,2.0,0.0,0.538,0.0,0.0,0.0,0.0,0.0,-1.0,-9.999999999999999e-31,0.0,0.7092,0.2755,0.00271,0.0007399,0.00672,-1.0,0.01527,-0.541,-0.687,-0.569,-0.902
0.0152,0.01508,8.7,2.7127349377,2.5899374608,2.713,2.12,3.8561,3.128,2.0,0.0,0.538,0.0,0.0,0.0,0.0,0.0,-1.0,-9.999999999999999e-31,0.0,0.7092,0.2755,0.00271,0.0007399,0.00672,-1.0,0.01527,-0.53,-0.682,-0.544,-0.929
0.0152,0.01508,8.7,2.7129006386,2.5899409545,2.713,2.114,3.8441,3.085,2.0,0.0,0.538,0.0,0.0,0.0,0.0,0.0,-1.0,-9.999999999999999e-31,0.0,0.7092,0.2755,0.00271,0.0007399,0.00672,-1.0,0.01527,-0.516,-0.671,-0.513,-0.95
0.0152,0.01508,8.7,2.7130630016,2.5899443774,2.713,2.108,3.832,3.044,2.0,0.0,0.538,0.0,0.0,0.0,0.0,0.0,-1.0,-9.999999999999999e-31,0.0,0.7092,0.2755,0.00271,0.0007399,0.00672,-1.0,0.01527,-0.499,-0.655,-0.476,-0.966
0.0152,0.01508,8.7,2.7132203579,2.5899476943,2.713,2.1,3.82,3.004,2.0,0.0,0.538,0.0,0.0,0.0,0.0,0.0,-1.0,-9.999999999999999e-31,0.0,0.7092,0.2755,0.00271,0.0007399,0.00672,-1.0,0.01527,-0.48,-0.635,-0.434,-0.976
0.0152,0.01508,8.7,2.7133722305,2.5899508951,2.714,2.091,3.8083,2.966,2.0,0.0,0.538,0.0,0.0,0.0,0.0,0.0,-1.0,-9.999999999999999e-31,0.0,0.7092,0.2755,0.00271,0.0007399,0.00672,-1.0,0.01527,-0.458,-0.612,-0.388,-0.983
0.0152,0.01508,8.7,2.7135186195,2.58995398,2.714,2.082,3.7971,2.93,2.0,0.0,0.538,0.0,0.0,0.0,0.0,0.0,-1.0,-9.999999999999999e-31,0.0,0.7092,0.2755,0.00271,0.0007399,0.00672,-1.0,0.01527,-0.434,-0.585,-0.338,-0.985
0.0152,0.01508,8.7,2.7136662006,2.5899570896,2.714,2.071,3.7863,2.898,2.0,0.0,0.538,0.0,0.0,0.0,0.0,0.0,-1.0,-9.999999999999999e-31,0.0,0.7092,0.2755,0.00271,0.0007399,0.00672,-1.0,0.01527,-0.407,-0.552,-0.283,-0.981
0.0152,0.01508,8.7,2.713824749,2.5899604299,2.714,2.057,3.7758,2.87,2.0,0.0,0.538,0.0,0.0,0.0,0.0,0.0,-1.0,-9.999999999999999e-31,0.0,0.7092,0.2755,0.00271,0.0007399,0.00672,-1.0,0.01527,-0.372,-0.51,-0.218,-0.967
0.0152,0.01508,8.7,2.7140083313,2.589964297,2.714,2.038,3.7653,2.846,2.0,0.0,0.538,0.0,0.0,0.0,0.0,0.0,-1.0,-9.999999999999999e-31,0.0,0.7092,0.2755,0.00271,0.0007399,0.00672,-1.0,0.01527,-0.326,-0.454,-0.138,-0.938
0.0152,0.01508,8.7,2.7141792774,2.5899678974,2.714,2.018,3.7568,2.833,2.0,0.0,0.538,0.0,0.0,0.0,0.0,0.0,-1.0,-9.999999999999999e-31,0.0,0.7092,0.2755,0.00271,0.0007399,0.00672,-1.0,0.01527,-0.275,-0.394,-0.059,-0.898
0.0152,0.01508,8.7,2.7143673897,2.5899718588,2.715,1.992,3.7485,2.826,2.0,0.0,0.538,0.0,0.0,0.0,0.0,0.0,-1.0,-9.999999999999999e-31,0.0,0.7092,0.2755,0.00271,0.0007399,0.00672,-1.0,0.01527,-0.21,-0.318,0.036,-0.842
0.0152,0.01508,8.7,2.7145607471,2.5899759299,2.715,1.961,3.7406,2.825,2.0,0.0,0.538,0.0,0.0,0.0,0.0,0.0,-1.0,-9.999999999999999e-31,0.0,0.7092,0.2755,0.00271,0.0007399,0.00672,-1.0,0.01527,-0.133,-0.229,0.142,-0.771
0.0152,0.01508,8.7,2.7147362232,2.589979624,2.715,1.932,3.7338,2.827,2.0,0.0,0.538,0.0,0.0,0.0,0.0,0.0,-1.0,-9.999999999999999e-31,0.0,0.7092,0.2755,0.00271,0.0007399,0.00672,-1.0,0.01527,-0.06,-0.145,0.241,-0.701
0.0152,0.01508,8.7,2.7149651051,2.5899844416,2.715,1.896,3.7255,2.829,2.0,0.0,0.538,0.0,0.0,0.0,0.0,0.0,-1.0,-9.999999999999999e-31,0.0,0.7092,0.2755,0.00271,0.0007399,0.00672,-1.0,0.01527,0.029,-0.041,0.363,-0.616
0.0152,0.01508,8.7,2.7152473927,2.5899903819,2.715,1.866,3.7156,2.821,2.0,0.0,0.538,0.0,0.0,0.0,0.0,0.0,-1.0,-9.999999999999999e-31,0.0,0.7092,0.2755,0.00271,0.0007399,0.00672,-1.0,0.01527,0.105,0.055,0.482,-0.541
0.0152,0.01508,8.7,2.7153337002,2.5899921979,2.716,1.862,3.7127,2.813,2.0,0.0,0.538,0.0,0.0,0.0,0.0,0.0,-1.0,-9.999999999999999e-31,0.0,0.7092,0.2755,0.00271,0.0007399,0.00672,-1.0,0.01527,0.115,0.07,0.504,-0.532
0.0152,0.01508,8.7,2.7156057358,2.5899979207,2.716,1.879,3.7043,2.762,3.0,0.0,0.538,0.0,0.0,0.0,0.0,0.0,-1.0,-9.999999999999999e-31,0.0,0.7092,0.2756,0.00271,0.00074,0.00672,-1.0,0.01527,0.071,0.046,0.5,-0.574
0.0152,0.01508,8.7,2.7158486843,2.5900030305,2.716,1.914,3.6978,2.701,3.0,0.0,0.537,0.0,0.0,0.0,0.0,0.0,-1.0,-9.999999999999999e-31,0.0,0.709,0.2757,0.002705,0.0007409,0.00672,-1.0,0.01527,-0.015,-0.024,0.445,-0.658
0.0152,0.01508,8.7,2.7160818577,2.5900079338,2.716,1.954,3.6927,2.641,3.0,0.0,0.531,0.0,0.0,0.0,0.0,0.0,-1.0,-9.999999999999999e-31,0.0,0.7088,0.2759,0.002677,0.0007535,0.00672,-1.0,0.01527,-0.115,-0.109,0.373,-0.755
0.0152,0.01508,8.7,2.7163066864,2.5900126606,2.717,1.99,3.6887,2.589,3.0,0.0,0.511,0.0,0.0,0.0,0.0,0.0,-1.0,-9.999999999999999e-31,0.0,0.7086,0.2761,0.002578,0.0008307,0.00672,-1.0,0.01529,-0.206,-0.189,0.303,-0.843
0.0152,0.01508,8.7,2.7166440487,2.5900197517,2.717,2.04,3.6837,2.519,3.0,0.0,0.462,0.0,0.0,0.0,0.0,0.0,-1.0,-9.999999999999999e-31,0.0,0.7082,0.2765,0.002328,0.001116,0.00672,-1.0,0.01533,-0.331,-0.298,0.206,-0.964
0.0152,0.01508,8.7,2.7169246674,2.5900256485,2.717,2.08,3.68,2.464,3.0,0.0,0.429,0.0,0.0,0.0,0.0,0.0,-1.0,-9.999999999999999e-31,0.0,0.7079,0.2768,0.002163,0.001319,0.00672,-1.0,0.01536,-0.431,-0.387,0.127,-1.061
0.0152,0.01508,8.7,2.7172050476,2.590031539,2.717,2.121,3.6765,2.41,3.0,0.0,0.406,0.0,0.0,0.0,0.0,0.0,-1.0,-9.999999999999999e-31,0.0,0.7075,0.2771,0.002047,0.001461,0.00672,-1.0,0.0154,-0.531,-0.476,0.05,-1.159
0.0152,0.01508,8.7,2.7173733711,2.5900350746,2.718,2.145,3.6744,2.377,3.0,0.0,0.396,0.0,0.0,0.0,0.0,0.0,-1.0,-9.999999999999999e-31,0.0,0.7073,0.2774,0.001994,0.001527,0.00672,-1.0,0.01537,-0.592,-0.529,0.002,-1.217
0.0152,0.01508,8.7,2.7175443172,2.5900386647,2.718,2.17,3.6723,2.344,3.0,0.0,0.387,0.0,0.0,0.0,0.0,0.0,-1.0,-9.999999999999999e-31,0.0,0.7069,0.2777,0.001951,0.001585,0.006714,-1.0,0.01538,-0.655,-0.585,-0.047,-1.279
0.0152,0.01508,8.7,2.7177155018,2.5900422594,2.718,2.195,3.6703,2.31,3.0,0.0,0.381,0.0,0.0,0.0,0.0,0.0,-1.0,-9.999999999999999e-31,0.0,0.7066,0.2781,0.001915,0.00164,0.006701,-1.0,0.01537,-0.719,-0.642,-0.097,-1.34
0.0152,0.01508,8.7,2.7180249691,2.5900487565,2.718,2.241,3.6667,2.25,3.0,0.0,0.376,0.0,0.0,0.0,0.0,0.0,-1.0,-9.999999999999999e-31,0.0,0.7039,0.2807,0.001862,0.001791,0.006601,-1.0,0.01537,-0.833,-0.743,-0.187,-1.451
0.0152,0.01508,8.7,2.718334198,2.5900552468,2.719,2.287,3.6632,2.19,3.0,0.0,0.374,0.0,0.0,0.0,0.0,0.0,-1.0,-9.999999999999999e-31,0.0,0.6999,0.2847,0.001817,0.001952,0.006479,-1.0,0.01537,-0.949,-0.845,-0.278,-1.562
0.0152,0.01508,8.7,2.7186431885,2.5900617305,2.719,2.334,3.6596,2.129,3.0,0.0,0.373,0.0,0.0,0.0,0.0,0.0,-1.0,-9.999999999999999e-31,0.0,0.6951,0.2895,0.001781,0.002095,0.006366,-1.0,0.01537,-1.065,-0.949,-0.37,-1.674
0.0152,0.01508,8.7,2.7188901901,2.5900669122,2.719,2.372,3.6569,2.08,3.0,0.0,0.372,0.0,0.0,0.0,0.0,0.0,-1.0,-9.999999999999999e-31,0.0,0.6913,0.2933,0.001758,0.002192,0.006289,-1.0,0.01536,-1.16,-1.032,-0.443,-1.764
0.0152,0.01508,8.7,2.7191367149,2.5900720829,2.719,2.41,3.654,2.03,3.0,0.0,0.372,0.0,0.0,0.0,0.0,0.0,-1.0,-9.999999999999999e-31,0.0,0.6877,0.297,0.001738,0.002272,0.006224,-1.0,0.01534,-1.256,-1.116,-0.518,-1.856
0.0152,0.01508,8.7,2.7193775177,2.5900771325,2.72,2.449,3.6512,1.981,3.0,0.0,0.372,0.0,0.0,0.0,0.0,0.0,-1.0,-9.999999999999999e-31,0.0,0.6845,0.3001,0.001723,0.002336,0.006173,-1.0,0.01537,-1.352,-1.2,-0.592,-1.946
0.0152,0.01508,8.7,2.7196145058,2.5900821011,2.72,2.487,3.6482,1.93,3.0,0.0,0.372,0.0,0.0,0.0,0.0,0.0,-1.0,-9.999999999999999e-31,0.0,0.6821,0.3026,0.001712,0.002383,0.006135,-1.0,0.01533,-1.447,-1.282,-0.665,-2.036
0.0152,0.01508,8.7,2.719848156,2.5900869987,2.72,2.525,3.6453,1.88,3.0,0.0,0.372,5.11,3.68,2.73,2.01,1.64,4.0,-9.999999999999999e-31,0.0,0.68,0.3047,0.001703,0.00242,0.006105,-1.0,0.01535,-1.544,-1.365,-0.737,-2.125
0.0152,0.01508,8.7,2.7200789452,2.5900918354,2.72,2.564,3.6423,1.83,3.0,0.0,0.372,5.65,4.03,2.98,2.19,1.79,4.0,-9.999999999999999e-31,0.0,0.6782,0.3064,0.001696,0.00245,0.006081,-1.0,0.01537,-1.64,-1.448,-0.811,-2.215
0.0152,0.01508,8.7,2.7202942371,2.5900963465,2.721,2.601,3.6393,1.781,3.0,0.0,0.372,6.21,4.39,3.24,2.39,1.95,4.0,-9.999999999999999e-31,0.0,0.6769,0.3078,0.001691,0.002473,0.006062,-1.0,0.01534,-1.732,-1.525,-0.879,-2.299
0.0152,0.01508,8.7,2.7205319405,2.5901013262,2.721,2.641,3.6361,1.728,3.0,0.0,0.372,6.89,4.84,3.55,2.62,2.14,4.0,-9.999999999999999e-31,0.0,0.6757,0.309,0.001686,0.002493,0.006046,-1.0,0.01534,-1.832,-1.609,-0.953,-2.39
0.0152,0.01508,8.7,2.7208077908,2.5901071038,2.721,2.68,3.633,1.677,3.0,0.0,0.372,7.63,5.31,3.88,2.87,2.34,4.0,-9.999999999999999e-31,0.0,0.6746,0.31,0.001682,0.002511,0.006032,-1.0,0.01537,-1.93,-1.691,-1.025,-2.479
0.0152,0.01508,8.7,2.7208719254,2.5901084469,2.721,2.687,3.6324,1.668,3.0,0.0,0.372,7.77,5.4,3.94,2.91,2.38,4.0,-9.999999999999999e-31,0.0,0.6744,0.3102,0.001682,0.002513,0.00603,-1.0,0.01537,-1.947,-1.705,-1.038,-2.495
0.0152,0.01508,8.7,2.7212059498,2.5901154408,2.721,2.656,3.635,1.708,4.0,0.0,0.372,0.0,0.0,0.0,0.0,0.0,-1.0,-9.999999999999999e-31,0.0,0.6744,0.3102,0.001682,0.002513,0.00603,-1.0,0.01537,-1.871,-1.642,-0.983,-2.426
0.0152,0.01508,8.7,2.7215616703,2.5901228868,2.722,2.624,3.6378,1.752,4.0,0.0,0.372,0.0,0.0,0.0,0.0,0.0,-1.0,-9.999999999999999e-31,0.0,0.6744,0.3102,0.001682,0.002514,0.00603,-1.0,0.01537,-1.79,-1.575,-0.924,-2.352
0.0152,0.01508,8.7,2.7219707966,2.5901314479,2.722,2.591,3.6405,1.796,4.0,0.0,0.372,0.0,0.0,0.0,0.0,0.0,-1.0,-9.999999999999999e-31,0.0,0.6744,0.3102,0.001682,0.002514,0.00603,-1.0,0.01537,-1.707,-1.506,-0.864,-2.277
0.0152,0.01508,8.7,2.722452879,2.5901415318,2.723,2.555,3.6435,1.844,4.0,0.0,0.372,0.0,0.0,0.0,0.0,0.0,-1.0,-9.999999999999999e-31,0.0,0.6744,0.3102,0.001682,0.002514,0.00603,-1.0,0.01537,-1.616,-1.429,-0.797,-2.194
0.0152,0.01508,8.7,2.7230141163,2.5901532663,2.723,2.512,3.647,1.901,4.0,0.0,0.372,0.0,0.0,0.0,0.0,0.0,-1.0,-9.999999999999999e-31,0.0,0.6744,0.3102,0.001682,0.002514,0.00603,-1.0,0.01537,-1.509,-1.339,-0.717,-2.095
0.0152,0.01508,8.7,2.7235476971,2.5901644174,2.724,2.466,3.6508,1.962,4.0,0.0,0.372,0.0,0.0,0.0,0.0,0.0,-1.0,-9.999999999999999e-31,0.0,0.6744,0.3102,0.001682,0.002514,0.00603,-1.0,0.01537,-1.395,-1.242,-0.633,-1.989
0.0152,0.01508,8.7,2.7239677906,2.5901731932,2.724,2.427,3.6539,2.014,4.0,0.0,0.372,0.0,0.0,0.0,0.0,0.0,-1.0,-9.999999999999999e-31,0.0,0.6744,0.3102,0.001682,0.002514,0.00603,-1.0,0.01537,-1.298,-1.158,-0.559,-1.898
0.0152,0.01508,8.7,2.7243750095,2.5901816972,2.725,2.388,3.657,2.065,4.0,0.0,0.372,0.0,0.0,0.0,0.0,0.0,-1.0,-9.999999999999999e-31,0.0,0.6744,0.3102,0.001682,0.002514,0.00603,-1.0,0.01537,-1.201,-1.074,-0.486,-1.806
0.0152,0.01508,8.7,2.7247824669,2.5901902031,2.725,2.35,3.6602,2.116,4.0,0.0,0.372,0.0,0.0,0.0,0.0,0.0,-1.0,-9.999999999999999e-31,0.0,0.6744,0.3102,0.001682,0.002514,0.00603,-1.0,0.01537,-1.104,-0.99,-0.413,-1.714
0.0152,0.01508,8.7,2.7252063751,2.5901990494,2.725,2.31,3.6633,2.168,4.0,0.0,0.372,0.0,0.0,0.0,0.0,0.0,-1.0,-9.999999999999999e-31,0.0,0.6744,0.3102,0.001682,0.002514,0.00603,-1.0,0.01537,-1.006,-0.903,-0.336,-1.619
0.0152,0.01508,8.7,2.7256565094,2.5902084395,2.726,2.271,3.6665,2.221,4.0,0.0,0.372,0.0,0.0,0.0,0.0,0.0,-1.0,-9.999999999999999e-31,0.0,0.6744,0.3102,0.001682,0.002514,0.006029,-1.0,0.01537,-0.907,-0.816,-0.259,-1.524
0.0152,0.01508,8.7,2.7261402607,2.5902185269,2.726,2.231,3.6697,2.273,4.0,0.0,0.372,0.0,0.0,0.0,0.0,0.0,-1.0,-9.999999999999999e-31,0.0,0.6744,0.3102,0.001682,0.002514,0.006029,-1.0,0.01537,-0.808,-0.73,-0.183,-1.429
0.0152,0.01508,8.7,2.7266793251,2.5902297629,2.727,2.192,3.6729,2.325,4.0,0.0,0.372,0.0,0.0,0.0,0.0,0.0,-1.0,-9.999999999999999e-31,0.0,0.6744,0.3102,0.001682,0.002514,0.006029,-1.0,0.01537,-0.71,-0.642,-0.105,-1.334
0.0152,0.01508,8.7,2.7272889614,2.5902424637,2.728,2.153,3.6761,2.377,4.0,0.0,0.372,0.0,0.0,0.0,0.0,0.0,-1.0,-9.999999999999999e-31,0.0,0.6744,0.3102,0.001682,0.002515,0.006029,-1.0,0.01537,-0.613,-0.556,-0.029,-1.241
0.0152,0.01508,8.7,2.7280073166,2.5902574211,2.728,2.115,3.6793,2.428,4.0,0.0,0.372,0.0,0.0,0.0,0.0,0.0,-1.0,-9.999999999999999e-31,0.0,0.6744,0.3102,0.001682,0.002515,0.006029,-1.0,0.01537,-0.518,-0.471,0.046,-1.148
0.0152,0.01508,8.7,2.7289872169,2.5902778097,2.729,2.075,3.6828,2.482,4.0,0.0,0.372,0.0,0.0,0.0,0.0,0.0,-1.0,-9.999999999999999e-31,0.0,0.6744,0.3102,0.001682,0.002515,0.006029,-1.0,0.01537,-0.417,-0.381,0.126,-1.049
0.0152,0.01508,8.7,2.7304415703,2.5903080391,2.731,2.03,3.687,2.545,4.0,0.0,0.372,0.0,0.0,0.0,0.0,0.0,-1.0,-9.999999999999999e-31,0.0,0.6744,0.3102,0.001682,0.002515,0.006029,-1.0,0.01537,-0.304,-0.282,0.214,-0.94
0.0152,0.01508,8.7,2.7326374054,2.5903536105,2.733,1.989,3.6917,2.604,4.0,0.0,0.372,0.0,0.0,0.0,0.0,0.0,-1.0,-9.999999999999999e-31,0.0,0.6744,0.3102,0.001682,0.002515,0.006028,-1.0,0.01537,-0.202,-0.194,0.29,-0.842
0.0152,0.01508,8.7,2.7369401455,2.5904426639,2.737,1.956,3.6974,2.661,4.0,0.0,0.372,0.0,0.0,0.0,0.0,0.0,-1.0,-9.999999999999999e-31,0.0,0.6744,0.3102,0.001682,0.002516,0.006028,-1.0,0.01537,-0.12,-0.127,0.343,-0.763
0.0152,0.01508,8.7,2.7381086349,2.5904667925,2.738,1.952,3.6985,2.67,4.0,0.0,0.372,0.0,0.0,0.0,0.0,0.0,-1.0,-9.999999999999999e-31,0.0,0.6744,0.3102,0.001682,0.002516,0.006027,-1.0,0.01537,-0.11,-0.12,0.348,-0.753
0.0152,0.01508,8.7,2.759352684,2.5909013739,2.76,1.982,3.6981,2.641,4.0,0.0,0.372,0.0,0.0,0.0,0.0,0.0,-1.0,-9.999999999999999e-31,0.0,0.6744,0.3103,0.001681,0.00252,0.006024,-1.0,0.01537,-0.186,-0.195,0.274,-0.829
0.0152,0.01508,8.7,2.79641819,2.5916414582,2.797,2.037,3.6978,2.591,5.0,0.0,0.372,0.0,0.0,0.0,0.0,0.0,-1.0,-9.999999999999999e-31,0.0,0.6743,0.3103,0.001681,0.002526,0.006018,-1.0,0.01537,-0.321,-0.33,0.139,-0.965
0.0152,0.01508,8.7,2.8000001907,2.5917117867,2.8,2.042,3.6977,2.586,5.0,0.0,0.372,0.0,0.0,0.0,0.0,0.0,-1.0,-9.999999999999999e-31,0.0,0.6743,0.3103,0.001681,0.002527,0.006017,-1.0,0.01537,-0.335,-0.344,0.126,-0.978
0.0152,0.01508,8.7,2.8276255131,2.5922473013,2.828,2.086,3.6971,2.544,5.0,0.0,0.373,0.0,0.0,0.0,0.0,0.0,-1.0,-9.999999999999999e-31,0.0,0.6743,0.3103,0.001681,0.00253,0.006013,-1.0,0.01537,-0.446,-0.452,0.018,-1.088
0.0152,0.01508,8.7,2.8556234837,2.5927779001,2.856,2.131,3.6957,2.497,5.0,0.0,0.373,0.0,0.0,0.0,0.0,0.0,-1.0,-9.999999999999999e-31,0.0,0.6744,0.3103,0.001681,0.002534,0.006009,-1.0,0.01537,-0.558,-0.561,-0.087,-1.2
0.0152,0.01508,8.7,2.8606524467,2.5928719411,2.861,2.139,3.6953,2.488,5.0,0.0,0.373,0.0,0.0,0.0,0.0,0.0,-1.0,-9.999999999999999e-31,0.0,0.6744,0.3103,0.001681,0.002534,0.006009,-1.0,0.01537,-0.578,-0.58,-0.105,-1.22
0.0152,0.01508,8.7,2.8723881245,2.5930899247,2.873,2.158,3.6937,2.465,6.0,0.0,0.373,0.0,0.0,0.0,0.0,0.0,-1.0,-9.999999999999999e-31,0.0,0.6744,0.3102,0.001681,0.002536,0.006007,-1.0,0.01537,-0.624,-0.621,-0.142,-1.265
0.0152,0.01508,8.7,2.8940851688,2.5934875861,2.894,2.199,3.6882,2.405,6.0,0.0,0.373,0.0,0.0,0.0,0.0,0.0,-1.0,-9.999999999999999e-31,0.0,0.6744,0.3102,0.001681,0.002538,0.006004,-1.0,0.01537,-0.728,-0.71,-0.216,-1.367
0.0152,0.01508,8.7,2.9035990238,2.5936598012,2.904,2.232,3.6826,2.351,6.0,0.0,0.373,0.0,0.0,0.0,0.0,0.0,-1.0,-9.999999999999999e-31,0.0,0.6744,0.3102,0.001681,0.002539,0.006003,-1.0,0.01537,-0.811,-0.776,-0.266,-1.446
