Zini,MH,logAge,Mini,int_IMF,Mass,LogL,LogTe,logg,label,McoreTP,C_O,period0,period1,period2,period3,period4,pmode,Mloss,tau1m,X,Y,Xc,Xn,Xo,Cexcess,Z,mbolmag,Gmag,G_BPmag,G_RPmag
0.0152,0.01508,7.8,0.0900000036,1.0816895926,0.09,-2.61,3.4036,4.569,0.0,0.0,0.545,0.0,0.0,0.0,0.0,0.0,-1.0,-5.4e-16,0.0,0.7092,0.2755,0.002746,0.0007408,0.006719,-1.0,0.01527,11.296,13.344,16.077,11.871
0.0152,0.01508,7.8,0.0900000036,1.0816895926,0.09,-2.61,3.4036,4.569,0.0,0.0,0.545,0.0,0.0,0.0,0.0,0.0,-1.0,-5.4e-16,0.0,0.7092,0.2755,0.002746,0.0007408,0.006719,-1.0,0.01527,11.296,13.344,16.077,11.871
0.0152,0.01508,7.8,0.0938137621,1.1172489299,0.094,-2.581,3.4073,4.572,0.0,0.0,0.545,0.0,0.0,0.0,0.0,0.0,-1.0,-5.64e-16,0.0,0.7092,0.2755,0.002746,0.0007408,0.006719,-1.0,0.01527,11.222,13.271,16.005,11.798
0.0152,0.01508,7.8,0.1000000015,1.1711064122,0.1,-2.534,3.4134,4.577,0.0,0.0,0.545,0.0,0.0,0.0,0.0,0.0,-1.0,-6.06e-16,0.0,0.7092,0.2755,0.002746,0.0007408,0.006719,-1.0,0.01527,11.104,13.152,15.887,11.679
0.0152,0.01508,7.8,0.1102682352,1.2515711098,0.11,-2.465,3.4217,4.584,0.0,0.0,0.545,0.0,0.0,0.0,0.0,0.0,-1.0,-6.71e-16,0.0,0.7092,0.2755,0.002746,0.0007408,0.006719,-1.0,0.01527,10.932,12.917,15.574,11.458
0.0152,0.01508,7.8,0.1200000122,1.3193155232,0.12,-2.403,3.4296,4.59,0.0,0.0,0.545,0.0,0.0,0.0,0.0,0.0,-1.0,-7.35e-16,0.0,0.7092,0.2755,0.002746,0.0007408,0.006719,-1.0,0.01527,10.778,12.646,15.159,11.214
0.0152,0.01508,7.8,0.1400000006,1.4384526719,0.14,-2.298,3.4417,4.601,0.0,0.0,0.545,0.0,0.0,0.0,0.0,0.0,-1.0,-8.57e-16,0.0,0.7092,0.2755,0.002746,0.0007408,0.006719,-1.0,0.01527,10.515,12.226,14.552,10.831
0.0152,0.01508,7.8,0.1599999964,1.5372931554,0.16,-2.207,3.4519,4.609,0.0,0.0,0.545,0.0,0.0,0.0,0.0,0.0,-1.0,-9.79e-16,0.0,0.7092,0.2755,0.002746,0.0007408,0.006719,-1.0,0.01527,10.288,11.87,14.043,10.507
0.0152,0.01508,7.8,0.200000003,1.6938790862,0.2,-2.058,3.4683,4.622,0.0,0.0,0.545,0.0,0.0,0.0,0.0,0.0,-1.0,-1.22e-15,0.0,0.7092,0.2755,0.002746,0.0007408,0.006719,-1.0,0.01527,9.915,11.303,13.237,9.992
0.0152,0.01508,7.8,0.2164848149,1.7469850257,0.216,-2.006,3.4736,4.626,0.0,0.0,0.545,0.0,0.0,0.0,0.0,0.0,-1.0,-1.31e-15,0.0,0.7092,0.2755,0.002746,0.0007408,0.006719,-1.0,0.01527,9.785,11.115,12.98,9.821
0.0152,0.01508,7.8,0.25,1.8403257998,0.25,-1.912,3.4833,4.633,0.0,0.0,0.545,0.0,0.0,0.0,0.0,0.0,-1.0,-1.51e-15,0.0,0.7092,0.2755,0.002746,0.0007408,0.006719,-1.0,0.01527,9.549,10.774,12.514,9.513
0.0152,0.01508,7.8,0.2698744535,1.8883148785,0.27,-1.862,3.4881,4.636,0.0,0.0,0.545,0.0,0.0,0.0,0.0,0.0,-1.0,-1.62e-15,0.0,0.7092,0.2755,0.002746,0.0007408,0.006719,-1.0,0.01527,9.426,10.597,12.272,9.354
0.0152,0.01508,7.8,0.3000000119,1.9529139769,0.3,-1.794,3.4949,4.64,0.0,0.0,0.545,0.0,0.0,0.0,0.0,0.0,-1.0,-1.79e-15,0.0,0.7092,0.2755,0.002746,0.0007408,0.006719,-1.0,0.01527,9.255,10.364,11.966,9.141
0.0152,0.01508,7.8,0.3133522272,1.9789054978,0.313,-1.765,3.4976,4.641,0.0,0.0,0.545,0.0,0.0,0.0,0.0,0.0,-1.0,-1.86e-15,0.0,0.7092,0.2755,0.002746,0.0007408,0.006719,-1.0,0.01527,9.183,10.268,11.843,9.053
0.0152,0.01508,7.8,0.3860198259,2.0987910883,0.386,-1.62,3.5114,4.642,0.0,0.0,0.545,0.0,0.0,0.0,0.0,0.0,-1.0,-2.33e-15,0.0,0.7092,0.2755,0.002746,0.0007408,0.006719,-1.0,0.01527,8.821,9.795,11.245,8.62
0.0152,0.01508,7.8,0.3992408514,2.1174551953,0.399,-1.595,3.5137,4.641,0.0,0.0,0.545,0.0,0.0,0.0,0.0,0.0,-1.0,-2.43e-15,0.0,0.7092,0.2755,0.002746,0.0007408,0.006719,-1.0,0.01527,8.758,9.716,11.146,8.546
0.0152,0.01508,7.8,0.4000000358,2.118502481,0.4,-1.594,3.5138,4.641,0.0,0.0,0.545,0.0,0.0,0.0,0.0,0.0,-1.0,-2.44e-15,0.0,0.7092,0.2755,0.002746,0.0007408,0.006719,-1.0,0.01527,8.754,9.711,11.14,8.542
0.0152,0.01508,7.8,0.4500000477,2.1822809714,0.45,-1.495,3.5236,4.633,0.0,0.0,0.545,0.0,0.0,0.0,0.0,0.0,-1.0,-2.92e-15,0.0,0.7092,0.2755,0.002746,0.0007408,0.006719,-1.0,0.01527,8.508,9.393,10.742,8.252
0.0152,0.01508,7.8,0.4581171274,2.1917658411,0.458,-1.476,3.5257,4.63,0.0,0.0,0.545,0.0,0.0,0.0,0.0,0.0,-1.0,-3.04e-15,0.0,0.7092,0.2755,0.002746,0.0007408,0.006719,-1.0,0.01527,8.46,9.33,10.663,8.196
0.0152,0.01508,7.8,0.5,2.2374541529,0.5,-1.392,3.5346,4.62,0.0,0.0,0.545,0.0,0.0,0.0,0.0,0.0,-1.0,-3.57e-15,0.0,0.7092,0.2755,0.002746,0.0007408,0.006719,-1.0,0.01527,8.251,9.061,10.329,7.951
0.0152,0.01508,7.8,0.5235422254,2.2604735359,0.523,-1.341,3.5408,4.613,0.0,0.0,0.545,0.0,0.0,0.0,0.0,0.0,-1.0,-3.94e-15,0.0,0.7092,0.2755,0.002746,0.0007408,0.006719,-1.0,0.01527,8.124,8.894,10.118,7.801
0.0152,0.01508,7.8,0.5500000119,2.2836582633,0.55,-1.282,3.5486,4.606,0.0,0.0,0.545,0.0,0.0,0.0,0.0,0.0,-1.0,-4.43e-15,0.0,0.7092,0.2755,0.002746,0.0007408,0.006718,-1.0,0.01527,7.975,8.695,9.867,7.624
0.0152,0.01508,7.8,0.5537353754,2.286726921,0.553,-1.273,3.5499,4.605,0.0,0.0,0.545,0.0,0.0,0.0,0.0,0.0,-1.0,-4.51e-15,0.0,0.7092,0.2755,0.002746,0.0007408,0.006718,-1.0,0.01527,7.952,8.663,9.827,7.596
0.0152,0.01508,7.8,0.582367599,2.3087532504,0.582,-1.188,3.5623,4.592,0.0,0.0,0.545,0.0,0.0,0.0,0.0,0.0,-1.0,-5.41e-15,0.0,0.7092,0.2755,0.002746,0.0007407,0.006718,-1.0,0.01527,7.74,8.373,9.456,7.342
0.0152,0.01508,7.8,0.6000000238,2.3211213258,0.6,-1.133,3.5711,4.585,0.0,0.0,0.545,0.0,0.0,0.0,0.0,0.0,-1.0,-6.1e-15,0.0,0.7092,0.2755,0.002746,0.0007407,0.006718,-1.0,0.01527,7.601,8.179,9.208,7.175
0.0152,0.01508,7.8,0.619751215,2.3340190223,0.62,-1.06,3.5842,4.579,0.0,0.0,0.545,0.0,0.0,0.0,0.0,0.0,-1.0,-7.12e-15,0.0,0.7092,0.2755,0.002746,0.0007407,0.006718,-1.0,0.01527,7.421,7.922,8.878,6.956
0.0152,0.01508,7.8,0.6405450702,2.3466139647,0.64,-0.977,3.6006,4.576,0.0,0.0,0.545,0.0,0.0,0.0,0.0,0.0,-1.0,-8.53e-15,0.0,0.7092,0.2755,0.002745,0.0007407,0.006718,-1.0,0.01527,7.212,7.627,8.503,6.706
0.0152,0.01508,7.8,0.6499999762,2.3520353107,0.65,-0.937,3.6086,4.575,0.0,0.0,0.545,0.0,0.0,0.0,0.0,0.0,-1.0,-9.28e-15,0.0,0.7092,0.2755,0.002745,0.0007407,0.006718,-1.0,0.01527,7.113,7.488,8.327,6.589
0.0152,0.01508,7.8,0.6516809464,2.3529802398,0.652,-0.93,3.6102,4.575,0.0,0.0,0.545,0.0,0.0,0.0,0.0,0.0,-1.0,-9.42e-15,0.0,0.7092,0.2755,0.002745,0.0007407,0.006718,-1.0,0.01527,7.095,7.462,8.294,6.568
0.0152,0.01508,7.8,0.6675821543,2.3616487883,0.668,-0.863,3.6252,4.579,0.0,0.0,0.545,0.0,0.0,0.0,0.0,0.0,-1.0,-1.08e-14,0.0,0.7092,0.2755,0.002745,0.0007407,0.006718,-1.0,0.01527,6.928,7.22,7.985,6.367
0.0152,0.01508,7.8,0.6844757795,2.3703527736,0.685,-0.794,3.6413,4.585,0.0,0.0,0.545,0.0,0.0,0.0,0.0,0.0,-1.0,-1.24e-14,0.0,0.7092,0.2755,0.002745,0.0007407,0.006718,-1.0,0.01527,6.755,6.967,7.658,6.163
0.0152,0.01508,7.8,0.7000000477,2.3779267258,0.7,-0.735,3.6554,4.591,0.0,0.0,0.545,0.0,0.0,0.0,0.0,0.0,-1.0,-1.4e-14,0.0,0.7092,0.2755,0.002745,0.0007406,0.006717,-1.0,0.01527,6.606,6.75,7.381,5.986
0.0152,0.01508,7.8,0.7021871805,2.3789628728,0.702,-0.725,3.6582,4.594,0.0,0.0,0.545,0.0,0.0,0.0,0.0,0.0,-1.0,-1.42e-14,0.0,0.7092,0.2755,0.002744,0.0007406,0.006717,-1.0,0.01527,6.583,6.713,7.334,5.958
0.0152,0.01508,7.8,0.7064182758,2.3809464127,0.707,-0.713,3.6619,4.6,0.0,0.0,0.544,0.0,0.0,0.0,0.0,0.0,-1.0,-1.45e-14,0.0,0.7092,0.2755,0.002741,0.0007405,0.006717,-1.0,0.01527,6.552,6.666,7.272,5.921
0.0152,0.01508,7.8,0.75,2.3998889087,0.75,-0.644,3.6836,4.643,0.0,0.0,0.538,0.0,0.0,0.0,0.0,0.0,-1.0,-1.59e-14,0.0,0.7093,0.2754,0.002708,0.0007396,0.006718,-1.0,0.01527,6.379,6.409,6.942,5.722
0.0152,0.01508,7.8,0.7557832599,2.4022144596,0.756,-0.633,3.6857,4.644,0.0,0.0,0.538,0.0,0.0,0.0,0.0,0.0,-1.0,-1.62e-14,0.0,0.7093,0.2754,0.002708,0.0007396,0.006718,-1.0,0.01527,6.353,6.377,6.903,5.694
0.0152,0.01508,7.8,0.8000000119,2.4187244405,0.8,-0.552,3.6989,4.641,0.0,0.0,0.538,0.0,0.0,0.0,0.0,0.0,-1.0,-1.9e-14,0.0,0.7093,0.2754,0.002708,0.0007395,0.006717,-1.0,0.01527,6.151,6.135,6.622,5.486
0.0152,0.01508,7.8,0.844291687,2.4332846692,0.844,-0.457,3.7132,4.626,0.0,0.0,0.538,0.0,0.0,0.0,0.0,0.0,-1.0,-2.34e-14,0.0,0.7093,0.2754,0.002708,0.0007395,0.006717,-1.0,0.01527,5.912,5.86,6.31,5.245
0.0152,0.01508,7.8,0.8500000238,2.435034684,0.85,-0.445,3.7149,4.624,0.0,0.0,0.538,0.0,0.0,0.0,0.0,0.0,-1.0,-2.4e-14,0.0,0.7093,0.2754,0.002708,0.0007395,0.006716,-1.0,0.01527,5.883,5.828,6.273,5.217
0.0152,0.01508,7.8,0.8714386821,2.4413723732,0.871,-0.405,3.7208,4.618,0.0,0.0,0.538,0.0,0.0,0.0,0.0,0.0,-1.0,-2.61e-14,0.0,0.7094,0.2754,0.002708,0.0007394,0.006716,-1.0,0.01525,5.783,5.715,6.145,5.117
0.0152,0.01508,7.8,0.9000000358,2.4492786175,0.899,-0.341,3.73,4.604,0.0,0.0,0.538,0.0,0.0,0.0,0.0,0.0,-1.0,-3.02e-14,0.0,0.7094,0.2754,0.002708,0.0007394,0.006716,-1.0,0.01525,5.621,5.537,5.946,4.959
0.0152,0.01508,7.8,0.9298808575,2.4569551532,0.929,-0.276,3.7386,4.588,0.0,0.0,0.538,0.0,0.0,0.0,0.0,0.0,-1.0,-3.51e-14,0.0,0.7094,0.2753,0.002708,0.0007394,0.006715,-1.0,0.01527,5.459,5.36,5.749,4.802
0.0152,0.01508,7.8,0.9500000477,2.4618122009,0.95,-0.233,3.7445,4.579,0.0,0.0,0.538,0.0,0.0,0.0,0.0,0.0,-1.0,-3.88e-14,0.0,0.7094,0.2753,0.002707,0.0007393,0.006715,-1.0,0.01527,5.352,5.246,5.621,4.702
0.0152,0.01508,7.8,0.9625541568,2.4647249069,0.962,-0.205,3.7481,4.571,0.0,0.0,0.538,0.0,0.0,0.0,0.0,0.0,-1.0,-4.14e-14,0.0,0.7094,0.2753,0.002707,0.0007392,0.006714,-1.0,0.01527,5.283,5.173,5.539,4.637
0.0152,0.01508,7.8,1.0,2.4729154477,1.0,-0.128,3.7581,4.55,0.0,0.0,0.538,0.0,0.0,0.0,0.0,0.0,-1.0,-4.97e-14,0.0,0.7095,0.2753,0.002707,0.0007391,0.006713,-1.0,0.01527,5.09,4.971,5.315,4.459
0.0152,0.01508,7.8,1.0499999523,2.482811486,1.05,-0.031,3.7698,4.522,0.0,0.0,0.538,0.0,0.0,0.0,0.0,0.0,-1.0,-5.83e-14,0.0,0.7096,0.2752,0.002706,0.000739,0.006712,-1.0,0.01525,4.848,4.723,5.04,4.239
0.0152,0.01508,7.8,1.1000000238,2.491680148,1.099,0.067,3.7809,4.488,0.0,0.0,0.538,0.0,0.0,0.0,0.0,0.0,-1.0,-6.83e-14,0.0,0.7097,0.275,0.002705,0.0007387,0.006709,-1.0,0.01527,4.602,4.474,4.766,4.017
0.0152,0.01508,7.8,1.1438711882,2.4987318296,1.143,0.158,3.7917,4.457,0.0,0.0,0.538,0.0,0.0,0.0,0.0,0.0,-1.0,-7.92e-14,0.0,0.7099,0.2749,0.002703,0.0007383,0.006706,-1.0,0.01518,4.375,4.247,4.517,3.816
0.0152,0.01508,7.8,1.1499999762,2.4996678137,1.149,0.169,3.7929,4.453,0.0,0.0,0.538,0.0,0.0,0.0,0.0,0.0,-1.0,-8.05e-14,0.0,0.7099,0.2749,0.002703,0.0007383,0.006705,-1.0,0.01517,4.348,4.219,4.487,3.792
0.0152,0.01508,7.8,1.2000000477,2.5068948796,1.2,0.259,3.8027,4.421,0.0,0.0,0.538,0.0,0.0,0.0,0.0,0.0,-1.0,-9.11e-14,0.0,0.71,0.2748,0.002703,0.0007381,0.006705,-1.0,0.01525,4.123,3.996,4.244,3.592
0.0152,0.01508,7.8,1.25,2.5134610955,1.25,0.345,3.8124,4.392,0.0,0.0,0.538,0.0,0.0,0.0,0.0,0.0,-1.0,-1.02e-13,0.0,0.71,0.2748,0.002703,0.0007381,0.006705,-1.0,0.01525,3.907,3.783,4.012,3.403
0.0152,0.01508,7.8,1.2999999523,2.5194498592,1.3,0.426,3.8216,4.364,0.0,0.0,0.538,0.0,0.0,0.0,0.0,0.0,-1.0,-1.11e-13,0.0,0.71,0.2747,0.002703,0.0007381,0.006704,-1.0,0.01525,3.704,3.581,3.794,3.222
0.0152,0.01508,7.8,1.3500001431,2.5249313723,1.35,0.503,3.8311,4.341,0.0,0.0,0.538,0.0,0.0,0.0,0.0,0.0,-1.0,-1.16e-13,0.0,0.7101,0.2747,0.002703,0.000738,0.006703,-1.0,0.01521,3.511,3.39,3.586,3.053
0.0152,0.01508,7.8,1.4000000954,2.5299650415,1.4,0.576,3.8407,4.323,0.0,0.0,0.538,0.0,0.0,0.0,0.0,0.0,-1.0,-1.18e-13,0.0,0.7101,0.2747,0.002703,0.000738,0.006703,-1.0,0.01518,3.329,3.211,3.391,2.896
0.0152,0.01508,7.8,1.4500000477,2.5346015836,1.45,0.644,3.8515,4.313,0.0,0.0,0.538,0.0,0.0,0.0,0.0,0.0,-1.0,-1.15e-13,0.0,0.7101,0.2747,0.002702,0.000738,0.006703,-1.0,0.01525,3.159,3.045,3.208,2.756
0.0152,0.01508,7.8,1.5,2.5388844597,1.5,0.71,3.8636,4.311,0.0,0.0,0.538,0.0,0.0,0.0,0.0,0.0,-1.0,-1.05e-13,0.0,0.7101,0.2746,0.002702,0.0007379,0.006702,-1.0,0.01524,2.996,2.887,3.031,2.627
0.0152,0.01508,7.8,1.5499999523,2.5428511323,1.55,0.772,3.8769,4.315,0.0,0.0,0.538,0.0,0.0,0.0,0.0,0.0,-1.0,-8.93e-14,0.0,0.7102,0.2746,0.002702,0.0007378,0.006701,-1.0,0.01525,2.839,2.739,2.864,2.511
0.0152,0.01508,7.8,1.6000000238,2.5465340628,1.6,0.833,3.8901,4.321,0.0,0.0,0.538,0.0,0.0,0.0,0.0,0.0,-1.0,-6.7e-14,0.0,0.7102,0.2745,0.002702,0.0007377,0.0067,-1.0,0.01524,2.687,2.597,2.702,2.402
0.0152,0.01508,7.8,1.6500000954,2.5499614852,1.649,0.891,3.9026,4.327,0.0,0.0,0.538,0.0,0.0,0.0,0.0,0.0,-1.0,-3.75e-14,0.0,0.7103,0.2745,0.002701,0.0007376,0.0067,-1.0,0.01523,2.543,2.466,2.554,2.303
0.0152,0.01508,7.8,1.7000000477,2.5531580802,1.699,0.947,3.9145,4.332,0.0,0.0,0.538,0.0,0.0,0.0,0.0,0.0,-1.0,-9.999999999999999e-31,0.0,0.7103,0.2745,0.002701,0.0007375,0.006699,-1.0,0.01523,2.404,2.343,2.414,2.21
0.0152,0.01508,7.8,1.75,2.5561455243,1.749,1.0,3.9258,4.336,1.0,0.0,0.538,0.0,0.0,0.0,0.0,0.0,-1.0,-9.999999999999999e-31,0.0,0.7103,0.2744,0.0027,0.0007375,0.006699,-1.0,0.01524,2.27,2.228,2.283,2.122
0.0152,0.01508,7.8,1.7999999523,2.5589429085,1.799,1.052,3.9365,4.339,1.0,0.0,0.538,0.0,0.0,0.0,0.0,0.0,-1.0,-9.999999999999999e-31,0.0,0.7104,0.2744,0.0027,0.0007374,0.006698,-1.0,0.01522,2.14,2.121,2.164,2.04
0.0152,0.01508,7.8,1.8500000238,2.5615671203,1.849,1.101,3.9464,4.341,1.0,0.0,0.538,0.0,0.0,0.0,0.0,0.0,-1.0,-9.999999999999999e-31,0.0,0.7104,0.2744,0.0027,0.0007374,0.006697,-1.0,0.01521,2.017,2.024,2.057,1.964
0.0152,0.01508,7.8,1.9000000954,2.5640331317,1.899,1.149,3.9558,4.343,1.0,0.0,0.538,0.0,0.0,0.0,0.0,0.0,-1.0,-9.999999999999999e-31,0.0,0.7104,0.2744,0.0027,0.0007373,0.006697,-1.0,0.01521,1.897,1.934,1.957,1.891
0.0152,0.01508,7.8,1.9500001669,2.5663542767,1.95,1.196,3.9649,4.344,1.0,0.0,0.538,0.0,0.0,0.0,0.0,0.0,-1.0,-9.999999999999999e-31,0.0,0.7104,0.2744,0.0027,0.0007373,0.006696,-1.0,0.0152,1.781,1.849,1.864,1.821
0.0152,0.01508,7.8,2.0,2.5685424513,2.0,1.24,3.9735,4.345,1.0,0.0,0.537,0.0,0.0,0.0,0.0,0.0,-1.0,-9.999999999999999e-31,0.0,0.7104,0.2743,0.002699,0.0007372,0.006696,-1.0,0.01526,1.669,1.77,1.778,1.755
0.0152,0.01508,7.8,2.0499999523,2.5706083333,2.05,1.284,3.9817,4.344,1.0,0.0,0.538,0.0,0.0,0.0,0.0,0.0,-1.0,-9.999999999999999e-31,0.0,0.7105,0.2743,0.002699,0.0007371,0.006696,-1.0,0.01523,1.56,1.694,1.697,1.69
0.0152,0.01508,7.8,2.0707960129,2.5714338716,2.07,1.302,3.9849,4.344,1.0,0.0,0.538,0.0,0.0,0.0,0.0,0.0,-1.0,-9.999999999999999e-31,0.0,0.7105,0.2743,0.002699,0.0007371,0.006695,-1.0,0.01521,1.516,1.663,1.664,1.664
0.0152,0.01508,7.8,2.0999999046,2.5725614918,2.099,1.326,3.9893,4.343,1.0,0.0,0.538,0.0,0.0,0.0,0.0,0.0,-1.0,-9.999999999999999e-31,0.0,0.7105,0.2743,0.002699,0.0007371,0.006695,-1.0,0.01518,1.454,1.62,1.618,1.626
0.0152,0.01508,7.8,2.1500000954,2.5744105556,2.149,1.368,3.9968,4.342,1.0,0.0,0.537,0.0,0.0,0.0,0.0,0.0,-1.0,-9.999999999999999e-31,0.0,0.7105,0.2743,0.002699,0.0007371,0.006695,-1.0,0.0152,1.351,1.551,1.544,1.566
0.0152,0.01508,7.8,2.2000000477,2.5761632879,2.199,1.408,4.0038,4.339,1.0,0.0,0.538,0.0,0.0,0.0,0.0,0.0,-1.0,-9.999999999999999e-31,0.0,0.7105,0.2742,0.002699,0.000737,0.006695,-1.0,0.01525,1.25,1.482,1.471,1.504
0.0152,0.01508,7.8,2.25,2.5778267375,2.249,1.447,4.0105,4.337,1.0,0.0,0.538,0.0,0.0,0.0,0.0,0.0,-1.0,-9.999999999999999e-31,0.0,0.7105,0.2742,0.002699,0.000737,0.006694,-1.0,0.01525,1.152,1.416,1.401,1.445
0.0152,0.01508,7.8,2.277933836,2.5787195907,2.276,1.469,4.0142,4.335,1.0,0.0,0.538,0.0,0.0,0.0,0.0,0.0,-1.0,-9.999999999999999e-31,0.0,0.7105,0.2742,0.002699,0.000737,0.006694,-1.0,0.01525,1.098,1.38,1.363,1.412
0.0152,0.01508,7.8,2.2999999523,2.5794072884,2.299,1.486,4.0171,4.334,1.0,0.0,0.538,0.0,0.0,0.0,0.0,0.0,-1.0,-9.999999999999999e-31,0.0,0.7106,0.2742,0.002699,0.0007369,0.006694,-1.0,0.01524,1.056,1.351,1.333,1.387
0.0152,0.01508,7.8,2.4000000954,2.5823423892,2.399,1.56,4.0296,4.329,1.0,0.0,0.538,0.0,0.0,0.0,0.0,0.0,-1.0,-9.999999999999999e-31,0.0,0.7106,0.2742,0.002699,0.0007369,0.006694,-1.0,0.01521,0.87,1.226,1.202,1.273
0.0152,0.01508,7.8,2.5391767025,2.5859882145,2.539,1.658,4.0457,4.32,1.0,0.0,0.538,0.0,0.0,0.0,0.0,0.0,-1.0,-9.999999999999999e-31,0.0,0.7097,0.2751,0.002706,0.0007389,0.006711,-1.0,0.01525,0.625,1.061,1.03,1.12
0.0152,0.01508,7.8,2.5999999046,2.5874412955,2.6,1.699,4.0525,4.316,1.0,0.0,0.538,0.0,0.0,0.0,0.0,0.0,-1.0,-9.999999999999999e-31,0.0,0.7092,0.2755,0.00271,0.0007399,0.00672,-1.0,0.01527,0.522,0.992,0.958,1.055
0.0152,0.01508,7.8,2.8000001907,2.5917117867,2.8,1.829,4.0731,4.3,1.0,0.0,0.538,0.0,0.0,0.0,0.0,0.0,-1.0,-9.999999999999999e-31,0.0,0.7092,0.2755,0.00271,0.0007399,0.00672,-1.0,0.01527,0.197,0.772,0.731,0.85
0.0152,0.01508,7.8,2.9304008484,2.5941380478,2.931,1.909,4.0854,4.29,1.0,0.0,0.538,0.0,0.0,0.0,0.0,0.0,-1.0,-9.999999999999999e-31,0.0,0.7092,0.2755,0.00271,0.0007399,0.00672,-1.0,0.01527,-0.003,0.637,0.592,0.723
0.0152,0.01508,7.8,3.0,2.5953341962,3.0,1.95,4.0918,4.284,1.0,0.0,0.538,0.0,0.0,0.0,0.0,0.0,-1.0,-9.999999999999999e-31,0.0,0.7092,0.2755,0.00271,0.0007399,0.00672,-1.0,0.01527,-0.106,0.568,0.52,0.657
0.0152,0.01508,7.8,3.1362392902,2.5974998884,3.136,2.029,4.1037,4.272,1.0,0.0,0.538,0.0,0.0,0.0,0.0,0.0,-1.0,-9.999999999999999e-31,0.0,0.7092,0.2755,0.00271,0.0007399,0.00672,-1.0,0.01527,-0.302,0.435,0.383,0.531
0.0152,0.01508,7.8,3.2000000477,2.5984409005,3.199,2.065,4.1091,4.266,1.0,0.0,0.538,0.0,0.0,0.0,0.0,0.0,-1.0,-9.999999999999999e-31,0.0,0.7092,0.2755,0.00271,0.0007399,0.00672,-1.0,0.01527,-0.392,0.374,0.321,0.473
0.0152,0.01508,7.8,3.2818250656,2.5995871222,3.281,2.11,4.1157,4.259,1.0,0.0,0.538,0.0,0.0,0.0,0.0,0.0,-1.0,-9.999999999999999e-31,0.0,0.7092,0.2755,0.00271,0.0007399,0.00672,-1.0,0.01527,-0.505,0.298,0.243,0.401
0.0152,0.01508,7.8,3.4000000954,2.6011310876,3.398,2.173,4.125,4.248,1.0,0.0,0.538,0.0,0.0,0.0,0.0,0.0,-1.0,-9.999999999999999e-31,0.0,0.7092,0.2755,0.00271,0.0007399,0.00672,-1.0,0.01527,-0.663,0.191,0.133,0.299
0.0152,0.01508,7.8,3.5820496082,2.6032818931,3.579,2.267,4.1385,4.23,1.0,0.0,0.538,0.0,0.0,0.0,0.0,0.0,-1.0,-9.999999999999999e-31,0.0,0.7092,0.2755,0.00271,0.0007399,0.00672,-1.0,0.01527,-0.898,0.031,-0.031,0.147
0.0152,0.01508,7.8,3.6000001431,2.6034804607,3.598,2.276,4.1397,4.228,1.0,0.0,0.538,0.0,0.0,0.0,0.0,0.0,-1.0,-9.999999999999999e-31,0.0,0.7092,0.2755,0.00271,0.0007399,0.00672,-1.0,0.01527,-0.921,0.016,-0.047,0.132
0.0152,0.01508,7.8,3.8000001907,2.6055477311,3.798,2.375,4.1532,4.207,1.0,0.0,0.538,0.0,0.0,0.0,0.0,0.0,-1.0,-9.999999999999999e-31,0.0,0.7092,0.2755,0.00271,0.0007399,0.00672,-1.0,0.01527,-1.169,-0.156,-0.223,-0.032
0.0152,0.01508,7.8,3.9671788216,2.6070930868,3.967,2.456,4.1636,4.187,1.0,0.0,0.538,0.0,0.0,0.0,0.0,0.0,-1.0,-9.999999999999999e-31,0.0,0.7092,0.2755,0.00271,0.0007399,0.00672,-1.0,0.01527,-1.369,-0.296,-0.366,-0.166
0.0152,0.01508,7.8,4.0,2.607379084,4.001,2.471,4.1656,4.183,1.0,0.0,0.538,0.0,0.0,0.0,0.0,0.0,-1.0,-9.999999999999999e-31,0.0,0.7092,0.2755,0.00271,0.0007399,0.00672,-1.0,0.01527,-1.408,-0.324,-0.395,-0.193
0.0152,0.01508,7.8,4.1069874763,2.6082749654,4.106,2.521,4.1718,4.17,1.0,0.0,0.538,0.0,0.0,0.0,0.0,0.0,-1.0,-9.999999999999999e-31,0.0,0.7092,0.2755,0.00271,0.0007399,0.00672,-1.0,0.01527,-1.533,-0.413,-0.486,-0.278
0.0152,0.01508,7.8,4.1999998093,2.6090113217,4.198,2.564,4.177,4.157,1.0,0.0,0.538,0.0,0.0,0.0,0.0,0.0,-1.0,-9.999999999999999e-31,0.0,0.7092,0.2755,0.00271,0.0007399,0.00672,-1.0,0.01527,-1.64,-0.49,-0.564,-0.353
0.0152,0.01508,7.8,4.3901247978,2.6104054681,4.387,2.649,4.1868,4.13,1.0,0.0,0.538,0.0,0.0,0.0,0.0,0.0,-1.0,-9.999999999999999e-31,0.0,0.7092,0.2755,0.00271,0.0007399,0.00672,-1.0,0.01527,-1.853,-0.647,-0.724,-0.504
0.0152,0.01508,7.8,4.4000000954,2.6104741055,4.397,2.654,4.1873,4.129,1.0,0.0,0.538,0.0,0.0,0.0,0.0,0.0,-1.0,-9.999999999999999e-31,0.0,0.7092,0.2755,0.00271,0.0007399,0.00672,-1.0,0.01527,-1.864,-0.655,-0.732,-0.512
0.0152,0.01508,7.8,4.5782213211,2.6116545266,4.575,2.732,4.1955,4.101,1.0,0.0,0.538,0.0,0.0,0.0,0.0,0.0,-1.0,-9.999999999999999e-31,0.0,0.7092,0.2755,0.00271,0.0007399,0.00672,-1.0,0.01527,-2.06,-0.802,-0.882,-0.654
0.0152,0.01508,7.8,4.5999999046,2.6117915791,4.597,2.741,4.1964,4.097,1.0,0.0,0.538,0.0,0.0,0.0,0.0,0.0,-1.0,-9.999999999999999e-31,0.0,0.7092,0.2755,0.00271,0.0007399,0.00672,-1.0,0.01527,-2.084,-0.821,-0.902,-0.673
0.0152,0.01508,7.8,4.7406907082,2.6126421635,4.738,2.803,4.202,4.071,1.0,0.0,0.538,0.0,0.0,0.0,0.0,0.0,-1.0,-9.999999999999999e-31,0.0,0.7092,0.2755,0.00271,0.0007399,0.00672,-1.0,0.01527,-2.238,-0.943,-1.025,-0.791
0.0152,0.01508,7.8,4.8000001907,2.6129836005,4.798,2.829,4.2042,4.059,1.0,0.0,0.538,0.0,0.0,0.0,0.0,0.0,-1.0,-9.999999999999999e-31,0.0,0.7092,0.2755,0.00271,0.0007399,0.00672,-1.0,0.01527,-2.303,-0.995,-1.078,-0.842
0.0152,0.01508,7.8,4.938352108,2.6137435386,4.937,2.889,4.2087,4.03,1.0,0.0,0.538,0.0,0.0,0.0,0.0,0.0,-1.0,-9.999999999999999e-31,0.0,0.7092,0.2755,0.00271,0.0007399,0.00672,-1.0,0.01527,-2.452,-1.119,-1.203,-0.963
0.0152,0.01508,7.8,5.0,2.6140666223,4.999,2.915,4.2105,4.016,1.0,0.0,0.538,0.0,0.0,0.0,0.0,0.0,-1.0,-9.999999999999999e-31,0.0,0.7092,0.2755,0.00271,0.0007399,0.00672,-1.0,0.01527,-2.519,-1.175,-1.26,-1.018
0.0152,0.01508,7.8,5.0524253845,2.6143342508,5.052,2.938,4.212,4.004,1.0,0.0,0.538,0.0,0.0,0.0,0.0,0.0,-1.0,-9.999999999999999e-31,0.0,0.7092,0.2755,0.00271,0.0007399,0.00672,-1.0,0.01527,-2.574,-1.222,-1.308,-1.065
0.0152,0.01508,7.8,5.1711454391,2.6149173077,5.171,2.989,4.2147,3.974,1.0,0.0,0.538,0.0,0.0,0.0,0.0,0.0,-1.0,-9.999999999999999e-31,0.0,0.7092,0.2755,0.00271,0.0007399,0.00672,-1.0,0.01527,-2.702,-1.334,-1.421,-1.175
0.0152,0.01508,7.8,5.1999998093,2.6150544,5.2,3.001,4.2151,3.965,1.0,0.0,0.538,0.0,0.0,0.0,0.0,0.0,-1.0,-9.999999999999999e-31,0.0,0.7092,0.2755,0.00271,0.0007399,0.00672,-1.0,0.01527,-2.733,-1.364,-1.45,-1.204
0.0152,0.01508,7.8,5.270052433,2.6153800607,5.27,3.032,4.216,3.944,1.0,0.0,0.538,0.0,0.0,0.0,0.0,0.0,-1.0,-9.999999999999999e-31,0.0,0.7092,0.2755,0.00271,0.0007399,0.00672,-1.0,0.01527,-2.809,-1.434,-1.521,-1.274
0.0152,0.01508,7.8,5.3619384766,2.61579242,5.362,3.072,4.2168,3.915,1.0,0.0,0.538,0.0,0.0,0.0,0.0,0.0,-1.0,-9.999999999999999e-31,0.0,0.7092,0.2755,0.00271,0.0007399,0.00672,-1.0,0.01527,-2.909,-1.531,-1.618,-1.37
0.0152,0.01508,7.8,5.3999996185,2.6159585084,5.401,3.088,4.2169,3.901,1.0,0.0,0.538,0.0,0.0,0.0,0.0,0.0,-1.0,-9.999999999999999e-31,0.0,0.7092,0.2755,0.00271,0.0007399,0.00672,-1.0,0.01527,-2.951,-1.572,-1.659,-1.412
0.0152,0.01508,7.8,5.4920854568,2.6163494173,5.493,3.129,4.2169,3.869,1.0,0.0,0.538,0.0,0.0,0.0,0.0,0.0,-1.0,-9.999999999999999e-31,0.0,0.7092,0.2755,0.00271,0.0007399,0.00672,-1.0,0.01527,-3.052,-1.673,-1.76,-1.513
0.0152,0.01508,7.8,5.5999193192,2.6167884357,5.601,3.177,4.2154,3.823,1.0,0.0,0.538,0.0,0.0,0.0,0.0,0.0,-1.0,-9.999999999999999e-31,0.0,0.7092,0.2755,0.00271,0.0007399,0.00672,-1.0,0.01527,-3.172,-1.803,-1.89,-1.644
0.0152,0.01508,7.8,5.5999994278,2.6167887546,5.601,3.177,4.2154,3.823,1.0,0.0,0.538,0.0,0.0,0.0,0.0,0.0,-1.0,-9.999999999999999e-31,0.0,0.7092,0.2755,0.00271,0.0007399,0.00672,-1.0,0.01527,-3.172,-1.804,-1.89,-1.644
0.0152,0.01508,7.8,5.6128363609,2.6168397247,5.614,3.183,4.2152,3.817,1.0,0.0,0.538,0.0,0.0,0.0,0.0,0.0,-1.0,-9.999999999999999e-31,0.0,0.7092,0.2755,0.00271,0.0007399,0.00672,-1.0,0.01527,-3.187,-1.819,-1.906,-1.66
0.0152,0.01508,7.8,5.7104473114,2.6172186919,5.711,3.227,4.2121,3.769,1.0,0.0,0.538,0.0,0.0,0.0,0.0,0.0,-1.0,-9.999999999999999e-31,0.0,0.7092,0.2755,0.00271,0.0007399,0.00672,-1.0,0.01527,-3.297,-1.948,-2.034,-1.79
0.0152,0.01508,7.8,5.8000001907,2.6175535027,5.801,3.267,4.2078,3.717,1.0,0.0,0.538,0.0,0.0,0.0,0.0,0.0,-1.0,-9.999999999999999e-31,0.0,0.7092,0.2755,0.00271,0.0007399,0.00672,-1.0,0.01527,-3.398,-2.076,-2.161,-1.921
0.0152,0.01508,7.8,5.8304476738,2.6176646457,5.831,3.281,4.2062,3.7,1.0,0.0,0.538,0.0,0.0,0.0,0.0,0.0,-1.0,-9.999999999999999e-31,0.0,0.7092,0.2755,0.00271,0.0007399,0.00672,-1.0,0.01527,-3.433,-2.12,-2.204,-1.966
0.0152,0.01508,7.8,5.9202103615,2.6179846705,5.921,3.323,4.1996,3.637,1.0,0.0,0.538,0.0,0.0,0.0,0.0,0.0,-1.0,-9.999999999999999e-31,0.0,0.7092,0.2755,0.00271,0.0007399,0.00672,-1.0,0.01527,-3.538,-2.265,-2.348,-2.115
0.0152,0.01508,7.8,6.0,2.6182599138,6.0,3.362,4.1919,3.574,1.0,0.0,0.538,0.0,0.0,0.0,0.0,0.0,-1.0,-9.999999999999999e-31,0.0,0.7092,0.2755,0.00271,0.0007399,0.00672,-1.0,0.01527,-3.635,-2.407,-2.488,-2.261
0.0152,0.01508,7.8,6.0020494461,2.6182668729,6.002,3.363,4.1917,3.572,1.0,0.0,0.538,0.0,0.0,0.0,0.0,0.0,-1.0,-9.999999999999999e-31,0.0,0.7092,0.2755,0.00271,0.0007399,0.00672,-1.0,0.01527,-3.637,-2.411,-2.491,-2.265
0.0152,0.01508,7.8,6.0706114769,2.6184965687,6.071,3.397,4.1835,3.51,1.0,0.0,0.538,0.0,0.0,0.0,0.0,0.0,-1.0,-9.999999999999999e-31,0.0,0.7092,0.2755,0.00271,0.0007399,0.00672,-1.0,0.01527,-3.723,-2.546,-2.624,-2.405
0.0152,0.01508,7.8,6.1377573013,2.6187158098,6.138,3.435,4.1762,3.448,1.0,0.0,0.538,0.0,0.0,0.0,0.0,0.0,-1.0,-9.999999999999999e-31,0.0,0.7092,0.2755,0.00271,0.0007399,0.00672,-1.0,0.01527,-3.818,-2.683,-2.759,-2.546
0.0152,0.01508,7.8,6.1544504166,2.6187694621,6.154,3.445,4.1751,3.435,1.0,0.0,0.538,0.0,0.0,0.0,0.0,0.0,-1.0,-9.999999999999999e-31,0.0,0.7092,0.2755,0.00271,0.0007399,0.00672,-1.0,0.01527,-3.843,-2.715,-2.79,-2.579
0.0152,0.01508,7.8,6.1654624939,2.6188046725,6.165,3.454,4.1776,3.436,1.0,0.0,0.538,0.0,0.0,0.0,0.0,0.0,-1.0,-9.999999999999999e-31,0.0,0.7092,0.2755,0.00271,0.0007399,0.00672,-1.0,0.01527,-3.866,-2.723,-2.799,-2.585
0.0152,0.01508,7.8,6.1862459183,2.6188707335,6.186,3.477,4.1888,3.46,1.0,0.0,0.538,0.0,0.0,0.0,0.0,0.0,-1.0,-9.999999999999999e-31,0.0,0.7092,0.2755,0.00271,0.0007399,0.00672,-1.0,0.01527,-3.923,-2.715,-2.794,-2.571
0.0152,0.01508,7.8,6.1919784546,2.6188888649,6.192,3.491,4.2,3.49,1.0,0.0,0.538,0.0,0.0,0.0,0.0,0.0,-1.0,-9.999999999999999e-31,0.0,0.7092,0.2755,0.00271,0.0007399,0.00672,-1.0,0.01527,-3.958,-2.686,-2.769,-2.535
0.0152,0.01508,7.8,6.1945400238,2.6188969544,6.194,3.506,4.2111,3.52,1.0,0.0,0.538,0.0,0.0,0.0,0.0,0.0,-1.0,-9.999999999999999e-31,0.0,0.7092,0.2755,0.00271,0.0007399,0.00672,-1.0,0.01527,-3.996,-2.658,-2.744,-2.501
0.0152,0.01508,7.8,6.1957840919,2.6189008804,6.195,3.523,4.2214,3.544,1.0,0.0,0.538,0.0,0.0,0.0,0.0,0.0,-1.0,-9.999999999999999e-31,0.0,0.7092,0.2755,0.00271,0.0007399,0.00672,-1.0,0.01527,-4.038,-2.64,-2.729,-2.477
0.0152,0.01508,7.8,6.1965169907,2.6189031924,6.196,3.54,4.2302,3.563,1.0,0.0,0.538,0.0,0.0,0.0,0.0,0.0,-1.0,-9.999999999999999e-31,0.0,0.7092,0.2755,0.00271,0.0007399,0.00672,-1.0,0.01527,-4.08,-2.63,-2.722,-2.462
0.0152,0.01508,7.8,6.1967711449,2.6189039941,6.196,3.545,4.233,3.569,1.0,0.0,0.538,0.0,0.0,0.0,0.0,0.0,-1.0,-9.999999999999999e-31,0.0,0.7092,0.2755,0.00271,0.0007399,0.00672,-1.0,0.01527,-4.092,-2.627,-2.719,-2.457
0.0152,0.01508,7.8,6.1969790459,2.6189046497,6.197,3.528,4.2281,3.566,2.0,0.0,0.538,0.0,0.0,0.0,0.0,0.0,-1.0,-9.999999999999999e-31,0.0,0.7092,0.2755,0.00271,0.0007399,0.00672,-1.0,0.01527,-4.051,-2.614,-2.705,-2.447
0.0152,0.01508,7.8,6.1972527504,2.6189055129,6.197,3.504,4.2184,3.552,2.0,0.0,0.538,0.0,0.0,0.0,0.0,0.0,-1.0,-9.999999999999999e-31,0.0,0.7092,0.2755,0.00271,0.0007399,0.00672,-1.0,0.01527,-3.99,-2.609,-2.697,-2.447
0.0152,0.01508,7.8,6.1974864006,2.6189062496,6.197,3.489,4.2066,3.519,2.0,0.0,0.538,0.0,0.0,0.0,0.0,0.0,-1.0,-9.999999999999999e-31,0.0,0.7092,0.2755,0.00271,0.0007399,0.00672,-1.0,0.01527,-3.953,-2.642,-2.727,-2.487
0.0152,0.01508,7.8,6.197707653,2.6189069472,6.197,3.488,4.1947,3.473,2.0,0.0,0.538,0.0,0.0,0.0,0.0,0.0,-1.0,-9.999999999999999e-31,0.0,0.7092,0.2755,0.00271,0.0007399,0.00672,-1.0,0.01527,-3.95,-2.708,-2.789,-2.56
0.0152,0.01508,7.8,6.197936058,2.6189076673,6.198,3.496,4.1828,3.417,2.0,0.0,0.538,0.0,0.0,0.0,0.0,0.0,-1.0,-9.999999999999999e-31,0.0,0.7092,0.2755,0.00271,0.0007399,0.00672,-1.0,0.01527,-3.97,-2.798,-2.876,-2.657
0.0152,0.01508,7.8,6.1981739998,2.6189084174,6.198,3.507,4.1707,3.358,2.0,0.0,0.538,0.0,0.0,0.0,0.0,0.0,-1.0,-9.999999999999999e-31,0.0,0.7092,0.2755,0.00271,0.0007399,0.00672,-1.0,0.01527,-3.998,-2.896,-2.971,-2.763
0.0152,0.01508,7.8,6.1984167099,2.6189091824,6.198,3.518,4.1587,3.299,2.0,0.0,0.538,0.0,0.0,0.0,0.0,0.0,-1.0,-9.999999999999999e-31,0.0,0.7092,0.2755,0.00271,0.0007399,0.00672,-1.0,0.01527,-4.025,-2.992,-3.062,-2.866
0.0152,0.01508,7.8,6.1986632347,2.6189099594,6.198,3.526,4.1467,3.243,2.0,0.0,0.538,0.0,0.0,0.0,0.0,0.0,-1.0,-9.999999999999999e-31,0.0,0.7092,0.2755,0.00271,0.0007399,0.00672,-1.0,0.01527,-4.045,-3.082,-3.149,-2.963
0.0152,0.01508,7.8,6.1989088058,2.6189107334,6.198,3.532,4.1346,3.189,2.0,0.0,0.538,0.0,0.0,0.0,0.0,0.0,-1.0,-9.999999999999999e-31,0.0,0.7092,0.2755,0.00271,0.0007399,0.00672,-1.0,0.01527,-4.059,-3.165,-3.228,-3.054
0.0152,0.01508,7.8,6.1991524696,2.6189115012,6.199,3.536,4.1225,3.137,2.0,0.0,0.538,0.0,0.0,0.0,0.0,0.0,-1.0,-9.999999999999999e-31,0.0,0.7092,0.2755,0.00271,0.0007399,0.00672,-1.0,0.01527,-4.069,-3.243,-3.302,-3.139
0.0152,0.01508,7.8,6.1993923187,2.618912257,6.199,3.538,4.1104,3.085,2.0,0.0,0.538,0.0,0.0,0.0,0.0,0.0,-1.0,-9.999999999999999e-31,0.0,0.7092,0.2755,0.00271,0.0007399,0.00672,-1.0,0.01527,-4.076,-3.317,-3.373,-3.221
0.0152,0.01508,7.8,6.1996259689,2.6189129931,6.199,3.54,4.0982,3.036,2.0,0.0,0.538,0.0,0.0,0.0,0.0,0.0,-1.0,-9.999999999999999e-31,0.0,0.7092,0.2755,0.00271,0.0007399,0.00672,-1.0,0.01527,-4.079,-3.387,-3.439,-3.299
0.0152,0.01508,7.8,6.1998534203,2.6189137097,6.199,3.54,4.0861,2.987,2.0,0.0,0.538,0.0,0.0,0.0,0.0,0.0,-1.0,-9.999999999999999e-31,0.0,0.7092,0.2755,0.00271,0.0007399,0.00672,-1.0,0.01527,-4.08,-3.453,-3.501,-3.372
0.0152,0.01508,7.8,6.1999998093,2.6189141709,6.2,3.54,4.078,2.955,2.0,0.0,0.538,0.0,0.0,0.0,0.0,0.0,-1.0,-9.999999999999999e-31,0.0,0.7092,0.2755,0.00271,0.0007399,0.00672,-1.0,0.01527,-4.079,-3.495,-3.54,-3.42
0.0152,0.01508,7.8,6.2000613213,2.6189143646,6.2,3.54,4.0747,2.941,2.0,0.0,0.538,0.0,0.0,0.0,0.0,0.0,-1.0,-9.999999999999999e-31,0.0,0.7092,0.2755,0.00271,0.0007399,0.00672,-1.0,0.01527,-4.079,-3.512,-3.556,-3.439
0.0152,0.01508,7.8,6.200273037,2.6189150315,6.2,3.539,4.0628,2.895,2.0,0.0,0.538,0.0,0.0,0.0,0.0,0.0,-1.0,-9.999999999999999e-31,0.0,0.7092,0.2755,0.00271,0.0007399,0.00672,-1.0,0.01527,-4.076,-3.571,-3.611,-3.505
0.0152,0.01508,7.8,6.2004766464,2.6189156728,6.2,3.537,4.0508,2.849,2.0,0.0,0.538,0.0,0.0,0.0,0.0,0.0,-1.0,-9.999999999999999e-31,0.0,0.7092,0.2755,0.00271,0.0007399,0.00672,-1.0,0.01527,-4.072,-3.627,-3.662,-3.569
0.0152,0.01508,7.8,6.200671196,2.6189162856,6.2,3.535,4.0389,2.803,2.0,0.0,0.538,0.0,0.0,0.0,0.0,0.0,-1.0,-9.999999999999999e-31,0.0,0.7092,0.2755,0.00271,0.0007399,0.00672,-1.0,0.01527,-4.066,-3.68,-3.711,-3.63
0.0152,0.01508,7.8,6.2008571625,2.6189168712,6.201,3.532,4.027,2.759,2.0,0.0,0.538,0.0,0.0,0.0,0.0,0.0,-1.0,-9.999999999999999e-31,0.0,0.7092,0.2755,0.00271,0.0007399,0.00672,-1.0,0.01527,-4.059,-3.73,-3.757,-3.688
0.0152,0.01508,7.8,6.2010335922,2.6189174268,6.201,3.528,4.015,2.714,2.0,0.0,0.538,0.0,0.0,0.0,0.0,0.0,-1.0,-9.999999999999999e-31,0.0,0.7092,0.2755,0.00271,0.0007399,0.00672,-1.0,0.01527,-4.051,-3.778,-3.8,-3.744
0.0152,0.01508,7.8,6.2012019157,2.6189179568,6.201,3.525,4.0031,2.67,2.0,0.0,0.538,0.0,0.0,0.0,0.0,0.0,-1.0,-9.999999999999999e-31,0.0,0.7092,0.2755,0.00271,0.0007399,0.00672,-1.0,0.01527,-4.042,-3.823,-3.841,-3.798
0.0152,0.01508,7.8,6.2013616562,2.6189184598,6.201,3.521,3.9912,2.627,2.0,0.0,0.538,0.0,0.0,0.0,0.0,0.0,-1.0,-9.999999999999999e-31,0.0,0.7092,0.2755,0.00271,0.0007399,0.00672,-1.0,0.01527,-4.031,-3.865,-3.878,-3.849
0.0152,0.01508,7.8,6.2015137672,2.6189189387,6.201,3.516,3.9793,2.584,2.0,0.0,0.538,0.0,0.0,0.0,0.0,0.0,-1.0,-9.999999999999999e-31,0.0,0.7092,0.2755,0.00271,0.0007399,0.00672,-1.0,0.01527,-4.02,-3.905,-3.913,-3.898
0.0152,0.01508,7.8,6.2016587257,2.6189193951,6.201,3.511,3.9675,2.541,2.0,0.0,0.538,0.0,0.0,0.0,0.0,0.0,-1.0,-9.999999999999999e-31,0.0,0.7092,0.2755,0.00271,0.0007399,0.00672,-1.0,0.01527,-4.008,-3.942,-3.944,-3.945
0.0152,0.01508,7.8,6.2017960548,2.6189198274,6.201,3.506,3.9555,2.499,2.0,0.0,0.538,0.0,0.0,0.0,0.0,0.0,-1.0,-9.999999999999999e-31,0.0,0.7092,0.2755,0.00271,0.0007399,0.00672,-1.0,0.01527,-3.994,-3.975,-3.972,-3.99
0.0152,0.01508,7.8,6.2019271851,2.6189202402,6.202,3.5,3.9437,2.457,2.0,0.0,0.538,0.0,0.0,0.0,0.0,0.0,-1.0,-9.999999999999999e-31,0.0,0.7092,0.2755,0.00271,0.0007399,0.00672,-1.0,0.01527,-3.981,-4.004,-3.994,-4.034
0.0152,0.01508,7.8,6.2020821571,2.618920728,6.202,3.493,3.9287,2.404,2.0,0.0,0.538,0.0,0.0,0.0,0.0,0.0,-1.0,-9.999999999999999e-31,0.0,0.7092,0.2755,0.00271,0.0007399,0.00672,-1.0,0.01527,-3.963,-4.034,-4.012,-4.084
0.0152,0.01508,7.8,6.2021989822,2.6189210957,6.202,3.487,3.9168,2.363,2.0,0.0,0.538,0.0,0.0,0.0,0.0,0.0,-1.0,-9.999999999999999e-31,0.0,0.7092,0.2755,0.00271,0.0007399,0.00672,-1.0,0.01527,-3.948,-4.05,-4.017,-4.12
0.0152,0.01508,7.8,6.2023100853,2.6189214454,6.202,3.481,3.9049,2.321,2.0,0.0,0.538,0.0,0.0,0.0,0.0,0.0,-1.0,-9.999999999999999e-31,0.0,0.7092,0.2755,0.00271,0.0007399,0.00672,-1.0,0.01527,-3.932,-4.059,-4.013,-4.152
0.0152,0.01508,7.8,6.2024149895,2.6189217756,6.202,3.475,3.893,2.28,2.0,0.0,0.538,0.0,0.0,0.0,0.0,0.0,-1.0,-9.999999999999999e-31,0.0,0.7092,0.2755,0.00271,0.0007399,0.00672,-1.0,0.01527,-3.916,-4.063,-4.003,-4.182
0.0152,0.01508,7.8,6.2025146484,2.6189220893,6.202,3.468,3.8811,2.239,2.0,0.0,0.538,0.0,0.0,0.0,0.0,0.0,-1.0,-9.999999999999999e-31,0.0,0.7092,0.2755,0.00271,0.0007399,0.00672,-1.0,0.01527,-3.9,-4.06,-3.984,-4.209
0.0152,0.01508,7.8,6.202609539,2.6189223879,6.202,3.461,3.8691,2.197,2.0,0.0,0.538,0.0,0.0,0.0,0.0,0.0,-1.0,-9.999999999999999e-31,0.0,0.7092,0.2755,0.00271,0.0007399,0.00672,-1.0,0.01527,-3.884,-4.054,-3.959,-4.234
0.0152,0.01508,7.8,6.2026987076,2.6189226685,6.202,3.455,3.8572,2.157,2.0,0.0,0.538,0.0,0.0,0.0,0.0,0.0,-1.0,-9.999999999999999e-31,0.0,0.7092,0.2755,0.00271,0.0007399,0.00672,-1.0,0.01527,-3.867,-4.044,-3.928,-4.257
0.0152,0.01508,7.8,6.2027840614,2.6189229371,6.202,3.448,3.8453,2.116,2.0,0.0,0.538,0.0,0.0,0.0,0.0,0.0,-1.0,-9.999999999999999e-31,0.0,0.7092,0.2755,0.00271,0.0007399,0.00672,-1.0,0.01527,-3.85,-4.03,-3.892,-4.279
0.0152,0.01508,7.8,6.2028646469,2.6189231907,6.202,3.441,3.8334,2.075,2.0,0.0,0.538,0.0,0.0,0.0,0.0,0.0,-1.0,-9.999999999999999e-31,0.0,0.7092,0.2755,0.00271,0.0007399,0.00672,-1.0,0.01527,-3.832,-4.014,-3.853,-4.299
0.0152,0.01508,7.8,6.2029414177,2.6189234323,6.203,3.434,3.8215,2.035,2.0,0.0,0.538,0.0,0.0,0.0,0.0,0.0,-1.0,-9.999999999999999e-31,0.0,0.7092,0.2755,0.00271,0.0007399,0.00672,-1.0,0.01527,-3.815,-3.995,-3.809,-4.314
0.0152,0.01508,7.8,6.2030143738,2.6189236618,6.203,3.427,3.8096,1.994,2.0,0.0,0.538,0.0,0.0,0.0,0.0,0.0,-1.0,-9.999999999999999e-31,0.0,0.7092,0.2755,0.00271,0.0007399,0.00672,-1.0,0.01527,-3.797,-3.974,-3.764,-4.327
0.0152,0.01508,7.8,6.2030835152,2.6189238794,6.203,3.419,3.7978,1.954,2.0,0.0,0.538,0.0,0.0,0.0,0.0,0.0,-1.0,-9.999999999999999e-31,0.0,0.7092,0.2755,0.00271,0.0007399,0.00672,-1.0,0.01527,-3.779,-3.95,-3.714,-4.337
0.0152,0.01508,7.8,6.2031493187,2.6189240865,6.203,3.412,3.7859,1.914,2.0,0.0,0.538,0.0,0.0,0.0,0.0,0.0,-1.0,-9.999999999999999e-31,0.0,0.7092,0.2755,0.00271,0.0007399,0.00672,-1.0,0.01527,-3.76,-3.924,-3.66,-4.346
0.0152,0.01508,7.8,6.2032117844,2.618924283,6.203,3.405,3.7741,1.874,2.0,0.0,0.538,0.0,0.0,0.0,0.0,0.0,-1.0,-9.999999999999999e-31,0.0,0.7092,0.2755,0.00271,0.0007399,0.00672,-1.0,0.01527,-3.741,-3.896,-3.601,-4.352
0.0152,0.01508,7.8,6.203271389,2.6189244705,6.203,3.397,3.7622,1.835,2.0,0.0,0.538,0.0,0.0,0.0,0.0,0.0,-1.0,-9.999999999999999e-31,0.0,0.7092,0.2755,0.00271,0.0007399,0.00672,-1.0,0.01527,-3.722,-3.864,-3.538,-4.355
0.0152,0.01508,7.8,6.2033276558,2.6189246476,6.203,3.389,3.7505,1.796,2.0,0.0,0.538,0.0,0.0,0.0,0.0,0.0,-1.0,-9.999999999999999e-31,0.0,0.7092,0.2755,0.00271,0.0007399,0.00672,-1.0,0.01527,-3.703,-3.829,-3.474,-4.352
0.0152,0.01508,7.8,6.2033820152,2.6189248186,6.203,3.381,3.7388,1.757,2.0,0.0,0.538,0.0,0.0,0.0,0.0,0.0,-1.0,-9.999999999999999e-31,0.0,0.7092,0.2755,0.00271,0.0007399,0.00672,-1.0,0.01527,-3.682,-3.791,-3.406,-4.344
0.0152,0.01508,7.8,6.2034349442,2.6189249851,6.203,3.372,3.7273,1.72,2.0,0.0,0.538,0.0,0.0,0.0,0.0,0.0,-1.0,-9.999999999999999e-31,0.0,0.7092,0.2755,0.00271,0.0007399,0.00672,-1.0,0.01527,-3.661,-3.748,-3.334,-4.329
0.0152,0.01508,7.8,6.2034888268,2.6189251546,6.203,3.363,3.716,1.684,2.0,0.0,0.538,0.0,0.0,0.0,0.0,0.0,-1.0,-9.999999999999999e-31,0.0,0.7092,0.2755,0.00271,0.0007399,0.00672,-1.0,0.01527,-3.637,-3.7,-3.256,-4.308
0.0152,0.01508,7.8,6.2035479546,2.6189253407,6.203,3.351,3.7046,1.65,2.0,0.0,0.538,0.0,0.0,0.0,0.0,0.0,-1.0,-9.999999999999999e-31,0.0,0.7092,0.2755,0.00271,0.0007399,0.00672,-1.0,0.01527,-3.608,-3.643,-3.171,-4.277
0.0152,0.01508,7.8,6.2036161423,2.6189255552,6.203,3.337,3.6936,1.62,2.0,0.0,0.538,0.0,0.0,0.0,0.0,0.0,-1.0,-9.999999999999999e-31,0.0,0.7092,0.2755,0.00271,0.0007399,0.00672,-1.0,0.01527,-3.572,-3.576,-3.076,-4.235
0.0152,0.01508,7.8,6.2037248611,2.6189258972,6.203,3.313,3.6826,1.6,2.0,0.0,0.538,0.0,0.0,0.0,0.0,0.0,-1.0,-9.999999999999999e-31,0.0,0.7092,0.2755,0.00271,0.0007399,0.00672,-1.0,0.01527,-3.513,-3.485,-2.957,-4.166
0.0152,0.01508,7.8,6.203836441,2.6189262482,6.203,3.288,3.6739,1.59,2.0,0.0,0.538,0.0,0.0,0.0,0.0,0.0,-1.0,-9.999999999999999e-31,0.0,0.7092,0.2755,0.00271,0.0007399,0.00672,-1.0,0.01527,-3.451,-3.394,-2.849,-4.091
0.0152,0.01508,7.8,6.2039618492,2.6189266427,6.204,3.264,3.665,1.578,2.0,0.0,0.538,0.0,0.0,0.0,0.0,0.0,-1.0,-9.999999999999999e-31,0.0,0.7092,0.2755,0.00271,0.0007399,0.00672,-1.0,0.01527,-3.391,-3.303,-2.738,-4.014
0.0152,0.01508,7.8,6.2040505409,2.6189269216,6.204,3.255,3.659,1.564,2.0,0.0,0.538,0.0,0.0,0.0,0.0,0.0,-1.0,-9.999999999999999e-31,0.0,0.7092,0.2755,0.00271,0.0007399,0.00672,-1.0,0.01527,-3.368,-3.256,-2.677,-3.98
0.0152,0.01508,7.8,6.2041420937,2.6189272096,6.204,3.264,3.6527,1.529,3.0,0.0,0.538,9.79,8.56,6.24,4.5,3.7,4.0,-9.999999999999999e-31,0.0,0.7092,0.2755,0.00271,0.0007399,0.00672,-1.0,0.01527,-3.39,-3.25,-2.653,-3.988
0.0152,0.01508,7.8,6.2042584419,2.6189275755,6.204,3.297,3.644,1.461,3.0,0.0,0.538,11.36,9.68,7.02,5.07,4.17,4.0,-9.999999999999999e-31,0.0,0.7092,0.2755,0.002709,0.00074,0.00672,-1.0,0.01527,-3.474,-3.293,-2.668,-4.051
0.0152,0.01508,7.8,6.2043447495,2.618927847,6.204,3.34,3.6374,1.392,3.0,0.0,0.536,13.2,10.97,7.91,5.72,4.71,4.0,-9.999999999999999e-31,0.0,0.7092,0.2755,0.002699,0.0007423,0.00672,-1.0,0.01527,-3.579,-3.365,-2.717,-4.14
0.0152,0.01508,7.8,6.2044124603,2.6189280599,6.204,3.379,3.6322,1.332,3.0,0.0,0.526,15.06,12.23,8.77,6.36,5.24,4.0,-9.999999999999999e-31,0.0,0.7091,0.2755,0.002652,0.0007671,0.00672,-1.0,0.01531,-3.678,-3.437,-2.77,-4.225
0.0152,0.01508,7.8,6.2044763565,2.6189282609,6.204,3.417,3.6277,1.277,3.0,0.0,0.505,17.02,13.52,9.66,7.02,5.78,4.0,-9.999999999999999e-31,0.0,0.7091,0.2756,0.002544,0.000864,0.00672,-1.0,0.01529,-3.773,-3.507,-2.823,-4.308
0.0152,0.01508,7.8,6.2045235634,2.6189284094,6.204,3.445,3.6248,1.237,3.0,0.0,0.485,18.55,14.52,10.33,7.51,6.19,4.0,-9.999999999999999e-31,0.0,0.7091,0.2756,0.002442,0.0009758,0.00672,-1.0,0.01527,-3.842,-3.559,-2.863,-4.368
0.0152,0.01508,7.8,6.2045531273,2.6189285023,6.204,3.459,3.6232,1.217,3.0,0.0,0.474,19.4,15.07,10.71,7.79,6.41,4.0,-9.999999999999999e-31,0.0,0.7091,0.2756,0.002386,0.001043,0.00672,-1.0,0.01528,-3.877,-3.585,-2.882,-4.398
0.0152,0.01508,7.8,6.2046227455,2.6189287213,6.204,3.489,3.62,1.173,3.0,0.0,0.453,21.33,16.3,11.54,8.41,6.92,4.0,-9.999999999999999e-31,0.0,0.709,0.2756,0.002282,0.001172,0.00672,-1.0,0.01537,-3.954,-3.644,-2.928,-4.466
0.0152,0.01508,7.8,6.2046413422,2.6189287797,6.204,3.495,3.6194,1.165,3.0,0.0,0.449,21.74,16.55,11.71,8.53,7.03,4.0,-9.999999999999999e-31,0.0,0.709,0.2756,0.002263,0.001194,0.00672,-1.0,0.01537,-3.968,-3.654,-2.936,-4.478
0.0152,0.01508,7.8,6.2048683167,2.6189294935,6.204,3.54,3.6148,1.102,3.0,0.0,0.425,24.93,18.53,13.05,9.52,7.84,4.0,-9.999999999999999e-31,0.0,0.709,0.2756,0.002141,0.001344,0.00672,-1.0,0.01537,-4.079,-3.736,-2.997,-4.573
0.0152,0.01508,7.8,6.2053236961,2.6189309253,6.205,3.587,3.6099,1.035,3.0,0.0,0.403,28.86,20.91,14.64,10.71,8.82,4.0,-9.999999999999999e-31,0.0,0.7087,0.276,0.002024,0.001506,0.006701,-1.0,0.01538,-4.197,-3.823,-3.063,-4.674
0.0152,0.01508,7.8,6.2058253288,2.6189325022,6.205,3.626,3.606,0.981,3.0,0.0,0.394,32.52,23.08,16.09,11.78,9.71,4.0,-9.999999999999999e-31,0.0,0.707,0.2776,0.001945,0.001706,0.006583,-1.0,0.01541,-4.295,-3.893,-3.114,-4.757
0.0152,0.01508,7.8,6.2064170837,2.6189343621,6.206,3.669,3.6019,0.921,3.0,0.0,0.392,37.05,25.71,17.83,13.08,10.78,4.0,-9.999999999999999e-31,0.0,0.7023,0.2824,0.001875,0.001968,0.006382,-1.0,0.01537,-4.403,-3.973,-3.172,-4.85
0.0152,0.01508,7.8,6.2069630623,2.6189360778,6.207,3.708,3.5985,0.869,3.0,0.0,0.391,41.59,28.28,19.54,14.35,11.83,4.0,-9.999999999999999e-31,0.0,0.6965,0.2881,0.001824,0.002173,0.006219,-1.0,0.01537,-4.501,-4.044,-3.224,-4.933
0.0152,0.01508,7.8,6.2076001167,2.6189380792,6.207,3.751,3.5947,0.811,3.0,0.0,0.391,47.21,31.4,21.59,15.88,13.1,4.0,-9.999999999999999e-31,0.0,0.6899,0.2948,0.001779,0.002359,0.00607,-1.0,0.01533,-4.608,-4.122,-3.278,-5.024
0.0152,0.01508,7.8,6.2084856033,2.6189408602,6.208,3.784,3.5918,0.766,3.0,0.0,0.391,52.03,34.02,23.31,17.16,14.16,4.0,-9.999999999999999e-31,0.0,0.6853,0.2994,0.001754,0.002468,0.005983,-1.0,0.01531,-4.69,-4.181,-3.32,-5.093
0.0152,0.01508,7.8,6.2101550102,2.618946101,6.21,3.812,3.5895,0.729,3.0,0.0,0.391,56.47,36.41,24.86,18.33,15.13,4.0,-9.999999999999999e-31,0.0,0.6821,0.3026,0.001738,0.002535,0.00593,-1.0,0.01528,-4.76,-4.232,-3.356,-5.153
0.0152,0.01508,7.8,6.215534687,2.6189629672,6.215,3.798,3.5911,0.75,4.0,0.0,0.391,0.0,0.0,0.0,0.0,0.0,-1.0,-9.999999999999999e-31,0.0,0.6821,0.3026,0.001738,0.002535,0.00593,-1.0,0.01528,-4.725,-4.209,-3.344,-5.125
0.0152,0.01508,7.8,6.2253084183,2.6189935238,6.225,3.763,3.5947,0.799,4.0,0.0,0.391,0.0,0.0,0.0,0.0,0.0,-1.0,-9.999999999999999e-31,0.0,0.6821,0.3026,0.001738,0.002535,0.00593,-1.0,0.01528,-4.638,-4.151,-3.307,-5.054
0.0152,0.01508,7.8,6.23188591,2.6190140256,6.231,3.731,3.5979,0.846,4.0,0.0,0.391,0.0,0.0,0.0,0.0,0.0,-1.0,-9.999999999999999e-31,0.0,0.6821,0.3026,0.001738,0.002535,0.005929,-1.0,0.01529,-4.557,-4.096,-3.272,-4.987
0.0152,0.01508,7.8,6.2378706932,2.6190326368,6.237,3.696,3.6014,0.894,4.0,0.0,0.391,0.0,0.0,0.0,0.0,0.0,-1.0,-9.999999999999999e-31,0.0,0.6821,0.3026,0.001738,0.002535,0.005929,-1.0,0.01529,-4.47,-4.036,-3.232,-4.916
0.0152,0.01508,7.8,6.2435026169,2.6190501132,6.243,3.661,3.6048,0.943,4.0,0.0,0.391,0.0,0.0,0.0,0.0,0.0,-1.0,-9.999999999999999e-31,0.0,0.6821,0.3026,0.001738,0.002535,0.005929,-1.0,0.01529,-4.384,-3.974,-3.187,-4.842
0.0152,0.01508,7.8,6.2492341995,2.6190678617,6.249,3.626,3.6084,0.993,4.0,0.0,0.391,0.0,0.0,0.0,0.0,0.0,-1.0,-9.999999999999999e-31,0.0,0.6821,0.3026,0.001738,0.002534,0.005929,-1.0,0.0153,-4.295,-3.911,-3.143,-4.767
0.0152,0.01508,7.8,6.2560811043,2.6190890148,6.255,3.587,3.6125,1.049,4.0,0.0,0.391,0.0,0.0,0.0,0.0,0.0,-1.0,-9.999999999999999e-31,0.0,0.6821,0.3026,0.001738,0.002534,0.005929,-1.0,0.0153,-4.198,-3.841,-3.092,-4.685
0.0152,0.01508,7.8,6.2632446289,2.6191110893,6.263,3.552,3.6165,1.1,4.0,0.0,0.391,0.0,0.0,0.0,0.0,0.0,-1.0,-9.999999999999999e-31,0.0,0.6821,0.3026,0.001738,0.002534,0.005929,-1.0,0.0153,-4.111,-3.778,-3.047,-4.611
0.0152,0.01508,7.8,6.2735347748,2.619142697,6.273,3.515,3.6214,1.158,4.0,0.0,0.391,0.0,0.0,0.0,0.0,0.0,-1.0,-9.999999999999999e-31,0.0,0.6821,0.3026,0.001738,0.002534,0.005929,-1.0,0.01531,-4.019,-3.716,-3.006,-4.535
0.0152,0.01508,7.8,6.2917056084,2.6191982211,6.291,3.483,3.6286,1.22,4.0,0.0,0.391,0.0,0.0,0.0,0.0,0.0,-1.0,-9.999999999999999e-31,0.0,0.6821,0.3026,0.001738,0.002534,0.005929,-1.0,0.01532,-3.937,-3.677,-2.994,-4.476
0.0152,0.01508,7.8,6.2982759476,2.6192182073,6.297,3.477,3.6311,1.237,4.0,0.0,0.391,0.0,0.0,0.0,0.0,0.0,-1.0,-9.999999999999999e-31,0.0,0.6821,0.3026,0.001738,0.002534,0.005929,-1.0,0.01532,-3.922,-3.675,-3.002,-4.468
