Zini,MH,logAge,Mini,int_IMF,Mass,LogL,LogTe,logg,label,McoreTP,C_O,period0,period1,period2,period3,period4,pmode,Mloss,tau1m,X,Y,Xc,Xn,Xo,Cexcess,Z,mbolmag,Gmag,G_BPmag,G_RPmag
0.0152,0.01508,9.60001,0.0900000036,1.0816895926,0.09,-3.424,3.3622,5.217,1.0,0.0,0.545,0.0,0.0,0.0,0.0,0.0,-1.0,-3.89e-17,0.0,0.7087,0.276,0.002746,0.0007408,0.006719,-1.0,0.01527,13.33,15.384,18.311,13.893
0.0152,0.01508,9.60001,0.0900000036,1.0816895926,0.09,-3.424,3.3622,5.217,1.0,0.0,0.545,0.0,0.0,0.0,0.0,0.0,-1.0,-3.89e-17,0.0,0.7087,0.276,0.002746,0.0007408,0.006719,-1.0,0.01527,13.33,15.384,18.311,13.893
0.0152,0.01508,9.60001,0.1000000015,1.1711064122,0.1,-3.242,3.3881,5.184,1.0,0.0,0.545,0.0,0.0,0.0,0.0,0.0,-1.0,-5.84e-17,0.0,0.7086,0.2761,0.002746,0.0007408,0.006719,-1.0,0.01527,12.874,14.926,17.841,13.436
0.0152,0.01508,9.60001,0.1200000122,1.3193155232,0.12,-2.977,3.4229,5.138,1.0,0.0,0.545,0.0,0.0,0.0,0.0,0.0,-1.0,-1.03e-16,0.0,0.7082,0.2765,0.002746,0.0007408,0.006719,-1.0,0.01527,12.213,14.185,16.973,12.715
0.0152,0.01508,9.60001,0.1204408184,1.322213777,0.12,-2.973,3.4233,5.137,1.0,0.0,0.545,0.0,0.0,0.0,0.0,0.0,-1.0,-1.04e-16,0.0,0.7082,0.2765,0.002746,0.0007408,0.006719,-1.0,0.01527,12.202,14.167,16.945,12.699
0.0152,0.01508,9.60001,0.1400000006,1.4384526719,0.14,-2.794,3.4431,5.102,1.0,0.0,0.545,0.0,0.0,0.0,0.0,0.0,-1.0,-1.52e-16,0.0,0.708,0.2768,0.002746,0.0007408,0.006719,-1.0,0.01527,11.754,13.45,15.864,12.046
0.0152,0.01508,9.60001,0.1599999964,1.5372931554,0.16,-2.653,3.4567,5.073,1.0,0.0,0.545,0.0,0.0,0.0,0.0,0.0,-1.0,-2.03e-16,0.0,0.7077,0.2771,0.002746,0.0007408,0.006719,-1.0,0.01527,11.401,12.924,15.104,11.565
0.0152,0.01508,9.60001,0.1624717265,1.548389332,0.162,-2.638,3.458,5.07,1.0,0.0,0.545,0.0,0.0,0.0,0.0,0.0,-1.0,-2.1e-16,0.0,0.7076,0.2771,0.002746,0.0007408,0.006719,-1.0,0.01527,11.364,12.871,15.027,11.516
0.0152,0.01508,9.60001,0.200000003,1.6938790862,0.2,-2.436,3.4754,5.029,1.0,0.0,0.545,0.0,0.0,0.0,0.0,0.0,-1.0,-3.15e-16,0.0,0.7072,0.2776,0.002746,0.0007408,0.006719,-1.0,0.01527,10.861,12.166,14.053,10.871
0.0152,0.01508,9.60001,0.25,1.8403257998,0.25,-2.231,3.4918,4.986,1.0,0.0,0.545,0.0,0.0,0.0,0.0,0.0,-1.0,-4.74e-16,0.0,0.7067,0.278,0.002746,0.0007408,0.006719,-1.0,0.01527,10.348,11.476,13.132,10.239
0.0152,0.01508,9.60001,0.3000000119,1.9529139769,0.3,-2.071,3.5027,4.949,1.0,0.0,0.545,0.0,0.0,0.0,0.0,0.0,-1.0,-5.47e-16,0.0,0.7064,0.2783,0.002746,0.0007408,0.006719,-1.0,0.01527,9.948,10.979,12.516,9.777
0.0152,0.01508,9.60001,0.3438603282,2.0332384265,0.344,-1.932,3.5103,4.9,1.0,0.0,0.545,0.0,0.0,0.0,0.0,0.0,-1.0,-8.89e-16,0.0,0.7089,0.2758,0.002746,0.0007408,0.006719,-1.0,0.01527,9.601,10.57,12.03,9.391
0.0152,0.01508,9.60001,0.3500000238,2.0434175133,0.35,-1.914,3.5112,4.893,0.0,0.0,0.545,0.0,0.0,0.0,0.0,0.0,-1.0,-9.26e-16,0.0,0.7091,0.2757,0.002746,0.0007408,0.006719,-1.0,0.01527,9.555,10.516,11.967,9.341
0.0152,0.01508,9.60001,0.4000000358,2.118502481,0.4,-1.771,3.5224,4.853,0.0,0.0,0.545,0.0,0.0,0.0,0.0,0.0,-1.0,-1.26e-15,0.0,0.7091,0.2756,0.002746,0.0007408,0.006719,-1.0,0.01527,9.198,10.075,11.427,8.933
0.0152,0.01508,9.60001,0.4500000477,2.1822809714,0.45,-1.622,3.5345,4.803,1.0,0.0,0.545,0.0,0.0,0.0,0.0,0.0,-1.0,-1.78e-15,0.0,0.7092,0.2755,0.002746,0.0007408,0.006719,-1.0,0.01527,8.825,9.62,10.881,8.513
0.0152,0.01508,9.60001,0.5,2.2374541529,0.5,-1.467,3.5493,4.753,1.0,0.0,0.545,0.0,0.0,0.0,0.0,0.0,-1.0,-2.55e-15,0.0,0.7092,0.2755,0.002746,0.0007408,0.006719,-1.0,0.01527,8.437,9.139,10.3,8.073
0.0152,0.01508,9.60001,0.528211832,2.2647598815,0.528,-1.372,3.5602,4.725,1.0,0.0,0.545,0.0,0.0,0.0,0.0,0.0,-1.0,-3.19e-15,0.0,0.7142,0.2707,0.002701,0.0007287,0.006609,-1.0,0.01502,8.199,8.834,9.925,7.799
0.0152,0.01508,9.60001,0.5500000119,2.2836582633,0.55,-1.301,3.5683,4.704,1.0,0.0,0.545,0.0,0.0,0.0,0.0,0.0,-1.0,-3.76e-15,0.0,0.7185,0.2666,0.002663,0.0007184,0.006516,-1.0,0.01482,8.023,8.607,9.649,7.597
0.0152,0.01508,9.60001,0.6000000238,2.3211213258,0.6,-1.135,3.5917,4.67,1.0,0.0,0.545,0.0,0.0,0.0,0.0,0.0,-1.0,-5.49e-15,0.0,0.72,0.2653,0.002651,0.0007153,0.006488,-1.0,0.01476,7.609,8.06,8.976,7.117
0.0152,0.01508,9.60001,0.6499999762,2.3520353107,0.65,-0.969,3.6199,4.651,1.0,0.0,0.545,0.0,0.0,0.0,0.0,0.0,-1.0,-7.91e-15,0.0,0.7213,0.264,0.00264,0.0007123,0.006462,-1.0,0.01471,7.192,7.507,8.296,6.638
0.0152,0.01508,9.60001,0.7000000477,2.3779267258,0.7,-0.808,3.649,4.639,1.0,0.0,0.545,0.0,0.0,0.0,0.0,0.0,-1.0,-1.12e-14,0.0,0.7225,0.2629,0.00263,0.0007097,0.006438,-1.0,0.01461,6.791,6.964,7.624,6.181
0.0152,0.01508,9.60001,0.7295700908,2.3913331574,0.73,-0.716,3.6663,4.634,1.0,0.0,0.54,0.0,0.0,0.0,0.0,0.0,-1.0,-1.36e-14,0.0,0.7233,0.2621,0.002602,0.0007073,0.006423,-1.0,0.01461,6.56,6.656,7.247,5.922
0.0152,0.01508,9.60001,0.75,2.3998889087,0.75,-0.654,3.6778,4.631,1.0,0.0,0.537,0.0,0.0,0.0,0.0,0.0,-1.0,-1.55e-14,0.0,0.7239,0.2615,0.002584,0.0007058,0.006413,-1.0,0.0146,6.406,6.456,7.007,5.754
0.0152,0.01508,9.60001,0.7936551571,2.4164850899,0.793,-0.531,3.6966,4.607,1.0,0.0,0.537,0.0,0.0,0.0,0.0,0.0,-1.0,-2.06e-14,0.0,0.7256,0.2599,0.00257,0.0007021,0.00638,-1.0,0.01452,6.098,6.088,6.582,5.434
0.0152,0.01508,9.60001,0.8000000119,2.4187244405,0.8,-0.514,3.6993,4.604,1.0,0.0,0.537,0.0,0.0,0.0,0.0,0.0,-1.0,-2.15e-14,0.0,0.7258,0.2597,0.002568,0.0007015,0.006375,-1.0,0.01451,6.054,6.037,6.522,5.39
0.0152,0.01508,9.60001,0.8087100983,2.4217328597,0.808,-0.49,3.7029,4.599,1.0,0.0,0.537,0.0,0.0,0.0,0.0,0.0,-1.0,-2.27e-14,0.0,0.7262,0.2593,0.002565,0.0007007,0.006367,-1.0,0.0145,5.994,5.967,6.443,5.329
0.0152,0.01508,9.60001,0.8500000238,2.435034684,0.85,-0.377,3.7193,4.574,1.0,0.0,0.537,0.0,0.0,0.0,0.0,0.0,-1.0,-2.94e-14,0.0,0.728,0.2576,0.00255,0.0006966,0.00633,-1.0,0.01439,5.714,5.649,6.082,5.049
0.0152,0.01508,9.60001,0.8709536195,2.4412329417,0.87,-0.322,3.727,4.56,1.0,0.0,0.537,0.0,0.0,0.0,0.0,0.0,-1.0,-3.36e-14,0.0,0.7292,0.2564,0.00254,0.000694,0.006307,-1.0,0.01434,5.574,5.495,5.911,4.912
0.0152,0.01508,9.60001,0.9000000358,2.4492786175,0.899,-0.245,3.7374,4.539,1.0,0.0,0.537,0.0,0.0,0.0,0.0,0.0,-1.0,-4.04e-14,0.0,0.7309,0.2549,0.002526,0.0006903,0.006274,-1.0,0.01423,5.384,5.287,5.679,4.727
0.0152,0.01508,9.60001,0.9107062221,2.4520957178,0.91,-0.217,3.7409,4.53,1.0,0.0,0.537,0.0,0.0,0.0,0.0,0.0,-1.0,-4.33e-14,0.0,0.7317,0.2541,0.00252,0.0006887,0.006259,-1.0,0.0142,5.314,5.212,5.595,4.66
0.0152,0.01508,9.60001,0.9337252975,2.457901869,0.933,-0.158,3.7483,4.511,1.0,0.0,0.537,0.0,0.0,0.0,0.0,0.0,-1.0,-5.01e-14,0.0,0.7334,0.2525,0.002506,0.0006849,0.006225,-1.0,0.01414,5.164,5.055,5.42,4.52
0.0152,0.01508,9.60001,0.9500000477,2.4618122009,0.949,-0.116,3.7534,4.497,1.0,0.0,0.537,0.0,0.0,0.0,0.0,0.0,-1.0,-5.57e-14,0.0,0.7346,0.2513,0.002496,0.0006822,0.006201,-1.0,0.01409,5.059,4.945,5.299,4.423
0.0152,0.01508,9.60001,0.9549906254,2.4629806229,0.954,-0.103,3.7548,4.492,1.0,0.0,0.537,0.0,0.0,0.0,0.0,0.0,-1.0,-5.75e-14,0.0,0.7351,0.2509,0.002492,0.0006811,0.006191,-1.0,0.01407,5.027,4.912,5.262,4.393
0.0152,0.01508,9.60001,0.9746467471,2.467449099,0.974,-0.052,3.7604,4.472,1.0,0.0,0.536,0.0,0.0,0.0,0.0,0.0,-1.0,-6.55e-14,0.0,0.737,0.249,0.002475,0.0006767,0.006152,-1.0,0.014,4.9,4.781,5.118,4.274
0.0152,0.01508,9.60001,0.9929556251,2.4714288156,0.993,-0.005,3.7654,4.453,1.0,0.0,0.536,0.0,0.0,0.0,0.0,0.0,-1.0,-7.38e-14,0.0,0.739,0.2471,0.00246,0.0006725,0.006114,-1.0,0.01391,4.783,4.66,4.987,4.166
0.0152,0.01508,9.60001,1.0,2.4729154477,1.0,0.013,3.7672,4.446,1.0,0.0,0.536,0.0,0.0,0.0,0.0,0.0,-1.0,-7.74e-14,0.0,0.7397,0.2464,0.002453,0.0006708,0.006099,-1.0,0.01387,4.738,4.615,4.937,4.125
0.0152,0.01508,9.60001,1.0025107861,2.473439515,1.002,0.019,3.7679,4.443,1.0,0.0,0.536,0.0,0.0,0.0,0.0,0.0,-1.0,-7.84e-14,0.0,0.7401,0.246,0.00245,0.00067,0.006091,-1.0,0.01386,4.722,4.598,4.919,4.11
0.0152,0.01508,9.60001,1.0215363503,2.4773145656,1.021,0.068,3.7725,4.421,1.0,0.0,0.536,0.0,0.0,0.0,0.0,0.0,-1.0,-8.66e-14,0.0,0.7429,0.2434,0.002427,0.0006638,0.006036,-1.0,0.01373,4.6,4.474,4.784,3.997
0.0152,0.01508,9.60001,1.039178133,2.4807623528,1.038,0.113,3.7766,4.4,1.0,0.0,0.536,0.0,0.0,0.0,0.0,0.0,-1.0,-9.51e-14,0.0,0.7457,0.2407,0.002404,0.0006576,0.005981,-1.0,0.01361,4.487,4.36,4.661,3.893
0.0152,0.01508,9.60001,1.0499999523,2.482811486,1.049,0.141,3.779,4.386,1.0,0.0,0.536,0.0,0.0,0.0,0.0,0.0,-1.0,-1.01e-13,0.0,0.7475,0.239,0.00239,0.0006536,0.005945,-1.0,0.01356,4.419,4.29,4.586,3.83
0.0152,0.01508,9.60001,1.0660895109,2.4857698142,1.065,0.182,3.7823,4.365,1.0,0.0,0.536,0.0,0.0,0.0,0.0,0.0,-1.0,-1.1e-13,0.0,0.7511,0.2355,0.00236,0.0006456,0.005873,-1.0,0.01336,4.316,4.187,4.476,3.735
0.0152,0.01508,9.60001,1.0824694633,2.4886778821,1.081,0.223,3.7854,4.342,1.0,0.0,0.535,0.0,0.0,0.0,0.0,0.0,-1.0,-1.2e-13,0.0,0.7551,0.2317,0.002327,0.0006368,0.005795,-1.0,0.01319,4.212,4.083,4.365,3.638
0.0152,0.01508,9.60001,1.097584486,2.491273013,1.096,0.261,3.788,4.321,1.0,0.0,0.535,0.0,0.0,0.0,0.0,0.0,-1.0,-1.3e-13,0.0,0.759,0.228,0.002296,0.0006283,0.005718,-1.0,0.013,4.117,3.987,4.264,3.549
0.0152,0.01508,9.60001,1.1000000238,2.491680148,1.099,0.267,3.7884,4.317,1.0,0.0,0.535,0.0,0.0,0.0,0.0,0.0,-1.0,-1.32e-13,0.0,0.7597,0.2274,0.00229,0.0006269,0.005706,-1.0,0.01297,4.102,3.972,4.248,3.535
0.0152,0.01508,9.60001,1.1056836843,2.4926300549,1.105,0.281,3.7893,4.309,1.0,0.0,0.535,0.0,0.0,0.0,0.0,0.0,-1.0,-1.36e-13,0.0,0.7605,0.2265,0.002285,0.0006254,0.005693,-1.0,0.01294,4.067,3.937,4.211,3.502
0.0152,0.01508,9.60001,1.1204652786,2.4950486853,1.119,0.317,3.7913,4.287,1.0,0.0,0.535,0.0,0.0,0.0,0.0,0.0,-1.0,-1.46e-13,0.0,0.7626,0.2245,0.002272,0.0006223,0.005664,-1.0,0.01291,3.978,3.848,4.117,3.418
0.0152,0.01508,9.60001,1.1342340708,2.4972365032,1.133,0.349,3.7928,4.267,1.0,0.0,0.535,0.0,0.0,0.0,0.0,0.0,-1.0,-1.56e-13,0.0,0.7643,0.2228,0.002262,0.0006204,0.005643,-1.0,0.01286,3.898,3.768,4.034,3.342
0.0152,0.01508,9.60001,1.1464937925,2.4991337605,1.145,0.378,3.794,4.247,1.0,0.0,0.534,0.0,0.0,0.0,0.0,0.0,-1.0,-1.66e-13,0.0,0.7656,0.2215,0.002255,0.000619,0.005629,-1.0,0.01281,3.826,3.696,3.96,3.273
0.0152,0.01508,9.60001,1.1499999762,2.4996678137,1.149,0.386,3.7943,4.241,1.0,0.0,0.534,0.0,0.0,0.0,0.0,0.0,-1.0,-1.7e-13,0.0,0.766,0.2212,0.002254,0.0006187,0.005625,-1.0,0.0128,3.804,3.674,3.937,3.252
0.0152,0.01508,9.60001,1.1524996758,2.5000462809,1.151,0.392,3.7944,4.237,1.0,0.0,0.534,0.0,0.0,0.0,0.0,0.0,-1.0,-1.71e-13,0.0,0.7659,0.2213,0.002255,0.0006191,0.005629,-1.0,0.0128,3.791,3.661,3.923,3.239
0.0152,0.01508,9.60001,1.1750203371,2.5033726958,1.174,0.438,3.7943,4.199,1.0,0.0,0.534,0.0,0.0,0.0,0.0,0.0,-1.0,-1.89e-13,0.0,0.7644,0.2227,0.002276,0.0006242,0.005685,-1.0,0.01296,3.676,3.545,3.808,3.123
0.0152,0.01508,9.60001,1.189481616,2.5054324942,1.188,0.464,3.7934,4.175,1.0,0.0,0.533,0.0,0.0,0.0,0.0,0.0,-1.0,-2e-13,0.0,0.7638,0.2232,0.002287,0.0006261,0.005716,-1.0,0.01299,3.61,3.479,3.744,3.055
0.0152,0.01508,9.60001,1.1938009262,2.5060365975,1.193,0.481,3.7944,4.163,1.0,0.0,0.533,0.0,0.0,0.0,0.0,0.0,-1.0,-2.08e-13,0.0,0.7637,0.2233,0.00229,0.0006266,0.005724,-1.0,0.01301,3.568,3.437,3.699,3.016
0.0152,0.01508,9.60001,1.1971176863,2.5064970818,1.196,0.498,3.7958,4.153,1.0,0.0,0.533,0.0,0.0,0.0,0.0,0.0,-1.0,-2.17e-13,0.0,0.7638,0.2232,0.002291,0.0006265,0.005727,-1.0,0.01301,3.525,3.395,3.654,2.977
0.0152,0.01508,9.60001,1.1992611885,2.5067931184,1.198,0.513,3.7974,4.145,1.0,0.0,0.533,0.0,0.0,0.0,0.0,0.0,-1.0,-2.26e-13,0.0,0.7639,0.2231,0.002291,0.0006263,0.005727,-1.0,0.01301,3.487,3.356,3.612,2.942
0.0152,0.01508,9.60001,1.2000000477,2.5068948796,1.199,0.52,3.7981,4.141,1.0,0.0,0.533,0.0,0.0,0.0,0.0,0.0,-1.0,-2.3e-13,0.0,0.764,0.223,0.00229,0.0006261,0.005727,-1.0,0.01301,3.47,3.34,3.594,2.927
0.0152,0.01508,9.60001,1.2027555704,2.507273123,1.202,0.53,3.7986,4.134,1.0,0.0,0.533,0.0,0.0,0.0,0.0,0.0,-1.0,-2.35e-13,0.0,0.7639,0.2231,0.002291,0.0006262,0.005729,-1.0,0.01301,3.446,3.315,3.568,2.904
0.0152,0.01508,9.60001,1.2069919109,2.5078507623,1.206,0.555,3.8004,4.117,1.0,0.0,0.533,0.0,0.0,0.0,0.0,0.0,-1.0,-2.52e-13,0.0,0.7637,0.2233,0.002293,0.0006266,0.005734,-1.0,0.01302,3.382,3.251,3.5,2.844
0.0152,0.01508,9.60001,1.2330809832,2.5113077173,1.232,0.631,3.7985,4.044,2.0,0.0,0.533,0.0,0.0,0.0,0.0,0.0,-1.0,-3.06e-13,0.0,0.7622,0.2247,0.002306,0.0006294,0.005772,-1.0,0.0131,3.193,3.061,3.314,2.65
0.0152,0.01508,9.60001,1.2499824762,2.5134588998,1.249,0.677,3.7954,3.991,2.0,0.0,0.532,0.0,0.0,0.0,0.0,0.0,-1.0,-3.46e-13,0.0,0.7612,0.2257,0.002314,0.0006312,0.005796,-1.0,0.01314,3.078,2.946,3.205,2.529
0.0152,0.01508,9.60001,1.25,2.5134610955,1.249,0.677,3.7954,3.991,2.0,0.0,0.532,0.0,0.0,0.0,0.0,0.0,-1.0,-3.46e-13,0.0,0.7612,0.2257,0.002314,0.0006312,0.005796,-1.0,0.01314,3.078,2.946,3.205,2.529
0.0152,0.01508,9.60001,1.2681357861,2.5156961163,1.267,0.72,3.7878,3.924,2.0,0.0,0.532,0.0,0.0,0.0,0.0,0.0,-1.0,-3.92e-13,0.0,0.7592,0.2276,0.002329,0.0006353,0.005831,-1.0,0.01324,2.97,2.838,3.112,2.403
0.0152,0.01508,9.60001,1.2794445753,2.5170529653,1.279,0.739,3.7783,3.871,2.0,0.0,0.533,0.0,0.0,0.0,0.0,0.0,-1.0,-4.24e-13,0.0,0.7532,0.2333,0.002372,0.0006468,0.005934,-1.0,0.01349,2.922,2.792,3.086,2.334
0.0152,0.01508,9.60001,1.2890592813,2.5181850474,1.288,0.728,3.7615,3.818,2.0,0.0,0.534,0.0,0.0,0.0,0.0,0.0,-1.0,-4.28e-13,0.0,0.7389,0.2471,0.002477,0.0006747,0.006184,-1.0,0.01402,2.951,2.831,3.161,2.334
0.0152,0.01508,9.60001,1.2954131365,2.5189225846,1.295,0.693,3.7425,3.779,2.0,0.0,0.535,0.0,0.0,0.0,0.0,0.0,-1.0,-4.08e-13,0.0,0.7258,0.2596,0.002578,0.0007016,0.006424,-1.0,0.01459,3.037,2.937,3.308,2.397
0.0152,0.01508,9.60001,1.2983994484,2.5192663609,1.298,0.672,3.7312,3.756,2.0,0.0,0.535,0.0,0.0,0.0,0.0,0.0,-1.0,-3.96e-13,0.0,0.7209,0.2643,0.002616,0.0007117,0.006514,-1.0,0.01479,3.089,3.007,3.401,2.442
0.0152,0.01508,9.60001,1.2999999523,2.5194498592,1.299,0.661,3.7249,3.742,2.0,0.0,0.535,0.0,0.0,0.0,0.0,0.0,-1.0,-3.9e-13,0.0,0.7187,0.2664,0.002632,0.0007163,0.006555,-1.0,0.01489,3.117,3.047,3.455,2.468
0.0152,0.01508,9.60001,1.300891161,2.5195518115,1.3,0.656,3.7217,3.735,2.0,0.0,0.535,0.0,0.0,0.0,0.0,0.0,-1.0,-3.87e-13,0.0,0.7176,0.2675,0.002641,0.0007185,0.006575,-1.0,0.01493,3.131,3.066,3.481,2.481
0.0152,0.01508,9.60001,1.3069280386,2.5202382093,1.306,0.684,3.7069,3.65,2.0,0.0,0.535,0.0,0.0,0.0,0.0,0.0,-1.0,-4.43e-13,0.0,0.7127,0.2722,0.002662,0.0007259,0.006639,-1.0,0.01507,3.06,3.028,3.477,2.412
0.0152,0.01508,9.60001,1.3074855804,2.5203012346,1.307,0.69,3.7059,3.64,2.0,0.0,0.534,0.0,0.0,0.0,0.0,0.0,-1.0,-4.53e-13,0.0,0.7123,0.2727,0.002663,0.0007265,0.006643,-1.0,0.01509,3.046,3.016,3.468,2.398
0.0152,0.01508,9.60001,1.3104012012,2.5206298164,1.31,0.733,3.7026,3.585,3.0,0.0,0.519,0.0,0.0,0.0,0.0,0.0,-1.0,-5.28e-13,0.0,0.7093,0.2756,0.002595,0.0007815,0.00666,-1.0,0.01512,2.937,2.916,3.375,2.29
0.0152,0.01508,9.60001,1.3132109642,2.5209448812,1.312,0.781,3.7001,3.527,3.0,0.0,0.487,0.0,0.0,0.0,0.0,0.0,-1.0,-6.25e-13,0.0,0.7058,0.279,0.002441,0.0009472,0.006674,-1.0,0.01514,2.817,2.802,3.266,2.171
0.0152,0.01508,9.60001,1.316088438,2.5212659356,1.315,0.837,3.6979,3.464,3.0,0.0,0.452,0.0,0.0,0.0,0.0,0.0,-1.0,-7.57e-13,0.0,0.7021,0.2827,0.002267,0.001161,0.006684,-1.0,0.01522,2.678,2.669,3.139,2.033
0.0152,0.01508,9.60001,1.3185216188,2.5215361609,1.318,0.889,3.6961,3.405,3.0,0.0,0.43,0.0,0.0,0.0,0.0,0.0,-1.0,-9.06e-13,0.0,0.6991,0.2857,0.002163,0.001291,0.006692,-1.0,0.01525,2.548,2.544,3.018,1.904
0.0152,0.01508,9.60001,1.3207612038,2.521783874,1.32,0.942,3.6943,3.346,3.0,0.0,0.417,0.0,0.0,0.0,0.0,0.0,-1.0,-1.09e-12,0.0,0.6966,0.2881,0.002096,0.001375,0.006697,-1.0,0.01529,2.416,2.417,2.896,1.773
0.0152,0.01508,9.60001,1.322737813,2.5220016991,1.322,0.993,3.6925,3.288,3.0,0.0,0.409,0.0,0.0,0.0,0.0,0.0,-1.0,-1.3e-12,0.0,0.6948,0.2898,0.002056,0.001426,0.006701,-1.0,0.01532,2.287,2.293,2.777,1.646
0.0152,0.01508,9.60001,1.3245942593,2.5222056013,1.324,1.046,3.6906,3.228,3.0,0.0,0.404,0.0,0.0,0.0,0.0,0.0,-1.0,-1.57e-12,0.0,0.6936,0.291,0.002031,0.001458,0.006703,-1.0,0.01535,2.154,2.165,2.654,1.513
0.0152,0.01508,9.60001,1.3261425495,2.5223751553,1.325,1.095,3.6888,3.172,3.0,0.0,0.401,0.0,0.0,0.0,0.0,0.0,-1.0,-1.86e-12,0.0,0.6929,0.2918,0.002016,0.001476,0.006705,-1.0,0.0153,2.032,2.048,2.542,1.392
0.0152,0.01508,9.60001,1.3275756836,2.5225316933,1.327,1.145,3.6868,3.115,3.0,0.0,0.399,0.0,0.0,0.0,0.0,0.0,-1.0,-2.22e-12,0.0,0.6925,0.2922,0.002007,0.001488,0.006706,-1.0,0.01529,1.907,1.93,2.429,1.27
0.0152,0.01508,9.60001,1.3288303614,2.5226684201,1.328,1.193,3.6848,3.06,3.0,0.0,0.398,0.0,0.0,0.0,0.0,0.0,-1.0,-2.63e-12,0.0,0.6922,0.2924,0.002001,0.001495,0.006707,-1.0,0.01532,1.788,1.818,2.322,1.152
0.0152,0.01508,9.60001,1.3299423456,2.5227893492,1.329,1.239,3.6827,3.005,3.0,0.0,0.397,0.0,0.0,0.0,0.0,0.0,-1.0,-3.11e-12,0.0,0.6921,0.2926,0.001998,0.001499,0.006707,-1.0,0.0153,1.673,1.708,2.218,1.038
0.0152,0.01508,9.60001,1.3309274912,2.5228962903,1.33,1.284,3.6807,2.953,3.0,0.0,0.397,0.0,0.0,0.0,0.0,0.0,-1.0,-3.65e-12,0.0,0.6921,0.2926,0.001996,0.001501,0.006707,-1.0,0.01527,1.56,1.602,2.117,0.928
0.0152,0.01508,9.60001,1.3318020105,2.5229910702,1.331,1.327,3.6787,2.901,3.0,0.0,0.396,0.0,0.0,0.0,0.0,0.0,-1.0,-4.27e-12,0.0,0.6921,0.2926,0.001995,0.001502,0.006708,-1.0,0.01527,1.452,1.5,2.021,0.821
0.0152,0.01508,9.60001,1.3326071501,2.5230782042,1.332,1.371,3.6765,2.849,3.0,0.0,0.396,0.0,0.0,0.0,0.0,0.0,-1.0,-5.01e-12,0.0,0.6921,0.2926,0.001994,0.001503,0.006708,-1.0,0.01527,1.342,1.398,1.925,0.714
0.0152,0.01508,9.60001,1.3333473206,2.5231582004,1.332,1.415,3.6743,2.797,3.0,0.0,0.396,0.0,0.0,0.0,0.0,0.0,-1.0,-5.86e-12,0.0,0.6921,0.2926,0.001994,0.001503,0.006708,-1.0,0.01527,1.233,1.297,1.83,0.608
0.0152,0.01508,9.60001,1.3340017796,2.523228848,1.333,1.456,3.6722,2.748,3.0,0.0,0.396,0.0,0.0,0.0,0.0,0.0,-1.0,-6.8e-12,0.0,0.6921,0.2926,0.001993,0.001504,0.006709,-1.0,0.01527,1.131,1.202,1.74,0.509
0.0152,0.01508,9.60001,1.3346192837,2.5232954334,1.333,1.496,3.6701,2.699,3.0,0.0,0.396,0.0,0.0,0.0,0.0,0.0,-1.0,-7.89e-12,0.0,0.6921,0.2926,0.001992,0.001505,0.006709,-1.0,0.01527,1.029,1.108,1.652,0.41
0.0152,0.01508,9.60001,1.3351957798,2.5233575329,1.334,1.532,3.6681,2.656,3.0,0.0,0.396,0.0,0.0,0.0,0.0,0.0,-1.0,-9e-12,0.0,0.6921,0.2926,0.001992,0.001505,0.006709,-1.0,0.01527,0.94,1.026,1.575,0.323
0.0152,0.01508,9.60001,1.3357924223,2.5234217377,1.335,1.567,3.6662,2.613,3.0,0.0,0.396,0.0,0.0,0.0,0.0,0.0,-1.0,-1.02e-11,0.0,0.6921,0.2926,0.001991,0.001506,0.006709,-1.0,0.01527,0.852,0.945,1.5,0.238
0.0152,0.01508,9.60001,1.3363089561,2.5234772687,1.335,1.588,3.6651,2.588,3.0,0.0,0.395,0.0,0.0,0.0,0.0,0.0,-1.0,-1.11e-11,0.0,0.6922,0.2926,0.001991,0.001506,0.00671,-1.0,0.01527,0.799,0.896,1.454,0.187
0.0152,0.01508,9.60001,1.3366521597,2.5235141382,1.335,1.571,3.6663,2.61,3.0,0.0,0.395,0.0,0.0,0.0,0.0,0.0,-1.0,-1.05e-11,0.0,0.6922,0.2926,0.00199,0.001507,0.00671,-1.0,0.01527,0.842,0.935,1.49,0.228
0.0152,0.01508,9.60001,1.33712852,2.5235652764,1.336,1.537,3.6686,2.654,3.0,0.0,0.395,0.0,0.0,0.0,0.0,0.0,-1.0,-9.24e-12,0.0,0.6922,0.2926,0.00199,0.001507,0.00671,-1.0,0.01527,0.928,1.012,1.56,0.311
0.0152,0.01508,9.60001,1.3371582031,2.5235684615,1.336,1.534,3.6688,2.657,3.0,0.0,0.395,0.0,0.0,0.0,0.0,0.0,-1.0,-9.14e-12,0.0,0.6922,0.2926,0.00199,0.001507,0.00671,-1.0,0.01527,0.934,1.018,1.565,0.317
0.0152,0.01508,9.60001,1.3372354507,2.5235767498,1.336,1.54,3.6685,2.65,3.0,0.0,0.395,0.0,0.0,0.0,0.0,0.0,-1.0,-9.28e-12,0.0,0.6922,0.2926,0.00199,0.001507,0.00671,-1.0,0.01527,0.92,1.004,1.553,0.302
0.0152,0.01508,9.60001,1.3377553225,2.523632501,1.336,1.585,3.6659,2.594,3.0,0.0,0.395,0.0,0.0,0.0,0.0,0.0,-1.0,-1.09e-11,0.0,0.6922,0.2926,0.001989,0.001508,0.00671,-1.0,0.01527,0.807,0.901,1.457,0.194
0.0152,0.01508,9.60001,1.3382879496,2.5236895683,1.337,1.632,3.6632,2.537,3.0,0.0,0.395,0.0,0.0,0.0,0.0,0.0,-1.0,-1.29e-11,0.0,0.6922,0.2926,0.001989,0.001508,0.00671,-1.0,0.01527,0.691,0.796,1.359,0.082
0.0152,0.01508,9.60001,1.3387717009,2.5237413537,1.337,1.676,3.6606,2.482,3.0,0.0,0.395,0.0,0.0,0.0,0.0,0.0,-1.0,-1.52e-11,0.0,0.6922,0.2926,0.001988,0.001509,0.00671,-1.0,0.01527,0.579,0.694,1.265,-0.026
0.0152,0.01508,9.60001,1.3392189741,2.5237891959,1.338,1.721,3.6579,2.427,3.0,0.0,0.395,0.0,0.0,0.0,0.0,0.0,-1.0,-1.79e-11,0.0,0.6922,0.2926,0.001988,0.001509,0.006711,-1.0,0.01527,0.468,0.593,1.174,-0.134
0.0152,0.01508,9.60001,1.3396340609,2.5238335624,1.338,1.766,3.6552,2.371,3.0,0.0,0.395,0.0,0.0,0.0,0.0,0.0,-1.0,-2.11e-11,0.0,0.6922,0.2926,0.001987,0.00151,0.006711,-1.0,0.01527,0.356,0.492,1.083,-0.242
0.0152,0.01508,9.60001,1.3400105238,2.5238737733,1.338,1.81,3.6524,2.316,3.0,0.0,0.395,0.0,0.0,0.0,0.0,0.0,-1.0,-2.49e-11,0.0,0.6922,0.2925,0.001987,0.00151,0.006711,-1.0,0.01527,0.246,0.394,0.994,-0.348
0.0152,0.01508,9.60001,1.3403584957,2.5239109178,1.338,1.854,3.6496,2.262,3.0,0.0,0.395,0.0,0.0,0.0,0.0,0.0,-1.0,-2.93e-11,0.0,0.6922,0.2925,0.001987,0.001511,0.006711,-1.0,0.01527,0.136,0.296,0.906,-0.453
0.0152,0.01508,9.60001,1.3406863213,2.5239458916,1.339,1.898,3.6468,2.206,3.0,0.0,0.395,0.0,0.0,0.0,0.0,0.0,-1.0,-3.46e-11,0.0,0.6922,0.2925,0.001986,0.001511,0.006711,-1.0,0.01527,0.025,0.198,0.818,-0.559
0.0152,0.01508,9.60001,1.3409800529,2.5239772114,1.339,1.941,3.644,2.151,3.0,0.0,0.394,0.0,0.0,0.0,0.0,0.0,-1.0,-4.07e-11,0.0,0.6922,0.2925,0.001986,0.001511,0.006711,-1.0,0.01527,-0.084,0.102,0.734,-0.662
0.0152,0.01508,9.60001,1.3412489891,2.5240058734,1.339,1.985,3.6411,2.097,3.0,0.0,0.394,0.0,0.0,0.0,0.0,0.0,-1.0,-4.78e-11,0.0,0.6922,0.2925,0.001986,0.001511,0.006711,-1.0,0.01527,-0.191,0.008,0.65,-0.764
0.0152,0.01508,9.60001,1.3414956331,2.5240321481,1.339,2.027,3.6382,2.042,3.0,0.0,0.394,0.0,0.0,0.0,0.0,0.0,-1.0,-5.61e-11,0.0,0.6922,0.2925,0.001986,0.001512,0.006712,-1.0,0.01527,-0.298,-0.085,0.569,-0.865
0.0152,0.01508,9.60001,1.3417264223,2.5240567237,1.339,2.071,3.6353,1.987,3.0,0.0,0.394,0.0,0.0,0.0,0.0,0.0,-1.0,-6.61e-11,0.0,0.6922,0.2925,0.001985,0.001512,0.006712,-1.0,0.01527,-0.407,-0.178,0.488,-0.966
0.0152,0.01508,9.60001,1.3419326544,2.5240786761,1.339,2.113,3.6324,1.934,3.0,0.0,0.394,0.0,0.0,0.0,0.0,0.0,-1.0,-7.75e-11,0.0,0.6922,0.2925,0.001985,0.001512,0.006712,-1.0,0.01527,-0.512,-0.268,0.408,-1.063
0.0152,0.01508,9.60001,1.3421291113,2.5240995807,1.339,2.156,3.6294,1.878,3.0,0.0,0.394,0.0,0.0,0.0,0.0,0.0,-1.0,-9.12e-11,0.0,0.6922,0.2925,0.001985,0.001512,0.006712,-1.0,0.01527,-0.62,-0.36,0.326,-1.162
0.0152,0.01508,9.60001,1.3423048258,2.5241182723,1.339,2.198,3.6264,1.825,3.0,0.0,0.394,0.0,0.0,0.0,0.0,0.0,-1.0,-1.07e-10,0.0,0.6922,0.2925,0.001985,0.001512,0.006712,-1.0,0.01527,-0.725,-0.448,0.249,-1.256
0.0152,0.01508,9.60001,1.3424690962,2.5241357414,1.339,2.24,3.6234,1.77,3.0,0.0,0.394,0.0,0.0,0.0,0.0,0.0,-1.0,-1.25e-10,0.0,0.6922,0.2925,0.001985,0.001513,0.006712,-1.0,0.01527,-0.83,-0.536,0.171,-1.352
0.0152,0.01508,9.60001,1.3426206112,2.5241518496,1.339,2.282,3.6203,1.716,3.0,0.0,0.394,0.0,0.0,0.0,0.0,0.0,-1.0,-1.47e-10,0.0,0.6922,0.2925,0.001985,0.001513,0.006712,-1.0,0.01527,-0.935,-0.624,0.093,-1.446
0.0152,0.01508,9.60001,1.3427605629,2.5241667248,1.339,2.324,3.6173,1.662,3.0,0.0,0.394,0.0,0.0,0.0,0.0,0.0,-1.0,-1.72e-10,0.0,0.6922,0.2925,0.001984,0.001513,0.006712,-1.0,0.01527,-1.039,-0.709,0.018,-1.539
0.0152,0.01508,9.60001,1.3428900242,2.5241804819,1.339,2.365,3.6142,1.608,3.0,0.0,0.394,0.0,0.0,0.0,0.0,0.0,-1.0,-2.02e-10,0.0,0.6922,0.2925,0.001984,0.001513,0.006712,-1.0,0.01527,-1.143,-0.795,-0.058,-1.631
0.0152,0.01508,9.60001,1.3430089951,2.5241931215,1.339,2.406,3.6111,1.555,3.0,0.0,0.394,0.0,0.0,0.0,0.0,0.0,-1.0,-2.36e-10,0.0,0.6922,0.2925,0.001984,0.001513,0.006712,-1.0,0.01527,-1.246,-0.879,-0.132,-1.722
0.0152,0.01508,9.60001,1.3431185484,2.5242047583,1.339,2.447,3.6079,1.501,3.0,0.0,0.394,0.0,0.0,0.0,0.0,0.0,-1.0,-2.76e-10,0.0,0.6922,0.2925,0.001984,0.001513,0.006712,-1.0,0.01527,-1.348,-0.96,-0.203,-1.811
0.0152,0.01508,9.60001,1.3432217836,2.5242157219,1.339,2.489,3.6048,1.447,3.0,0.0,0.394,0.0,0.0,0.0,0.0,0.0,-1.0,-3.23e-10,0.0,0.6922,0.2925,0.001984,0.001513,0.006712,-1.0,0.01527,-1.451,-1.041,-0.269,-1.903
0.0152,0.01508,9.60001,1.3433141708,2.5242255319,1.338,2.528,3.6016,1.395,3.0,0.0,0.394,10.07,7.37,5.23,3.98,3.23,4.0,-3.77e-10,0.0,0.6922,0.2925,0.001984,0.001514,0.006712,-1.0,0.01527,-1.551,-1.119,-0.33,-1.99
0.0152,0.01508,9.60001,1.3433996439,2.5242346063,1.338,2.568,3.5984,1.342,3.0,0.0,0.394,11.22,8.11,5.72,4.36,3.55,4.0,-4.39e-10,0.0,0.6922,0.2925,0.001984,0.001514,0.006712,-1.0,0.01527,-1.65,-1.194,-0.388,-2.076
0.0152,0.01508,9.60001,1.3434814215,2.5242432872,1.338,2.609,3.5952,1.288,3.0,0.0,0.394,12.52,8.93,6.28,4.8,3.9,4.0,-5.13e-10,0.0,0.6922,0.2925,0.001984,0.001514,0.006712,-1.0,0.01527,-1.752,-1.269,-0.444,-2.163
0.0152,0.01508,9.60001,1.3435543776,2.5242510306,1.337,2.647,3.5919,1.237,3.0,0.0,0.394,13.91,9.81,6.87,5.25,4.27,4.0,-5.96e-10,0.0,0.6922,0.2925,0.001984,0.001514,0.006712,-1.0,0.01527,-1.849,-1.34,-0.495,-2.246
0.0152,0.01508,9.60001,1.3436235189,2.5242583682,1.337,2.687,3.5886,1.184,3.0,0.0,0.394,15.5,10.79,7.52,5.76,4.68,4.0,-6.94e-10,0.0,0.6922,0.2925,0.001984,0.001514,0.006712,-1.0,0.01527,-1.947,-1.409,-0.543,-2.328
0.0152,0.01508,9.60001,1.3436892033,2.5242653381,1.337,2.726,3.5853,1.131,3.0,0.0,0.394,17.27,11.87,8.24,6.32,5.14,4.0,-8.09e-10,0.0,0.6922,0.2925,0.001984,0.001514,0.006712,-1.0,0.01527,-2.046,-1.478,-0.587,-2.41
0.0152,0.01508,9.60001,1.343747735,2.5242715484,1.336,2.764,3.582,1.08,3.0,0.0,0.394,19.17,13.02,9.0,6.91,5.62,3.0,-9.37e-10,0.0,0.6922,0.2925,0.001984,0.001514,0.006712,-1.0,0.01527,-2.14,-1.541,-0.627,-2.486
0.0152,0.01508,9.60001,1.3438032866,2.5242774419,1.336,2.802,3.5786,1.028,3.0,0.0,0.394,21.3,14.29,9.84,7.56,6.16,3.0,-1.09e-09,0.0,0.6922,0.2925,0.001983,0.001514,0.006712,-1.0,0.01527,-2.234,-1.601,-0.659,-2.562
0.0152,0.01508,9.60001,1.3438559771,2.5242830314,1.335,2.84,3.5751,0.976,3.0,0.0,0.394,23.7,15.7,10.76,8.29,6.75,3.0,-1.26e-09,0.0,0.6922,0.2925,0.001983,0.001514,0.006712,-1.0,0.01527,-2.33,-1.657,-0.681,-2.635
0.0152,0.01508,9.60001,1.3439160585,2.5242894043,1.334,2.887,3.5708,0.912,3.0,0.0,0.394,27.03,17.64,12.02,9.28,7.56,3.0,-1.52e-09,0.0,0.6922,0.2925,0.001983,0.001514,0.006712,-1.0,0.01527,-2.447,-1.725,-0.705,-2.725
0.0152,0.01508,9.60001,1.343970418,2.5242951697,1.333,2.932,3.5664,0.849,3.0,0.0,0.394,30.74,19.76,13.4,10.36,8.44,3.0,-1.81e-09,0.0,0.6922,0.2925,0.001983,0.001514,0.006713,-1.0,0.01527,-2.56,-1.779,-0.704,-2.804
0.0152,0.01508,9.60001,1.3440208435,2.5243005173,1.332,2.977,3.562,0.786,3.0,0.0,0.394,34.95,22.13,14.93,11.56,9.42,3.0,-2.17e-09,0.0,0.6922,0.2925,0.001983,0.001514,0.006713,-1.0,0.01527,-2.672,-1.831,-0.697,-2.882
0.0152,0.01508,9.60001,1.3440675735,2.5243054727,1.331,3.021,3.5575,0.723,3.0,0.0,0.394,39.69,24.77,16.63,12.89,10.51,3.0,-2.59e-09,0.0,0.6922,0.2925,0.001983,0.001514,0.006713,-1.0,0.01527,-2.782,-1.874,-0.671,-2.952
0.0152,0.01508,9.60001,1.3441108465,2.5243100611,1.33,3.064,3.553,0.662,3.0,0.0,0.394,45.05,27.7,18.5,14.37,11.72,2.0,-3.08e-09,0.0,0.6922,0.2925,0.001983,0.001514,0.006713,-1.0,0.01527,-2.891,-1.911,-0.63,-3.018
0.0152,0.01508,9.60001,1.3441509008,2.5243143079,1.329,3.107,3.5484,0.6,3.0,0.0,0.394,51.09,30.96,20.57,16.01,13.05,2.0,-3.67e-09,0.0,0.6922,0.2925,0.001983,0.001514,0.006713,-1.0,0.01527,-2.998,-1.942,-0.576,-3.079
0.0152,0.01508,9.60001,1.344188571,2.5243183017,1.327,3.15,3.5438,0.538,3.0,0.0,0.394,58.0,34.63,22.9,17.84,14.56,2.0,-4.37e-09,0.0,0.6922,0.2925,0.001983,0.001514,0.006713,-1.0,0.01527,-3.106,-1.963,-0.499,-3.131
0.0152,0.01508,9.60001,1.3442232609,2.5243219793,1.326,3.193,3.5392,0.477,3.0,0.0,0.394,65.72,38.67,25.44,19.86,16.2,2.0,-5.19e-09,0.0,0.6922,0.2925,0.001983,0.001514,0.006713,-1.0,0.01527,-3.211,-1.978,-0.41,-3.177
0.0152,0.01508,9.60001,1.3442560434,2.5243254544,1.324,3.234,3.5344,0.415,3.0,0.0,0.394,74.47,43.18,28.26,22.1,18.04,2.0,-6.17e-09,0.0,0.6922,0.2925,0.001983,0.001514,0.006713,-1.0,0.01527,-3.316,-1.98,-0.29,-3.211
0.0152,0.01508,9.60001,1.344286561,2.5243286893,1.322,3.275,3.5297,0.354,3.0,0.0,0.394,84.33,48.18,31.39,24.58,20.07,2.0,-7.31e-09,0.0,0.6922,0.2925,0.001983,0.001515,0.006713,-1.0,0.01527,-3.418,-1.976,-0.164,-3.241
0.0152,0.01508,9.60001,1.3443151712,2.5243317219,1.32,3.316,3.5248,0.294,3.0,0.0,0.394,95.44,53.74,34.83,27.33,22.32,2.0,-8.67e-09,0.0,0.6922,0.2925,0.001983,0.001515,0.006713,-1.0,0.01527,-3.52,-1.952,-0.003,-3.247
0.0152,0.01508,9.60001,1.3443413973,2.5243345016,1.317,3.355,3.52,0.235,3.0,0.0,0.394,107.66,59.77,38.55,30.3,24.75,2.0,-1.02e-08,0.0,0.6922,0.2925,0.001983,0.001515,0.006713,-1.0,0.01527,-3.617,-1.921,0.168,-3.247
