Zini,MH,logAge,Mini,int_IMF,Mass,LogL,LogTe,logg,label,McoreTP,C_O,period0,period1,period2,period3,period4,pmode,Mloss,tau1m,X,Y,Xc,Xn,Xo,Cexcess,Z,mbolmag,Gmag,G_BPmag,G_RPmag
0.0152,0.01508,7.2,0.0900000036,1.0816895926,0.09,-2.201,3.4004,4.147,0.0,0.0,0.545,0.0,0.0,0.0,0.0,0.0,-1.0,-2.25e-15,0.0,0.7092,0.2755,0.002746,0.0007408,0.006719,-1.0,0.01527,10.273,12.3,14.902,10.843
0.0152,0.01508,7.2,0.0900000036,1.0816895926,0.09,-2.201,3.4004,4.147,0.0,0.0,0.545,0.0,0.0,0.0,0.0,0.0,-1.0,-2.25e-15,0.0,0.7092,0.2755,0.002746,0.0007408,0.006719,-1.0,0.01527,10.273,12.3,14.902,10.843
0.0152,0.01508,7.2,0.091648981,1.0973005091,0.092,-2.19,3.4016,4.149,0.0,0.0,0.545,0.0,0.0,0.0,0.0,0.0,-1.0,-2.29e-15,0.0,0.7092,0.2755,0.002746,0.0007408,0.006719,-1.0,0.01527,10.245,12.273,14.875,10.816
0.0152,0.01508,7.2,0.1000000015,1.1711064122,0.1,-2.134,3.4075,4.154,0.0,0.0,0.545,0.0,0.0,0.0,0.0,0.0,-1.0,-2.47e-15,0.0,0.7092,0.2755,0.002746,0.0007408,0.006719,-1.0,0.01527,10.106,12.134,14.738,10.677
0.0152,0.01508,7.2,0.1067446321,1.2250975927,0.107,-2.093,3.4118,4.159,0.0,0.0,0.545,0.0,0.0,0.0,0.0,0.0,-1.0,-2.62e-15,0.0,0.7092,0.2755,0.002746,0.0007408,0.006719,-1.0,0.01527,10.003,12.031,14.636,10.574
0.0152,0.01508,7.2,0.1200000122,1.3193155232,0.12,-2.018,3.4197,4.166,0.0,0.0,0.545,0.0,0.0,0.0,0.0,0.0,-1.0,-2.91e-15,0.0,0.7092,0.2755,0.002746,0.0007408,0.006719,-1.0,0.01527,9.816,11.809,14.377,10.36
0.0152,0.01508,7.2,0.1400000006,1.4384526719,0.14,-1.918,3.4303,4.175,0.0,0.0,0.545,0.0,0.0,0.0,0.0,0.0,-1.0,-3.36e-15,0.0,0.7092,0.2755,0.002746,0.0007408,0.006719,-1.0,0.01527,9.565,11.409,13.802,9.993
0.0152,0.01508,7.2,0.1562972814,1.5202470729,0.156,-1.845,3.4386,4.183,0.0,0.0,0.545,0.0,0.0,0.0,0.0,0.0,-1.0,-3.72e-15,0.0,0.7092,0.2755,0.002746,0.0007408,0.006719,-1.0,0.01527,9.383,11.121,13.4,9.73
0.0152,0.01508,7.2,0.1683800966,1.574046685,0.168,-1.797,3.444,4.19,0.0,0.0,0.545,0.0,0.0,0.0,0.0,0.0,-1.0,-3.97e-15,0.0,0.7092,0.2755,0.002746,0.0007408,0.006719,-1.0,0.01527,9.263,10.935,13.141,9.559
0.0152,0.01508,7.2,0.1782903373,1.6145572236,0.178,-1.761,3.4481,4.194,0.0,0.0,0.545,0.0,0.0,0.0,0.0,0.0,-1.0,-4.16e-15,0.0,0.7092,0.2755,0.002746,0.0007408,0.006719,-1.0,0.01527,9.172,10.793,12.944,9.429
0.0152,0.01508,7.2,0.1894754022,1.6569015139,0.189,-1.72,3.4525,4.197,0.0,0.0,0.545,0.0,0.0,0.0,0.0,0.0,-1.0,-4.43e-15,0.0,0.7092,0.2755,0.002746,0.0007408,0.006719,-1.0,0.01527,9.07,10.638,12.729,9.287
0.0152,0.01508,7.2,0.2013500929,1.6984392819,0.201,-1.681,3.4569,4.203,0.0,0.0,0.545,0.0,0.0,0.0,0.0,0.0,-1.0,-4.68e-15,0.0,0.7092,0.2755,0.002746,0.0007408,0.006719,-1.0,0.01527,8.973,10.487,12.517,9.15
0.0152,0.01508,7.2,0.2190874517,1.7548889311,0.219,-1.627,3.4628,4.209,0.0,0.0,0.545,0.0,0.0,0.0,0.0,0.0,-1.0,-5.05e-15,0.0,0.7092,0.2755,0.002746,0.0007408,0.006719,-1.0,0.01527,8.837,10.285,12.24,8.966
0.0152,0.01508,7.2,0.2384216785,1.8100195243,0.238,-1.572,3.4688,4.215,0.0,0.0,0.545,0.0,0.0,0.0,0.0,0.0,-1.0,-5.45e-15,0.0,0.7092,0.2755,0.002746,0.0007408,0.006719,-1.0,0.01527,8.7,10.087,11.972,8.784
0.0152,0.01508,7.2,0.2556606233,1.854486125,0.256,-1.528,3.4738,4.22,0.0,0.0,0.545,0.0,0.0,0.0,0.0,0.0,-1.0,-5.79e-15,0.0,0.7092,0.2755,0.002746,0.0007408,0.006719,-1.0,0.01527,8.589,9.926,11.754,8.637
0.0152,0.01508,7.2,0.2833761573,1.9183699493,0.283,-1.461,3.4813,4.228,0.0,0.0,0.545,0.0,0.0,0.0,0.0,0.0,-1.0,-6.36e-15,0.0,0.7092,0.2755,0.002746,0.0007408,0.006719,-1.0,0.01527,8.422,9.685,11.43,8.419
0.0152,0.01508,7.2,0.3020008206,1.9569035871,0.302,-1.42,3.4859,4.234,0.0,0.0,0.545,0.0,0.0,0.0,0.0,0.0,-1.0,-6.71e-15,0.0,0.7092,0.2755,0.002746,0.0007408,0.006719,-1.0,0.01527,8.321,9.538,11.23,8.286
0.0152,0.01508,7.2,0.3430802524,2.0319282166,0.343,-1.34,3.495,4.245,0.0,0.0,0.545,0.0,0.0,0.0,0.0,0.0,-1.0,-7.48e-15,0.0,0.7092,0.2755,0.002746,0.0007408,0.006719,-1.0,0.01527,8.12,9.256,10.858,8.031
0.0152,0.01508,7.2,0.3500000238,2.0434175133,0.35,-1.327,3.4964,4.247,0.0,0.0,0.545,0.0,0.0,0.0,0.0,0.0,-1.0,-7.62e-15,0.0,0.7092,0.2755,0.002746,0.0007408,0.006719,-1.0,0.01527,8.088,9.212,10.801,7.991
0.0152,0.01508,7.2,0.3786946535,2.0880885368,0.379,-1.279,3.5019,4.254,0.0,0.0,0.545,0.0,0.0,0.0,0.0,0.0,-1.0,-8.12e-15,0.0,0.7092,0.2755,0.002746,0.0007408,0.006719,-1.0,0.01527,7.966,9.048,10.59,7.841
0.0152,0.01508,7.2,0.4000000358,2.118502481,0.4,-1.244,3.5057,4.259,0.0,0.0,0.545,0.0,0.0,0.0,0.0,0.0,-1.0,-8.51e-15,0.0,0.7092,0.2755,0.002746,0.0007408,0.006719,-1.0,0.01527,7.881,8.934,10.445,7.737
0.0152,0.01508,7.2,0.4500000477,2.1822809714,0.45,-1.171,3.5147,4.272,0.0,0.0,0.545,0.0,0.0,0.0,0.0,0.0,-1.0,-9.35e-15,0.0,0.7092,0.2755,0.002746,0.0007408,0.006719,-1.0,0.01527,7.696,8.683,10.123,7.51
0.0152,0.01508,7.2,0.4910593331,2.2281289643,0.491,-1.115,3.5217,4.284,0.0,0.0,0.545,0.0,0.0,0.0,0.0,0.0,-1.0,-1e-14,0.0,0.7092,0.2755,0.002746,0.0007408,0.006719,-1.0,0.01527,7.559,8.495,9.879,7.34
0.0152,0.01508,7.2,0.5,2.2374541529,0.5,-1.103,3.5232,4.285,0.0,0.0,0.545,0.0,0.0,0.0,0.0,0.0,-1.0,-1.02e-14,0.0,0.7092,0.2755,0.002746,0.0007408,0.006719,-1.0,0.01527,7.529,8.454,9.827,7.304
0.0152,0.01508,7.2,0.5047672391,2.2423151732,0.505,-1.098,3.5241,4.287,0.0,0.0,0.545,0.0,0.0,0.0,0.0,0.0,-1.0,-1.03e-14,0.0,0.7092,0.2755,0.002746,0.0007408,0.006719,-1.0,0.01527,7.515,8.434,9.8,7.286
0.0152,0.01508,7.2,0.5303512216,2.2666947094,0.53,-1.065,3.5285,4.293,0.0,0.0,0.545,0.0,0.0,0.0,0.0,0.0,-1.0,-1.07e-14,0.0,0.7092,0.2755,0.002746,0.0007408,0.006719,-1.0,0.01527,7.432,8.321,9.654,7.186
0.0152,0.01508,7.2,0.5500000119,2.2836582633,0.55,-1.041,3.5314,4.296,0.0,0.0,0.545,0.0,0.0,0.0,0.0,0.0,-1.0,-1.11e-14,0.0,0.7092,0.2755,0.002746,0.0007408,0.006719,-1.0,0.01527,7.371,8.24,9.551,7.113
0.0152,0.01508,7.2,0.5721714497,2.3011999301,0.572,-1.015,3.5353,4.303,0.0,0.0,0.545,0.0,0.0,0.0,0.0,0.0,-1.0,-1.15e-14,0.0,0.7092,0.2755,0.002746,0.0007408,0.006719,-1.0,0.01527,7.306,8.149,9.433,7.033
0.0152,0.01508,7.2,0.6000000238,2.3211213258,0.6,-0.98,3.5397,4.307,0.0,0.0,0.545,0.0,0.0,0.0,0.0,0.0,-1.0,-1.21e-14,0.0,0.7092,0.2755,0.002746,0.0007408,0.006719,-1.0,0.01527,7.221,8.034,9.287,6.93
0.0152,0.01508,7.2,0.6073507071,2.3260341344,0.607,-0.972,3.5411,4.31,0.0,0.0,0.545,0.0,0.0,0.0,0.0,0.0,-1.0,-1.22e-14,0.0,0.7092,0.2755,0.002746,0.0007408,0.006719,-1.0,0.01527,7.2,8.004,9.246,6.904
0.0152,0.01508,7.2,0.644797802,2.3490750634,0.645,-0.926,3.5481,4.318,0.0,0.0,0.545,0.0,0.0,0.0,0.0,0.0,-1.0,-1.3e-14,0.0,0.7092,0.2755,0.002746,0.0007408,0.006719,-1.0,0.01527,7.086,7.844,9.038,6.764
0.0152,0.01508,7.2,0.6499999762,2.3520353107,0.65,-0.921,3.5489,4.319,0.0,0.0,0.545,0.0,0.0,0.0,0.0,0.0,-1.0,-1.31e-14,0.0,0.7092,0.2755,0.002746,0.0007408,0.006719,-1.0,0.01527,7.072,7.824,9.012,6.746
0.0152,0.01508,7.2,0.6520282626,2.3531747794,0.652,-0.918,3.5494,4.32,0.0,0.0,0.545,0.0,0.0,0.0,0.0,0.0,-1.0,-1.31e-14,0.0,0.7092,0.2755,0.002746,0.0007408,0.006719,-1.0,0.01527,7.065,7.814,8.999,6.738
0.0152,0.01508,7.2,0.6953185797,2.3756836799,0.695,-0.856,3.5596,4.327,0.0,0.0,0.545,0.0,0.0,0.0,0.0,0.0,-1.0,-1.46e-14,0.0,0.7092,0.2755,0.002746,0.0007408,0.006719,-1.0,0.01527,6.91,7.591,8.707,6.546
0.0152,0.01508,7.2,0.7000000477,2.3779267258,0.7,-0.849,3.5607,4.327,0.0,0.0,0.545,0.0,0.0,0.0,0.0,0.0,-1.0,-1.48e-14,0.0,0.7092,0.2755,0.002746,0.0007408,0.006719,-1.0,0.01527,6.892,7.566,8.675,6.524
0.0152,0.01508,7.2,0.75,2.3998889087,0.75,-0.679,3.6214,4.429,0.0,0.0,0.538,0.0,0.0,0.0,0.0,0.0,-1.0,-1.88e-14,0.0,0.7092,0.2755,0.00271,0.0007399,0.00672,-1.0,0.01527,6.467,6.783,7.562,5.922
0.0152,0.01508,7.2,0.767580688,2.4068336999,0.768,-0.659,3.6238,4.429,0.0,0.0,0.538,0.0,0.0,0.0,0.0,0.0,-1.0,-1.94e-14,0.0,0.7092,0.2755,0.00271,0.0007399,0.00672,-1.0,0.01527,6.417,6.721,7.489,5.867
0.0152,0.01508,7.2,0.8000000119,2.4187244405,0.8,-0.614,3.6287,4.422,0.0,0.0,0.538,0.0,0.0,0.0,0.0,0.0,-1.0,-2.13e-14,0.0,0.7092,0.2755,0.00271,0.0007399,0.00672,-1.0,0.01527,6.305,6.583,7.328,5.744
0.0152,0.01508,7.2,0.8387938738,2.431573274,0.838,-0.564,3.6352,4.418,0.0,0.0,0.538,0.0,0.0,0.0,0.0,0.0,-1.0,-2.34e-14,0.0,0.7092,0.2755,0.00271,0.0007399,0.00672,-1.0,0.01527,6.18,6.425,7.138,5.606
0.0152,0.01508,7.2,0.8500000238,2.435034684,0.85,-0.547,3.6374,4.416,0.0,0.0,0.538,0.0,0.0,0.0,0.0,0.0,-1.0,-2.42e-14,0.0,0.7092,0.2755,0.00271,0.0007399,0.00672,-1.0,0.01527,6.138,6.371,7.074,5.559
0.0152,0.01508,7.2,0.8900840282,2.4465997975,0.889,-0.488,3.6461,4.411,0.0,0.0,0.538,0.0,0.0,0.0,0.0,0.0,-1.0,-2.71e-14,0.0,0.7092,0.2755,0.00271,0.0007399,0.00672,-1.0,0.01527,5.989,6.178,6.841,5.392
0.0152,0.01508,7.2,0.9000000358,2.4492786175,0.899,-0.47,3.6488,4.409,0.0,0.0,0.538,0.0,0.0,0.0,0.0,0.0,-1.0,-2.81e-14,0.0,0.7092,0.2755,0.00271,0.0007399,0.00672,-1.0,0.01527,5.944,6.119,6.772,5.341
0.0152,0.01508,7.2,0.9351865053,2.4582593531,0.935,-0.405,3.6585,4.4,0.0,0.0,0.538,0.0,0.0,0.0,0.0,0.0,-1.0,-3.23e-14,0.0,0.7092,0.2755,0.00271,0.0007399,0.00672,-1.0,0.01527,5.783,5.911,6.524,5.162
0.0152,0.01508,7.2,0.9500000477,2.4618122009,0.95,-0.377,3.663,4.396,0.0,0.0,0.538,0.0,0.0,0.0,0.0,0.0,-1.0,-3.44e-14,0.0,0.7092,0.2755,0.00271,0.0007399,0.00672,-1.0,0.01527,5.712,5.821,6.417,5.083
0.0152,0.01508,7.2,0.9828137159,2.4692453842,0.983,-0.314,3.6733,4.39,0.0,0.0,0.538,0.0,0.0,0.0,0.0,0.0,-1.0,-3.92e-14,0.0,0.7092,0.2755,0.00271,0.0007399,0.00672,-1.0,0.01527,5.556,5.623,6.183,4.913
0.0152,0.01508,7.2,1.0,2.4729154477,1.0,-0.278,3.6793,4.385,0.0,0.0,0.538,0.0,0.0,0.0,0.0,0.0,-1.0,-4.25e-14,0.0,0.7092,0.2755,0.00271,0.0007399,0.00672,-1.0,0.01527,5.464,5.509,6.048,4.815
0.0152,0.01508,7.2,1.0178989172,2.4765865802,1.018,-0.24,3.6856,4.38,0.0,0.0,0.538,0.0,0.0,0.0,0.0,0.0,-1.0,-4.5e-14,0.0,0.7092,0.2755,0.002709,0.0007399,0.00672,-1.0,0.01527,5.37,5.394,5.915,4.717
0.0152,0.01508,7.2,1.0499999523,2.482811486,1.05,-0.167,3.6977,4.369,0.0,0.0,0.538,0.0,0.0,0.0,0.0,0.0,-1.0,-5.05e-14,0.0,0.7092,0.2755,0.002709,0.0007399,0.00672,-1.0,0.01527,5.188,5.176,5.661,4.529
0.0152,0.01508,7.2,1.0568526983,2.4840841407,1.056,-0.151,3.7002,4.366,0.0,0.0,0.538,0.0,0.0,0.0,0.0,0.0,-1.0,-5.18e-14,0.0,0.7092,0.2755,0.002709,0.0007399,0.00672,-1.0,0.01527,5.148,5.13,5.607,4.489
0.0152,0.01508,7.2,1.0912196636,2.490190299,1.09,-0.067,3.7137,4.35,0.0,0.0,0.538,0.0,0.0,0.0,0.0,0.0,-1.0,-5.96e-14,0.0,0.7092,0.2755,0.002709,0.0007399,0.00672,-1.0,0.01527,4.938,4.887,5.33,4.277
0.0152,0.01508,7.2,1.1000000238,2.491680148,1.099,-0.045,3.7173,4.345,0.0,0.0,0.538,0.0,0.0,0.0,0.0,0.0,-1.0,-6.19e-14,0.0,0.7092,0.2755,0.002709,0.0007398,0.00672,-1.0,0.01527,4.883,4.824,5.258,4.222
0.0152,0.01508,7.2,1.1050686836,2.4925278122,1.104,-0.032,3.7193,4.343,0.0,0.0,0.538,0.0,0.0,0.0,0.0,0.0,-1.0,-6.33e-14,0.0,0.7092,0.2755,0.002709,0.0007398,0.00672,-1.0,0.01527,4.851,4.787,5.216,4.19
0.0152,0.01508,7.2,1.1310997009,2.4967438448,1.13,0.038,3.7299,4.325,0.0,0.0,0.538,0.0,0.0,0.0,0.0,0.0,-1.0,-7.16e-14,0.0,0.7092,0.2755,0.002709,0.0007398,0.00672,-1.0,0.01527,4.676,4.593,4.998,4.019
0.0152,0.01508,7.2,1.1499999762,2.4996678137,1.149,0.091,3.7378,4.311,0.0,0.0,0.538,0.0,0.0,0.0,0.0,0.0,-1.0,-7.91e-14,0.0,0.7092,0.2755,0.002709,0.0007398,0.00672,-1.0,0.01527,4.542,4.446,4.833,3.89
0.0152,0.01508,7.2,1.1638501883,2.5017413126,1.163,0.132,3.7436,4.298,0.0,0.0,0.538,0.0,0.0,0.0,0.0,0.0,-1.0,-8.53e-14,0.0,0.7092,0.2755,0.002709,0.0007398,0.00672,-1.0,0.01527,4.44,4.337,4.71,3.794
0.0152,0.01508,7.2,1.1897308826,2.5054674941,1.189,0.213,3.7546,4.271,0.0,0.0,0.538,0.0,0.0,0.0,0.0,0.0,-1.0,-9.96e-14,0.0,0.7092,0.2755,0.002709,0.0007398,0.00672,-1.0,0.01527,4.238,4.124,4.472,3.606
0.0152,0.01508,7.2,1.2000000477,2.5068948796,1.2,0.247,3.7591,4.259,0.0,0.0,0.538,0.0,0.0,0.0,0.0,0.0,-1.0,-1.07e-13,0.0,0.7092,0.2755,0.002709,0.0007398,0.00672,-1.0,0.01527,4.154,4.035,4.374,3.528
0.0152,0.01508,7.2,1.2123370171,2.5085729655,1.212,0.288,3.7644,4.243,0.0,0.0,0.538,0.0,0.0,0.0,0.0,0.0,-1.0,-1.16e-13,0.0,0.7092,0.2755,0.002709,0.0007398,0.00672,-1.0,0.01527,4.049,3.928,4.254,3.433
0.0152,0.01508,7.2,1.2332149744,2.5113250382,1.233,0.36,3.7737,4.215,0.0,0.0,0.538,0.0,0.0,0.0,0.0,0.0,-1.0,-1.34e-13,0.0,0.7092,0.2755,0.002709,0.0007398,0.00672,-1.0,0.01527,3.869,3.742,4.048,3.27
0.0152,0.01508,7.2,1.25,2.5134610955,1.25,0.418,3.7813,4.195,0.0,0.0,0.538,0.0,0.0,0.0,0.0,0.0,-1.0,-1.5e-13,0.0,0.7092,0.2755,0.002709,0.0007398,0.00672,-1.0,0.01527,3.726,3.597,3.886,3.143
0.0152,0.01508,7.2,1.265976429,2.5154338611,1.266,0.469,3.7886,4.178,0.0,0.0,0.538,0.0,0.0,0.0,0.0,0.0,-1.0,-1.65e-13,0.0,0.7092,0.2755,0.002709,0.0007398,0.00672,-1.0,0.01527,3.597,3.466,3.74,3.031
0.0152,0.01508,7.2,1.29938972,2.5193799572,1.299,0.555,3.8035,4.163,0.0,0.0,0.538,0.0,0.0,0.0,0.0,0.0,-1.0,-1.88e-13,0.0,0.7092,0.2755,0.002709,0.0007398,0.006719,-1.0,0.01527,3.382,3.252,3.496,2.853
0.0152,0.01508,7.2,1.2999999523,2.5194498592,1.3,0.557,3.8038,4.163,0.0,0.0,0.538,0.0,0.0,0.0,0.0,0.0,-1.0,-1.88e-13,0.0,0.7092,0.2755,0.002709,0.0007398,0.006719,-1.0,0.01527,3.378,3.249,3.492,2.85
0.0152,0.01508,7.2,1.3081396818,2.5203750965,1.308,0.574,3.8075,4.162,0.0,0.0,0.538,0.0,0.0,0.0,0.0,0.0,-1.0,-1.92e-13,0.0,0.7092,0.2755,0.002709,0.0007398,0.006719,-1.0,0.01527,3.334,3.205,3.441,2.815
0.0152,0.01508,7.2,1.3253908157,2.5222928895,1.325,0.587,3.8132,4.178,0.0,0.0,0.538,0.0,0.0,0.0,0.0,0.0,-1.0,-1.84e-13,0.0,0.7092,0.2755,0.002709,0.0007398,0.006719,-1.0,0.01527,3.302,3.175,3.4,2.799
0.0152,0.01508,7.2,1.3500001431,2.5249313723,1.35,0.591,3.8203,4.21,0.0,0.0,0.538,0.0,0.0,0.0,0.0,0.0,-1.0,-1.67e-13,0.0,0.7092,0.2755,0.002709,0.0007398,0.006719,-1.0,0.01527,3.291,3.165,3.378,2.805
0.0152,0.01508,7.2,1.3583512306,2.5258017855,1.358,0.589,3.8224,4.224,0.0,0.0,0.538,0.0,0.0,0.0,0.0,0.0,-1.0,-1.59e-13,0.0,0.7092,0.2755,0.002709,0.0007397,0.006719,-1.0,0.01527,3.298,3.172,3.381,2.817
0.0152,0.01508,7.2,1.3755207062,2.5275531947,1.376,0.572,3.8245,4.255,0.0,0.0,0.538,0.0,0.0,0.0,0.0,0.0,-1.0,-1.39e-13,0.0,0.7092,0.2755,0.002709,0.0007397,0.006719,-1.0,0.01527,3.341,3.216,3.423,2.865
0.0152,0.01508,7.2,1.3928670883,2.529272319,1.393,0.553,3.8251,4.281,0.0,0.0,0.538,0.0,0.0,0.0,0.0,0.0,-1.0,-1.22e-13,0.0,0.7092,0.2755,0.002709,0.0007397,0.006719,-1.0,0.01527,3.387,3.263,3.468,2.913
0.0152,0.01508,7.2,1.4000000954,2.5299650415,1.4,0.552,3.8253,4.285,0.0,0.0,0.538,0.0,0.0,0.0,0.0,0.0,-1.0,-1.18e-13,0.0,0.7092,0.2755,0.002709,0.0007397,0.006719,-1.0,0.01526,3.39,3.266,3.471,2.917
0.0152,0.01508,7.2,1.4298294783,2.5327760062,1.43,0.549,3.8263,4.302,0.0,0.0,0.538,0.0,0.0,0.0,0.0,0.0,-1.0,-1.02e-13,0.0,0.7092,0.2755,0.002709,0.0007397,0.006719,-1.0,0.01524,3.398,3.274,3.478,2.927
0.0152,0.01508,7.2,1.4408661127,2.5337821802,1.441,0.554,3.8269,4.303,0.0,0.0,0.538,0.0,0.0,0.0,0.0,0.0,-1.0,-9.8e-14,0.0,0.7092,0.2755,0.002709,0.0007397,0.006719,-1.0,0.01523,3.386,3.263,3.466,2.917
0.0152,0.01508,7.2,1.4500000477,2.5346015836,1.45,0.568,3.8284,4.297,0.0,0.0,0.538,0.0,0.0,0.0,0.0,0.0,-1.0,-9.82e-14,0.0,0.7092,0.2755,0.002709,0.0007397,0.006719,-1.0,0.01524,3.35,3.227,3.428,2.885
0.0152,0.01508,7.2,1.4667582512,2.5360744837,1.467,0.595,3.8314,4.286,0.0,0.0,0.538,0.0,0.0,0.0,0.0,0.0,-1.0,-9.73e-14,0.0,0.7092,0.2755,0.002709,0.0007397,0.006719,-1.0,0.01526,3.281,3.159,3.354,2.823
0.0152,0.01508,7.2,1.5,2.5388844597,1.5,0.653,3.8383,4.267,0.0,0.0,0.538,0.0,0.0,0.0,0.0,0.0,-1.0,-9.67e-14,0.0,0.7093,0.2755,0.002709,0.0007397,0.006718,-1.0,0.01525,3.138,3.017,3.201,2.698
0.0152,0.01508,7.2,1.5204150677,2.5405403112,1.52,0.69,3.8436,4.256,0.0,0.0,0.538,0.0,0.0,0.0,0.0,0.0,-1.0,-9.39e-14,0.0,0.7093,0.2755,0.002709,0.0007397,0.006718,-1.0,0.01526,3.045,2.926,3.101,2.619
0.0152,0.01508,7.2,1.5499999523,2.5428511323,1.55,0.746,3.854,4.251,0.0,0.0,0.538,0.0,0.0,0.0,0.0,0.0,-1.0,-9e-14,0.0,0.7093,0.2754,0.002709,0.0007396,0.006718,-1.0,0.01527,2.906,2.79,2.949,2.509
0.0152,0.01508,7.2,1.5668307543,2.5441210605,1.567,0.779,3.8614,4.252,0.0,0.0,0.538,0.0,0.0,0.0,0.0,0.0,-1.0,-8.4e-14,0.0,0.7093,0.2754,0.002709,0.0007396,0.006718,-1.0,0.01527,2.823,2.711,2.859,2.448
0.0152,0.01508,7.2,1.598192215,2.5464055132,1.598,0.837,3.8778,4.268,0.0,0.0,0.538,0.0,0.0,0.0,0.0,0.0,-1.0,-7.28e-14,0.0,0.7093,0.2754,0.002709,0.0007396,0.006718,-1.0,0.01527,2.677,2.575,2.698,2.352
0.0152,0.01508,7.2,1.6000000238,2.5465340628,1.6,0.84,3.8788,4.269,0.0,0.0,0.538,0.0,0.0,0.0,0.0,0.0,-1.0,-7.21e-14,0.0,0.7093,0.2754,0.002709,0.0007396,0.006718,-1.0,0.01527,2.669,2.568,2.689,2.347
0.0152,0.01508,7.2,1.6344196796,2.5489193233,1.634,0.89,3.8943,4.29,0.0,0.0,0.538,0.0,0.0,0.0,0.0,0.0,-1.0,-4.84e-14,0.0,0.7093,0.2754,0.002708,0.0007396,0.006718,-1.0,0.01527,2.545,2.458,2.557,2.274
0.0152,0.01508,7.2,1.6500000954,2.5499614852,1.649,0.907,3.8991,4.297,0.0,0.0,0.538,0.0,0.0,0.0,0.0,0.0,-1.0,-4.02e-14,0.0,0.7093,0.2754,0.002708,0.0007396,0.006718,-1.0,0.01527,2.503,2.42,2.512,2.249
0.0152,0.01508,7.2,1.6662999392,2.5510278153,1.666,0.925,3.9049,4.306,0.0,0.0,0.538,0.0,0.0,0.0,0.0,0.0,-1.0,-1.36e-19,0.0,0.7093,0.2754,0.002708,0.0007396,0.006718,-1.0,0.01527,2.458,2.383,2.467,2.226
0.0152,0.01508,7.2,1.7000000477,2.5531580802,1.699,0.954,3.9149,4.326,0.0,0.0,0.538,0.0,0.0,0.0,0.0,0.0,-1.0,-9.999999999999999e-31,0.0,0.7093,0.2754,0.002708,0.0007396,0.006717,-1.0,0.01527,2.385,2.324,2.395,2.192
0.0152,0.01508,7.2,1.7008883953,2.553212923,1.7,0.955,3.9151,4.326,0.0,0.0,0.538,0.0,0.0,0.0,0.0,0.0,-1.0,-9.999999999999999e-31,0.0,0.7093,0.2754,0.002708,0.0007396,0.006717,-1.0,0.01527,2.383,2.323,2.393,2.192
0.0152,0.01508,7.2,1.7410334349,2.5556242885,1.74,0.985,3.9241,4.342,0.0,0.0,0.538,0.0,0.0,0.0,0.0,0.0,-1.0,-9.999999999999999e-31,0.0,0.7093,0.2754,0.002708,0.0007395,0.006717,-1.0,0.01527,2.308,2.263,2.321,2.153
0.0152,0.01508,7.2,1.75,2.5561455243,1.749,0.994,3.9261,4.343,0.0,0.0,0.538,0.0,0.0,0.0,0.0,0.0,-1.0,-9.999999999999999e-31,0.0,0.7093,0.2754,0.002708,0.0007395,0.006717,-1.0,0.01527,2.284,2.243,2.299,2.138
0.0152,0.01508,7.2,1.7999999523,2.5589429085,1.799,1.046,3.9369,4.347,0.0,0.0,0.538,0.0,0.0,0.0,0.0,0.0,-1.0,-9.999999999999999e-31,0.0,0.7093,0.2754,0.002708,0.0007395,0.006717,-1.0,0.01527,2.155,2.137,2.18,2.057
0.0152,0.01508,7.2,1.8500000238,2.5615671203,1.849,1.094,3.947,4.35,0.0,0.0,0.538,0.0,0.0,0.0,0.0,0.0,-1.0,-9.999999999999999e-31,0.0,0.7093,0.2754,0.002708,0.0007395,0.006717,-1.0,0.01527,2.034,2.043,2.075,1.984
0.0152,0.01508,7.2,1.9000000954,2.5640331317,1.899,1.142,3.9566,4.353,0.0,0.0,0.538,0.0,0.0,0.0,0.0,0.0,-1.0,-9.999999999999999e-31,0.0,0.7094,0.2754,0.002708,0.0007395,0.006716,-1.0,0.01527,1.915,1.954,1.977,1.912
0.0152,0.01508,7.2,1.9500001669,2.5663542767,1.95,1.189,3.966,4.355,0.0,0.0,0.538,0.0,0.0,0.0,0.0,0.0,-1.0,-9.999999999999999e-31,0.0,0.7094,0.2754,0.002708,0.0007394,0.006716,-1.0,0.01526,1.799,1.871,1.885,1.844
0.0152,0.01508,7.2,2.0,2.5685424513,2.0,1.233,3.9749,4.357,0.0,0.0,0.538,0.0,0.0,0.0,0.0,0.0,-1.0,-9.999999999999999e-31,0.0,0.7094,0.2753,0.002708,0.0007394,0.006716,-1.0,0.01527,1.687,1.793,1.801,1.78
0.0152,0.01508,7.2,2.0499999523,2.5706083333,2.05,1.276,3.9833,4.359,0.0,0.0,0.538,0.0,0.0,0.0,0.0,0.0,-1.0,-9.999999999999999e-31,0.0,0.7094,0.2753,0.002708,0.0007394,0.006716,-1.0,0.01527,1.58,1.721,1.723,1.719
0.0152,0.01508,7.2,2.0999999046,2.5725614918,2.099,1.318,3.9914,4.359,0.0,0.0,0.538,0.0,0.0,0.0,0.0,0.0,-1.0,-9.999999999999999e-31,0.0,0.7094,0.2753,0.002708,0.0007394,0.006716,-1.0,0.01526,1.474,1.65,1.647,1.658
0.0152,0.01508,7.2,2.1500000954,2.5744105556,2.149,1.359,3.9993,4.36,0.0,0.0,0.538,0.0,0.0,0.0,0.0,0.0,-1.0,-9.999999999999999e-31,0.0,0.7094,0.2753,0.002708,0.0007393,0.006715,-1.0,0.01526,1.372,1.583,1.575,1.601
0.0152,0.01508,7.2,2.2000000477,2.5761632879,2.199,1.4,4.0069,4.36,0.0,0.0,0.538,0.0,0.0,0.0,0.0,0.0,-1.0,-9.999999999999999e-31,0.0,0.7094,0.2753,0.002708,0.0007393,0.006715,-1.0,0.01527,1.271,1.518,1.506,1.543
0.0152,0.01508,7.2,2.25,2.5778267375,2.249,1.438,4.0143,4.361,0.0,0.0,0.538,0.0,0.0,0.0,0.0,0.0,-1.0,-9.999999999999999e-31,0.0,0.7094,0.2753,0.002708,0.0007393,0.006715,-1.0,0.01527,1.174,1.456,1.44,1.489
0.0152,0.01508,7.2,2.2999999523,2.5794072884,2.299,1.476,4.0214,4.361,0.0,0.0,0.538,0.0,0.0,0.0,0.0,0.0,-1.0,-9.999999999999999e-31,0.0,0.7095,0.2753,0.002708,0.0007393,0.006715,-1.0,0.01527,1.079,1.395,1.376,1.434
0.0152,0.01508,7.2,2.4000000954,2.5823423892,2.399,1.549,4.0347,4.36,0.0,0.0,0.538,0.0,0.0,0.0,0.0,0.0,-1.0,-9.999999999999999e-31,0.0,0.7094,0.2753,0.002708,0.0007393,0.006715,-1.0,0.01526,0.897,1.279,1.253,1.329
0.0152,0.01508,7.2,2.5999999046,2.5874412955,2.6,1.684,4.0592,4.358,0.0,0.0,0.538,0.0,0.0,0.0,0.0,0.0,-1.0,-9.999999999999999e-31,0.0,0.7092,0.2755,0.00271,0.0007399,0.00672,-1.0,0.01527,0.559,1.064,1.028,1.133
0.0152,0.01508,7.2,2.8000001907,2.5917117867,2.8,1.809,4.081,4.352,1.0,0.0,0.538,0.0,0.0,0.0,0.0,0.0,-1.0,-9.999999999999999e-31,0.0,0.7092,0.2755,0.00271,0.0007399,0.00672,-1.0,0.01527,0.247,0.864,0.821,0.947
0.0152,0.01508,7.2,3.0,2.5953341962,3.0,1.925,4.1009,4.346,1.0,0.0,0.538,0.0,0.0,0.0,0.0,0.0,-1.0,-9.999999999999999e-31,0.0,0.7092,0.2755,0.00271,0.0007399,0.00672,-1.0,0.01527,-0.042,0.681,0.63,0.775
0.0152,0.01508,7.2,3.2000000477,2.5984409005,3.199,2.032,4.1188,4.338,1.0,0.0,0.538,0.0,0.0,0.0,0.0,0.0,-1.0,-9.999999999999999e-31,0.0,0.7092,0.2755,0.00271,0.0007399,0.00672,-1.0,0.01527,-0.311,0.511,0.455,0.615
0.0152,0.01508,7.2,3.3130576611,2.600007503,3.312,2.09,4.1284,4.334,1.0,0.0,0.538,0.0,0.0,0.0,0.0,0.0,-1.0,-9.999999999999999e-31,0.0,0.7092,0.2755,0.00271,0.0007399,0.00672,-1.0,0.01527,-0.455,0.42,0.361,0.53
0.0152,0.01508,7.2,3.4000000954,2.6011310876,3.398,2.133,4.1356,4.33,1.0,0.0,0.538,0.0,0.0,0.0,0.0,0.0,-1.0,-9.999999999999999e-31,0.0,0.7092,0.2755,0.00271,0.0007399,0.00672,-1.0,0.01527,-0.563,0.352,0.291,0.466
0.0152,0.01508,7.2,3.6000001431,2.6034804607,3.598,2.228,4.1511,4.322,1.0,0.0,0.538,0.0,0.0,0.0,0.0,0.0,-1.0,-9.999999999999999e-31,0.0,0.7092,0.2755,0.00271,0.0007399,0.00672,-1.0,0.01527,-0.801,0.202,0.136,0.325
0.0152,0.01508,7.2,3.8000001907,2.6055477311,3.798,2.318,4.1657,4.315,1.0,0.0,0.538,0.0,0.0,0.0,0.0,0.0,-1.0,-9.999999999999999e-31,0.0,0.7092,0.2755,0.00271,0.0007399,0.00672,-1.0,0.01527,-1.024,0.063,-0.008,0.193
0.0152,0.01508,7.2,4.0,2.607379084,4.001,2.402,4.1789,4.306,1.0,0.0,0.538,0.0,0.0,0.0,0.0,0.0,-1.0,-9.999999999999999e-31,0.0,0.7092,0.2755,0.00271,0.0007399,0.00672,-1.0,0.01527,-1.235,-0.071,-0.146,0.067
0.0152,0.01508,7.2,4.137606144,2.6085215712,4.136,2.457,4.1877,4.3,1.0,0.0,0.538,0.0,0.0,0.0,0.0,0.0,-1.0,-9.999999999999999e-31,0.0,0.7092,0.2755,0.00271,0.0007399,0.00672,-1.0,0.01527,-1.374,-0.159,-0.236,-0.016
0.0152,0.01508,7.2,4.1999998093,2.6090113217,4.198,2.482,4.1916,4.297,1.0,0.0,0.538,0.0,0.0,0.0,0.0,0.0,-1.0,-9.999999999999999e-31,0.0,0.7092,0.2755,0.00271,0.0007399,0.00672,-1.0,0.01527,-1.436,-0.198,-0.276,-0.053
0.0152,0.01508,7.2,4.4000000954,2.6104741055,4.397,2.559,4.2035,4.288,1.0,0.0,0.538,0.0,0.0,0.0,0.0,0.0,-1.0,-9.999999999999999e-31,0.0,0.7092,0.2755,0.00271,0.0007399,0.00672,-1.0,0.01527,-1.627,-0.32,-0.401,-0.168
0.0152,0.01508,7.2,4.5999999046,2.6117915791,4.597,2.632,4.2148,4.28,1.0,0.0,0.538,0.0,0.0,0.0,0.0,0.0,-1.0,-9.999999999999999e-31,0.0,0.7092,0.2755,0.00271,0.0007399,0.00672,-1.0,0.01527,-1.81,-0.436,-0.521,-0.278
0.0152,0.01508,7.2,4.6054792404,2.6118258259,4.603,2.634,4.2151,4.28,1.0,0.0,0.538,0.0,0.0,0.0,0.0,0.0,-1.0,-9.999999999999999e-31,0.0,0.7092,0.2755,0.00271,0.0007399,0.00672,-1.0,0.01527,-1.815,-0.439,-0.524,-0.281
0.0152,0.01508,7.2,4.8000001907,2.6129836005,4.798,2.702,4.2257,4.272,1.0,0.0,0.538,0.0,0.0,0.0,0.0,0.0,-1.0,-9.999999999999999e-31,0.0,0.7092,0.2755,0.00271,0.0007399,0.00672,-1.0,0.01527,-1.985,-0.547,-0.636,-0.383
0.0152,0.01508,7.2,5.0,2.6140666223,4.999,2.769,4.2358,4.263,1.0,0.0,0.538,0.0,0.0,0.0,0.0,0.0,-1.0,-9.999999999999999e-31,0.0,0.7092,0.2755,0.00271,0.0007399,0.00672,-1.0,0.01527,-2.153,-0.656,-0.747,-0.486
0.0152,0.01508,7.2,5.0664725304,2.6144048795,5.066,2.791,4.239,4.26,1.0,0.0,0.538,0.0,0.0,0.0,0.0,0.0,-1.0,-9.999999999999999e-31,0.0,0.7092,0.2755,0.00271,0.0007399,0.00672,-1.0,0.01527,-2.207,-0.691,-0.783,-0.519
0.0152,0.01508,7.2,5.1999998093,2.6150544,5.2,2.834,4.2454,4.254,1.0,0.0,0.538,0.0,0.0,0.0,0.0,0.0,-1.0,-9.999999999999999e-31,0.0,0.7092,0.2755,0.00271,0.0007399,0.00672,-1.0,0.01527,-2.314,-0.761,-0.855,-0.585
0.0152,0.01508,7.2,5.3999996185,2.6159585084,5.401,2.896,4.2547,4.245,1.0,0.0,0.538,0.0,0.0,0.0,0.0,0.0,-1.0,-9.999999999999999e-31,0.0,0.7092,0.2755,0.00271,0.0007399,0.00672,-1.0,0.01527,-2.47,-0.863,-0.959,-0.681
0.0152,0.01508,7.2,5.479537487,2.6162970391,5.48,2.92,4.2582,4.242,1.0,0.0,0.538,0.0,0.0,0.0,0.0,0.0,-1.0,-9.999999999999999e-31,0.0,0.7092,0.2755,0.00271,0.0007399,0.00672,-1.0,0.01527,-2.53,-0.902,-1.0,-0.719
0.0152,0.01508,7.2,5.5999994278,2.6167887546,5.601,2.956,4.2635,4.236,1.0,0.0,0.538,0.0,0.0,0.0,0.0,0.0,-1.0,-9.999999999999999e-31,0.0,0.7092,0.2755,0.00271,0.0007399,0.00672,-1.0,0.01527,-2.621,-0.961,-1.061,-0.775
0.0152,0.01508,7.2,5.714908123,2.6172356552,5.716,2.99,4.2684,4.231,1.0,0.0,0.538,0.0,0.0,0.0,0.0,0.0,-1.0,-9.999999999999999e-31,0.0,0.7092,0.2755,0.00271,0.0007399,0.00672,-1.0,0.01527,-2.705,-1.017,-1.118,-0.828
0.0152,0.01508,7.2,5.8000001907,2.6175535027,5.801,3.014,4.272,4.227,1.0,0.0,0.538,0.0,0.0,0.0,0.0,0.0,-1.0,-9.999999999999999e-31,0.0,0.7092,0.2755,0.00271,0.0007399,0.00672,-1.0,0.01527,-2.766,-1.058,-1.16,-0.867
0.0152,0.01508,7.2,5.9522838593,2.6180963317,5.953,3.057,4.2781,4.22,1.0,0.0,0.538,0.0,0.0,0.0,0.0,0.0,-1.0,-9.999999999999999e-31,0.0,0.7092,0.2755,0.00271,0.0007399,0.00672,-1.0,0.01527,-2.873,-1.13,-1.233,-0.935
0.0152,0.01508,7.2,6.0,2.6182599138,6.0,3.071,4.28,4.218,1.0,0.0,0.538,0.0,0.0,0.0,0.0,0.0,-1.0,-9.999999999999999e-31,0.0,0.7092,0.2755,0.00271,0.0007399,0.00672,-1.0,0.01527,-2.907,-1.152,-1.256,-0.956
0.0152,0.01508,7.2,6.1999998093,2.6189141709,6.2,3.125,4.2877,4.208,1.0,0.0,0.538,0.0,0.0,0.0,0.0,0.0,-1.0,-9.999999999999999e-31,0.0,0.7092,0.2755,0.00271,0.0007399,0.00672,-1.0,0.01527,-3.043,-1.244,-1.35,-1.044
0.0152,0.01508,7.2,6.2145757675,2.6189599633,6.214,3.129,4.2883,4.207,1.0,0.0,0.538,0.0,0.0,0.0,0.0,0.0,-1.0,-9.999999999999999e-31,0.0,0.7092,0.2755,0.00271,0.0007399,0.00672,-1.0,0.01527,-3.053,-1.251,-1.357,-1.05
0.0152,0.01508,7.2,6.4000000954,2.6195216279,6.399,3.178,4.2951,4.198,1.0,0.0,0.538,0.0,0.0,0.0,0.0,0.0,-1.0,-9.999999999999999e-31,0.0,0.7092,0.2755,0.00271,0.0007399,0.00672,-1.0,0.01527,-3.175,-1.334,-1.443,-1.13
0.0152,0.01508,7.2,6.7853221893,2.6205767029,6.782,3.276,4.3084,4.179,1.0,0.0,0.538,0.0,0.0,0.0,0.0,0.0,-1.0,-9.999999999999999e-31,0.0,0.7092,0.2755,0.00271,0.0007399,0.00672,-1.0,0.01527,-3.42,-1.504,-1.616,-1.292
0.0152,0.01508,7.2,7.0,2.621106928,6.996,3.33,4.3154,4.167,1.0,0.0,0.538,0.0,0.0,0.0,0.0,0.0,-1.0,-9.999999999999999e-31,0.0,0.7092,0.2755,0.00271,0.0007399,0.00672,-1.0,0.01527,-3.554,-1.598,-1.712,-1.382
0.0152,0.01508,7.2,7.2290668488,2.6216329423,7.226,3.384,4.3224,4.154,1.0,0.0,0.538,0.0,0.0,0.0,0.0,0.0,-1.0,-9.999999999999999e-31,0.0,0.7092,0.2755,0.00271,0.0007399,0.00672,-1.0,0.01527,-3.69,-1.695,-1.811,-1.475
0.0152,0.01508,7.2,7.5870070457,2.6223822217,7.586,3.467,4.3327,4.134,1.0,0.0,0.538,0.0,0.0,0.0,0.0,0.0,-1.0,-9.999999999999999e-31,0.0,0.7092,0.2755,0.00271,0.0007399,0.00672,-1.0,0.01527,-3.897,-1.845,-1.964,-1.62
0.0152,0.01508,7.2,7.9590187073,2.6230794025,7.96,3.551,4.3426,4.11,1.0,0.0,0.538,0.0,0.0,0.0,0.0,0.0,-1.0,-9.999999999999999e-31,0.0,0.7092,0.2755,0.00271,0.0007399,0.00672,-1.0,0.01527,-4.107,-2.0,-2.121,-1.77
0.0152,0.01508,7.2,8.0,2.6231516585,8.001,3.56,4.3436,4.108,1.0,0.0,0.538,0.0,0.0,0.0,0.0,0.0,-1.0,-9.999999999999999e-31,0.0,0.7092,0.2755,0.00271,0.0007399,0.00672,-1.0,0.01527,-4.13,-2.017,-2.139,-1.786
0.0152,0.01508,7.2,8.1476564407,2.623405081,8.148,3.592,4.3472,4.098,1.0,0.0,0.538,0.0,0.0,0.0,0.0,0.0,-1.0,-9.999999999999999e-31,0.0,0.7092,0.2755,0.00271,0.0007399,0.00672,-1.0,0.01527,-4.209,-2.077,-2.199,-1.844
0.0152,0.01508,7.2,8.4891271591,2.6239525055,8.486,3.664,4.355,4.075,1.0,0.0,0.538,0.0,0.0,0.0,0.0,0.0,-1.0,-9.999999999999999e-31,0.0,0.7092,0.2755,0.00271,0.0007399,0.00672,-1.0,0.01527,-4.39,-2.215,-2.34,-1.979
0.0152,0.01508,7.2,8.8023319244,2.6244119093,8.797,3.73,4.3615,4.05,1.0,0.0,0.538,0.0,0.0,0.0,0.0,0.0,-1.0,-9.999999999999999e-31,0.0,0.7092,0.2755,0.00271,0.0007399,0.00672,-1.0,0.01527,-4.554,-2.345,-2.472,-2.106
0.0152,0.01508,7.2,9.0,2.6246829947,8.995,3.771,4.3652,4.034,1.0,0.0,0.538,0.0,0.0,0.0,0.0,0.0,-1.0,-9.999999999999999e-31,0.0,0.7092,0.2755,0.00271,0.0007399,0.00672,-1.0,0.01527,-4.657,-2.429,-2.556,-2.187
0.0152,0.01508,7.2,9.2100133896,2.6249563989,9.205,3.813,4.3688,4.016,1.0,0.0,0.538,0.0,0.0,0.0,0.0,0.0,-1.0,-9.999999999999999e-31,0.0,0.7092,0.2755,0.00271,0.0007399,0.00672,-1.0,0.01527,-4.763,-2.515,-2.644,-2.272
0.0152,0.01508,7.2,9.4798965454,2.6252873719,9.476,3.867,4.373,3.992,1.0,0.0,0.538,0.0,0.0,0.0,0.0,0.0,-1.0,-9.999999999999999e-31,0.0,0.7092,0.2755,0.00271,0.0007399,0.00672,-1.0,0.01527,-4.897,-2.628,-2.758,-2.383
0.0152,0.01508,7.2,9.7316894531,2.6255772005,9.729,3.916,4.3764,3.967,1.0,0.0,0.538,0.0,0.0,0.0,0.0,0.0,-1.0,-9.999999999999999e-31,0.0,0.7092,0.2755,0.00271,0.0007399,0.00672,-1.0,0.01527,-5.021,-2.736,-2.866,-2.489
0.0152,0.01508,7.2,9.9675207138,2.6258334403,9.965,3.963,4.379,3.941,1.0,0.0,0.538,0.0,0.0,0.0,0.0,0.0,-1.0,-9.999999999999999e-31,0.0,0.7092,0.2755,0.00271,0.0007399,0.00672,-1.0,0.01527,-5.138,-2.84,-2.971,-2.592
0.0152,0.01508,7.2,10.0,2.6258676431,9.998,3.97,4.3793,3.937,1.0,0.0,0.538,0.0,0.0,0.0,0.0,0.0,-1.0,-9.999999999999999e-31,0.0,0.7092,0.2755,0.00271,0.0007399,0.00672,-1.0,0.01527,-5.154,-2.855,-2.986,-2.607
0.0152,0.01508,7.2,10.2054853439,2.6260782425,10.204,4.009,4.3809,3.913,1.0,0.0,0.538,0.0,0.0,0.0,0.0,0.0,-1.0,-9.999999999999999e-31,0.0,0.7092,0.2755,0.00271,0.0007399,0.00672,-1.0,0.01527,-5.253,-2.946,-3.077,-2.697
0.0152,0.01508,7.2,10.5050239563,2.6263683291,10.505,4.066,4.3825,3.875,1.0,0.0,0.538,0.0,0.0,0.0,0.0,0.0,-1.0,-9.999999999999999e-31,0.0,0.7092,0.2755,0.00271,0.0007399,0.00672,-1.0,0.01527,-5.396,-3.084,-3.215,-2.834
0.0152,0.01508,7.2,10.7801017761,2.626618462,10.781,4.119,4.383,3.836,1.0,0.0,0.538,0.0,0.0,0.0,0.0,0.0,-1.0,-9.999999999999999e-31,0.0,0.7092,0.2755,0.00271,0.0007399,0.00672,-1.0,0.01527,-5.527,-3.215,-3.347,-2.965
0.0152,0.01508,7.2,11.0,2.6268081058,11.001,4.161,4.3825,3.8,1.0,0.0,0.538,0.0,0.0,0.0,0.0,0.0,-1.0,-9.999999999999999e-31,0.0,0.7092,0.2755,0.00271,0.0007399,0.00672,-1.0,0.01527,-5.633,-3.326,-3.458,-3.077
0.0152,0.01508,7.2,11.2288608551,2.6269964356,11.23,4.205,4.3809,3.76,1.0,0.0,0.538,0.0,0.0,0.0,0.0,0.0,-1.0,-9.999999999999999e-31,0.0,0.7092,0.2755,0.00271,0.0007399,0.00672,-1.0,0.01527,-5.741,-3.445,-3.577,-3.197
0.0152,0.01508,7.2,11.5345659256,2.6272346422,11.536,4.262,4.3771,3.698,1.0,0.0,0.538,0.0,0.0,0.0,0.0,0.0,-1.0,-9.999999999999999e-31,0.0,0.7092,0.2755,0.00271,0.0007399,0.00672,-1.0,0.01527,-5.886,-3.614,-3.745,-3.368
0.0152,0.01508,7.2,11.7919607162,2.62742423,11.793,4.312,4.3719,3.638,1.0,0.0,0.538,0.0,0.0,0.0,0.0,0.0,-1.0,-9.999999999999999e-31,0.0,0.7092,0.2755,0.00271,0.0007399,0.00672,-1.0,0.01527,-6.009,-3.769,-3.899,-3.526
0.0152,0.01508,7.2,12.0,2.6275706487,12.001,4.352,4.3656,3.579,1.0,0.0,0.538,0.0,0.0,0.0,0.0,0.0,-1.0,-9.999999999999999e-31,0.0,0.7092,0.2755,0.00271,0.0007399,0.00672,-1.0,0.01527,-6.11,-3.908,-4.036,-3.667
0.0152,0.01508,7.2,12.1101379395,2.6276458262,12.107,4.372,4.3619,3.548,1.0,0.0,0.538,0.0,0.0,0.0,0.0,0.0,-1.0,-1.9600000000000002e-29,0.0,0.7092,0.2755,0.002712,0.00074,0.00672,-1.0,0.01527,-6.161,-3.979,-4.107,-3.741
0.0152,0.01508,7.2,12.3231773376,2.6277868658,12.312,4.412,4.3534,3.482,1.0,0.0,0.539,0.0,0.0,0.0,0.0,0.0,-1.0,-5.690000000000001e-27,0.0,0.7092,0.2755,0.002716,0.0007401,0.00672,-1.0,0.01527,-6.259,-4.127,-4.253,-3.892
0.0152,0.01508,7.2,12.4904413223,2.6278937316,12.472,4.443,4.3449,3.422,1.0,0.0,0.54,0.0,0.0,0.0,0.0,0.0,-1.0,-6.64e-25,0.0,0.7092,0.2755,0.002719,0.0007402,0.00672,-1.0,0.01527,-6.339,-4.256,-4.38,-4.026
0.0152,0.01508,7.2,12.6502904892,2.627992829,12.619,4.475,4.336,3.36,1.0,0.0,0.54,0.0,0.0,0.0,0.0,0.0,-1.0,-8.329999999999999e-23,0.0,0.7092,0.2755,0.002722,0.0007402,0.00672,-1.0,0.01527,-6.418,-4.387,-4.509,-4.162
0.0152,0.01508,7.2,12.7916460037,2.6280780925,12.741,4.504,4.3305,3.313,1.0,0.0,0.541,0.0,0.0,0.0,0.0,0.0,-1.0,-3.95e-21,0.0,0.7092,0.2755,0.002725,0.0007403,0.00672,-1.0,0.01527,-6.491,-4.493,-4.613,-4.271
0.0152,0.01508,7.2,12.8306369781,2.6281012314,12.774,4.515,4.3346,3.32,1.0,0.0,0.541,0.0,0.0,0.0,0.0,0.0,-1.0,-9.8e-21,0.0,0.7092,0.2755,0.002725,0.0007403,0.006719,-1.0,0.01527,-6.518,-4.497,-4.618,-4.274
0.0152,0.01508,7.2,12.8828773499,2.6281319807,12.817,4.533,4.3465,3.351,1.0,0.0,0.541,0.0,0.0,0.0,0.0,0.0,-1.0,-2.11e-20,0.0,0.7092,0.2755,0.002726,0.0007404,0.006719,-1.0,0.01527,-6.562,-4.477,-4.601,-4.247
0.0152,0.01508,7.2,12.8934497833,2.628138169,12.826,4.543,4.3569,3.383,1.0,0.0,0.541,0.0,0.0,0.0,0.0,0.0,-1.0,-1.59e-20,0.0,0.7092,0.2755,0.002727,0.0007404,0.006719,-1.0,0.01527,-6.587,-4.445,-4.571,-4.21
0.0152,0.01508,7.2,12.8991413116,2.6281414955,12.831,4.557,4.3691,3.417,1.0,0.0,0.541,0.0,0.0,0.0,0.0,0.0,-1.0,-2.05e-20,0.0,0.7092,0.2755,0.002727,0.0007404,0.006719,-1.0,0.01527,-6.623,-4.414,-4.544,-4.173
0.0152,0.01508,7.2,12.9013605118,2.6281427916,12.833,4.573,4.3787,3.44,1.0,0.0,0.541,0.0,0.0,0.0,0.0,0.0,-1.0,-2.39e-20,0.0,0.7092,0.2755,0.002727,0.0007404,0.006719,-1.0,0.01527,-6.662,-4.4,-4.532,-4.155
0.0152,0.01508,7.2,12.9028348923,2.6281436524,12.834,4.585,4.3865,3.459,1.0,0.0,0.541,0.0,0.0,0.0,0.0,0.0,-1.0,-2.69e-20,0.0,0.7092,0.2755,0.002727,0.0007404,0.006719,-1.0,0.01527,-6.693,-4.389,-4.523,-4.14
0.0152,0.01508,7.2,12.9038267136,2.6281442314,12.835,4.57,4.3816,3.454,2.0,0.0,0.541,0.0,0.0,0.0,0.0,0.0,-1.0,-2.62e-20,0.0,0.7092,0.2755,0.002727,0.0007404,0.006719,-1.0,0.01527,-6.656,-4.378,-4.511,-4.131
0.0152,0.01508,7.2,12.9047670364,2.6281447802,12.836,4.554,4.3716,3.431,2.0,0.0,0.541,0.0,0.0,0.0,0.0,0.0,-1.0,-2.47e-20,0.0,0.7092,0.2755,0.002727,0.0007404,0.006719,-1.0,0.01527,-6.614,-4.391,-4.521,-4.148
0.0152,0.01508,7.2,12.9054794312,2.6281451959,12.837,4.546,4.3594,3.39,2.0,0.0,0.541,0.0,0.0,0.0,0.0,0.0,-1.0,-2.3e-20,0.0,0.7092,0.2755,0.002727,0.0007404,0.006719,-1.0,0.01527,-6.596,-4.439,-4.567,-4.204
0.0152,0.01508,7.2,12.9060583115,2.6281455337,12.838,4.545,4.3476,3.344,2.0,0.0,0.541,0.0,0.0,0.0,0.0,0.0,-1.0,-3.6e-20,0.0,0.7092,0.2755,0.002727,0.0007404,0.006719,-1.0,0.01527,-6.592,-4.502,-4.626,-4.272
0.0152,0.01508,7.2,12.9067029953,2.6281459098,12.838,4.547,4.3327,3.282,2.0,0.0,0.541,0.0,0.0,0.0,0.0,0.0,-1.0,-7.21e-20,0.0,0.7092,0.2755,0.002727,0.0007404,0.006719,-1.0,0.01527,-6.597,-4.59,-4.711,-4.368
0.0152,0.01508,7.2,12.9072933197,2.6281462542,12.838,4.551,4.3178,3.219,2.0,0.0,0.541,0.0,0.0,0.0,0.0,0.0,-1.0,-9.63e-20,0.0,0.7092,0.2755,0.002727,0.0007404,0.006719,-1.0,0.01527,-6.607,-4.683,-4.799,-4.468
0.0152,0.01508,7.2,12.9077415466,2.6281465156,12.839,4.554,4.3057,3.168,2.0,0.0,0.541,0.0,0.0,0.0,0.0,0.0,-1.0,-9.67e-20,0.0,0.7092,0.2755,0.002727,0.0007404,0.006719,-1.0,0.01527,-6.614,-4.757,-4.871,-4.549
0.0152,0.01508,7.2,12.9081687927,2.6281467648,12.839,4.557,4.2937,3.117,2.0,0.0,0.541,0.0,0.0,0.0,0.0,0.0,-1.0,-9.68e-20,0.0,0.7092,0.2755,0.002727,0.0007404,0.006719,-1.0,0.01527,-6.621,-4.832,-4.943,-4.63
0.0152,0.01508,7.2,12.908575058,2.6281470018,12.839,4.559,4.2817,3.066,2.0,0.0,0.541,0.0,0.0,0.0,0.0,0.0,-1.0,-9.75e-20,0.0,0.7092,0.2755,0.002727,0.0007404,0.006719,-1.0,0.01527,-6.628,-4.905,-5.013,-4.709
0.0152,0.01508,7.2,12.9090614319,2.6281472854,12.84,4.562,4.2666,3.003,2.0,0.0,0.541,0.0,0.0,0.0,0.0,0.0,-1.0,-9.77e-20,0.0,0.7092,0.2755,0.002727,0.0007404,0.006719,-1.0,0.01527,-6.634,-4.996,-5.099,-4.809
0.0152,0.01508,7.2,12.9095211029,2.6281475534,12.84,4.563,4.2515,2.941,2.0,0.0,0.541,0.0,0.0,0.0,0.0,0.0,-1.0,-9.75e-20,0.0,0.7092,0.2755,0.002727,0.0007404,0.006719,-1.0,0.01527,-6.638,-5.086,-5.184,-4.908
0.0152,0.01508,7.2,12.9098711014,2.6281477575,12.84,4.564,4.2394,2.892,2.0,0.0,0.541,0.0,0.0,0.0,0.0,0.0,-1.0,-9.73e-20,0.0,0.7092,0.2755,0.002727,0.0007404,0.006719,-1.0,0.01527,-6.641,-5.156,-5.251,-4.987
0.0152,0.01508,7.2,12.9102058411,2.6281479527,12.841,4.565,4.2274,2.843,2.0,0.0,0.541,0.0,0.0,0.0,0.0,0.0,-1.0,-9.7e-20,0.0,0.7092,0.2755,0.002727,0.0007404,0.006719,-1.0,0.01527,-6.642,-5.226,-5.317,-5.064
0.0152,0.01508,7.2,12.9105272293,2.62814814,12.841,4.565,4.2152,2.795,2.0,0.0,0.541,0.0,0.0,0.0,0.0,0.0,-1.0,-9.66e-20,0.0,0.7092,0.2755,0.002727,0.0007404,0.006719,-1.0,0.01527,-6.642,-5.295,-5.382,-5.141
0.0152,0.01508,7.2,12.9108324051,2.628148318,12.841,4.564,4.2032,2.747,2.0,0.0,0.541,0.0,0.0,0.0,0.0,0.0,-1.0,-9.57e-20,0.0,0.7092,0.2755,0.002727,0.0007404,0.006719,-1.0,0.01527,-6.641,-5.362,-5.446,-5.216
0.0152,0.01508,7.2,12.9111232758,2.6281484875,12.842,4.564,4.1911,2.699,2.0,0.0,0.541,0.0,0.0,0.0,0.0,0.0,-1.0,-9.53e-20,0.0,0.7092,0.2755,0.002727,0.0007404,0.006719,-1.0,0.01527,-6.64,-5.429,-5.509,-5.291
0.0152,0.01508,7.2,12.911403656,2.628148651,12.842,4.563,4.179,2.652,2.0,0.0,0.541,0.0,0.0,0.0,0.0,0.0,-1.0,-9.46e-20,0.0,0.7092,0.2755,0.002727,0.0007404,0.006719,-1.0,0.01527,-6.637,-5.495,-5.571,-5.365
0.0152,0.01508,7.2,12.9116687775,2.6281488055,12.842,4.562,4.1669,2.605,2.0,0.0,0.541,0.0,0.0,0.0,0.0,0.0,-1.0,-9.38e-20,0.0,0.7092,0.2755,0.002727,0.0007404,0.006719,-1.0,0.01527,-6.634,-5.56,-5.632,-5.437
0.0152,0.01508,7.2,12.9119215012,2.6281489528,12.842,4.56,4.1549,2.558,2.0,0.0,0.541,0.0,0.0,0.0,0.0,0.0,-1.0,-9.25e-20,0.0,0.7092,0.2755,0.002727,0.0007404,0.006719,-1.0,0.01527,-6.631,-5.624,-5.693,-5.509
0.0152,0.01508,7.2,12.9121627808,2.6281490934,12.842,4.559,4.1428,2.511,2.0,0.0,0.541,0.0,0.0,0.0,0.0,0.0,-1.0,-9.16e-20,0.0,0.7092,0.2755,0.002727,0.0007404,0.006719,-1.0,0.01527,-6.626,-5.688,-5.752,-5.58
0.0152,0.01508,7.2,12.9123935699,2.6281492279,12.843,4.557,4.1307,2.465,2.0,0.0,0.541,0.0,0.0,0.0,0.0,0.0,-1.0,-9.05e-20,0.0,0.7092,0.2755,0.002727,0.0007404,0.006719,-1.0,0.01527,-6.622,-5.749,-5.809,-5.65
0.0152,0.01508,7.2,12.9126119614,2.6281493552,12.843,4.554,4.1187,2.419,2.0,0.0,0.541,0.0,0.0,0.0,0.0,0.0,-1.0,-8.91e-20,0.0,0.7092,0.2755,0.002727,0.0007404,0.006719,-1.0,0.01527,-6.616,-5.81,-5.867,-5.718
0.0152,0.01508,7.2,12.9128704071,2.6281495058,12.843,4.552,4.1037,2.362,2.0,0.0,0.541,0.0,0.0,0.0,0.0,0.0,-1.0,-8.76e-20,0.0,0.7092,0.2755,0.002727,0.0007404,0.006719,-1.0,0.01527,-6.609,-5.886,-5.938,-5.803
0.0152,0.01508,7.2,12.9131135941,2.6281496475,12.843,4.548,4.0886,2.305,2.0,0.0,0.541,0.0,0.0,0.0,0.0,0.0,-1.0,-8.62e-20,0.0,0.7092,0.2755,0.002727,0.0007404,0.006719,-1.0,0.01527,-6.601,-5.96,-6.006,-5.885
0.0152,0.01508,7.2,12.9132976532,2.6281497548,12.843,4.546,4.0766,2.26,2.0,0.0,0.541,0.0,0.0,0.0,0.0,0.0,-1.0,-8.51e-20,0.0,0.7092,0.2755,0.002727,0.0007404,0.006719,-1.0,0.01527,-6.594,-6.014,-6.056,-5.949
0.0152,0.01508,7.2,12.9134740829,2.6281498576,12.844,4.543,4.0645,2.214,2.0,0.0,0.541,0.0,0.0,0.0,0.0,0.0,-1.0,-8.37e-20,0.0,0.7092,0.2755,0.002727,0.0007404,0.006719,-1.0,0.01527,-6.587,-6.064,-6.099,-6.013
0.0152,0.01508,7.2,12.913640976,2.6281499548,12.844,4.54,4.0525,2.169,2.0,0.0,0.541,0.0,0.0,0.0,0.0,0.0,-1.0,-8.24e-20,0.0,0.7092,0.2755,0.002727,0.0007404,0.006719,-1.0,0.01527,-6.58,-6.117,-6.148,-6.075
0.0152,0.01508,7.2,12.9138393402,2.6281500704,12.844,4.536,4.0374,2.112,2.0,0.0,0.541,0.0,0.0,0.0,0.0,0.0,-1.0,-1.01e-19,0.0,0.7092,0.2755,0.002727,0.0007404,0.006719,-1.0,0.01527,-6.57,-6.182,-6.207,-6.151
0.0152,0.01508,7.2,12.9139881134,2.6281501571,12.844,4.533,4.0254,2.067,2.0,0.0,0.541,0.0,0.0,0.0,0.0,0.0,-1.0,-1.84e-19,0.0,0.7092,0.2755,0.002727,0.0007404,0.006719,-1.0,0.01527,-6.562,-6.232,-6.252,-6.209
0.0152,0.01508,7.2,12.9141321182,2.628150241,12.844,4.53,4.0133,2.023,2.0,0.0,0.541,0.0,0.0,0.0,0.0,0.0,-1.0,-2.7e-19,0.0,0.7092,0.2755,0.002727,0.0007404,0.006719,-1.0,0.01527,-6.554,-6.28,-6.295,-6.265
0.0152,0.01508,7.2,12.9142684937,2.6281503204,12.844,4.526,4.0012,1.977,2.0,0.0,0.541,0.0,0.0,0.0,0.0,0.0,-1.0,-2.65e-19,0.0,0.7092,0.2755,0.002727,0.0007404,0.006719,-1.0,0.01527,-6.545,-6.327,-6.338,-6.32
0.0152,0.01508,7.2,12.9144287109,2.6281504138,12.844,4.522,3.9861,1.921,2.0,0.0,0.541,0.0,0.0,0.0,0.0,0.0,-1.0,-2.59e-19,0.0,0.7092,0.2755,0.002727,0.0007404,0.006719,-1.0,0.01527,-6.535,-6.383,-6.389,-6.385
0.0152,0.01508,7.2,12.9145526886,2.628150486,12.844,4.518,3.9739,1.876,2.0,0.0,0.541,0.0,0.0,0.0,0.0,0.0,-1.0,-2.55e-19,0.0,0.7092,0.2755,0.002727,0.0007404,0.006719,-1.0,0.01527,-6.526,-6.427,-6.428,-6.436
0.0152,0.01508,7.2,12.9146699905,2.6281505543,12.844,4.515,3.9618,1.831,2.0,0.0,0.541,0.0,0.0,0.0,0.0,0.0,-1.0,-2.5e-19,0.0,0.7092,0.2755,0.002727,0.0007404,0.006719,-1.0,0.01527,-6.516,-6.465,-6.461,-6.486
0.0152,0.01508,7.2,12.9147825241,2.6281506199,12.844,4.511,3.9496,1.786,2.0,0.0,0.541,0.0,0.0,0.0,0.0,0.0,-1.0,-2.45e-19,0.0,0.7092,0.2755,0.002727,0.0007404,0.006719,-1.0,0.01527,-6.507,-6.499,-6.486,-6.535
0.0152,0.01508,7.2,12.9148931503,2.6281506843,12.844,4.507,3.9372,1.741,2.0,0.0,0.541,0.0,0.0,0.0,0.0,0.0,-1.0,-2.41e-19,0.0,0.7092,0.2755,0.002727,0.0007404,0.006719,-1.0,0.01527,-6.497,-6.535,-6.516,-6.581
0.0152,0.01508,7.2,12.9149980545,2.6281507454,12.844,4.503,3.9249,1.696,2.0,0.0,0.541,0.0,0.0,0.0,0.0,0.0,-1.0,-2.38e-19,0.0,0.7092,0.2755,0.002727,0.0007404,0.006719,-1.0,0.01527,-6.487,-6.565,-6.54,-6.624
0.0152,0.01508,7.2,12.9150981903,2.6281508038,12.844,4.498,3.9127,1.651,2.0,0.0,0.541,0.0,0.0,0.0,0.0,0.0,-1.0,-2.32e-19,0.0,0.7092,0.2755,0.002727,0.0007404,0.006719,-1.0,0.01527,-6.476,-6.588,-6.555,-6.662
0.0152,0.01508,7.2,12.9151954651,2.6281508604,12.844,4.494,3.9003,1.606,2.0,0.0,0.541,0.0,0.0,0.0,0.0,0.0,-1.0,-2.28e-19,0.0,0.7092,0.2755,0.002727,0.0007404,0.006719,-1.0,0.01527,-6.465,-6.605,-6.561,-6.698
0.0152,0.01508,7.2,12.9152860641,2.6281509132,12.844,4.489,3.8882,1.562,2.0,0.0,0.541,0.0,0.0,0.0,0.0,0.0,-1.0,-2.23e-19,0.0,0.7092,0.2755,0.002727,0.0007404,0.006719,-1.0,0.01527,-6.453,-6.614,-6.557,-6.731
0.0152,0.01508,7.2,12.9153938293,2.628150976,12.844,4.483,3.8729,1.507,2.0,0.0,0.541,0.0,0.0,0.0,0.0,0.0,-1.0,-2.18e-19,0.0,0.7092,0.2755,0.002727,0.0007404,0.006719,-1.0,0.01527,-6.438,-6.616,-6.538,-6.769
0.0152,0.01508,7.2,12.9154758453,2.6281510238,12.844,4.478,3.8606,1.463,2.0,0.0,0.541,0.0,0.0,0.0,0.0,0.0,-1.0,-2.14e-19,0.0,0.7092,0.2755,0.002727,0.0007404,0.006719,-1.0,0.01527,-6.425,-6.612,-6.516,-6.797
0.0152,0.01508,7.2,12.915553093,2.6281510687,12.844,4.473,3.8486,1.42,2.0,0.0,0.541,0.0,0.0,0.0,0.0,0.0,-1.0,-2.1e-19,0.0,0.7092,0.2755,0.002727,0.0007404,0.006719,-1.0,0.01527,-6.412,-6.603,-6.486,-6.823
0.0152,0.01508,7.2,12.915646553,2.6281511232,12.845,4.466,3.8332,1.366,2.0,0.0,0.541,0.0,0.0,0.0,0.0,0.0,-1.0,-2.04e-19,0.0,0.7092,0.2755,0.002727,0.0007404,0.006719,-1.0,0.01527,-6.394,-6.589,-6.44,-6.855
0.0152,0.01508,7.2,12.9157161713,2.6281511637,12.845,4.46,3.8211,1.323,2.0,0.0,0.541,0.0,0.0,0.0,0.0,0.0,-1.0,-2.01e-19,0.0,0.7092,0.2755,0.002727,0.0007404,0.006719,-1.0,0.01527,-6.379,-6.573,-6.398,-6.877
0.0152,0.01508,7.2,12.9157838821,2.6281512032,12.845,4.453,3.8088,1.28,2.0,0.0,0.541,0.0,0.0,0.0,0.0,0.0,-1.0,-1.97e-19,0.0,0.7092,0.2755,0.002727,0.0007404,0.006719,-1.0,0.01527,-6.364,-6.555,-6.352,-6.898
0.0152,0.01508,7.2,12.915848732,2.6281512409,12.845,4.447,3.7965,1.238,2.0,0.0,0.541,0.0,0.0,0.0,0.0,0.0,-1.0,-1.93e-19,0.0,0.7092,0.2755,0.002727,0.0007404,0.006719,-1.0,0.01527,-6.347,-6.532,-6.299,-6.914
0.0152,0.01508,7.2,12.9159107208,2.628151277,12.845,4.44,3.7842,1.196,2.0,0.0,0.541,0.0,0.0,0.0,0.0,0.0,-1.0,-1.89e-19,0.0,0.7092,0.2755,0.002727,0.0007404,0.006719,-1.0,0.01527,-6.329,-6.506,-6.241,-6.928
0.0152,0.01508,7.2,12.9159698486,2.6281513115,12.845,4.432,3.772,1.155,2.0,0.0,0.541,0.0,0.0,0.0,0.0,0.0,-1.0,-1.85e-19,0.0,0.7092,0.2755,0.002727,0.0007404,0.006719,-1.0,0.01527,-6.31,-6.475,-6.172,-6.94
0.0152,0.01508,7.2,12.9160261154,2.6281513443,12.845,4.424,3.7597,1.114,2.0,0.0,0.541,0.0,0.0,0.0,0.0,0.0,-1.0,-1.8e-19,0.0,0.7092,0.2755,0.002727,0.0007404,0.006719,-1.0,0.01527,-6.29,-6.44,-6.102,-6.944
0.0152,0.01508,7.2,12.9160804749,2.6281513759,12.845,4.415,3.7476,1.074,2.0,0.0,0.541,0.0,0.0,0.0,0.0,0.0,-1.0,-1.76e-19,0.0,0.7092,0.2755,0.002727,0.0007404,0.006719,-1.0,0.01527,-6.268,-6.401,-6.029,-6.939
0.0152,0.01508,7.2,12.9161329269,2.6281514065,12.845,4.405,3.7352,1.034,2.0,0.0,0.541,0.0,0.0,0.0,0.0,0.0,-1.0,-1.72e-19,0.0,0.7092,0.2755,0.002727,0.0007404,0.006719,-1.0,0.01527,-6.243,-6.355,-5.943,-6.932
0.0152,0.01508,7.2,12.9161834717,2.6281514359,12.845,4.395,3.7227,0.995,2.0,0.0,0.541,0.0,0.0,0.0,0.0,0.0,-1.0,-1.68e-19,0.0,0.7092,0.2755,0.002727,0.0007404,0.006719,-1.0,0.01527,-6.217,-6.302,-5.858,-6.91
0.0152,0.01508,7.2,12.9162311554,2.6281514637,12.845,4.384,3.7106,0.957,2.0,0.0,0.541,0.0,0.0,0.0,0.0,0.0,-1.0,-1.64e-19,0.0,0.7092,0.2755,0.002727,0.0007404,0.006719,-1.0,0.01527,-6.189,-6.245,-5.768,-6.882
0.0152,0.01508,7.2,12.9162807465,2.6281514926,12.845,4.371,3.6981,0.92,2.0,0.0,0.541,0.0,0.0,0.0,0.0,0.0,-1.0,-1.59e-19,0.0,0.7092,0.2755,0.002727,0.0007404,0.006719,-1.0,0.01527,-6.157,-6.178,-5.669,-6.843
0.0152,0.01508,7.2,12.9163312912,2.628151522,12.845,4.355,3.685,0.884,2.0,0.0,0.541,0.0,0.0,0.0,0.0,0.0,-1.0,-1.53e-19,0.0,0.7092,0.2755,0.002727,0.0007404,0.006719,-1.0,0.01527,-6.117,-6.098,-5.555,-6.789
0.0152,0.01508,7.2,12.9163856506,2.6281515536,12.845,4.336,3.6715,0.849,2.0,0.0,0.541,0.0,0.0,0.0,0.0,0.0,-1.0,-1.47e-19,0.0,0.7092,0.2755,0.002727,0.0007404,0.006719,-1.0,0.01527,-6.07,-6.01,-5.44,-6.723
0.0152,0.01508,7.2,12.9164514542,2.628151592,12.845,4.312,3.6568,0.814,2.0,0.0,0.541,0.0,0.0,0.0,0.0,0.0,-1.0,-1.39e-19,0.0,0.7092,0.2755,0.002727,0.0007404,0.006719,-1.0,0.01527,-6.009,-5.891,-5.286,-6.632
0.0152,0.01508,7.2,12.9165153503,2.6281516292,12.845,4.284,3.6468,0.802,2.0,0.0,0.541,0.0,0.0,0.0,0.0,0.0,-1.0,-1.28e-19,0.0,0.7092,0.2755,0.002727,0.0007404,0.006719,-1.0,0.01527,-5.939,-5.774,-5.138,-6.538
0.0152,0.01508,7.2,12.9166412354,2.6281517025,12.845,4.242,3.6333,0.79,2.0,0.0,0.541,0.0,0.0,0.0,0.0,0.0,-1.0,-1.12e-19,0.0,0.7092,0.2755,0.002727,0.0007404,0.006719,-1.0,0.01527,-5.835,-5.599,-4.918,-6.396
0.0152,0.01508,7.2,12.9168319702,2.6281518136,12.845,4.203,3.6218,0.782,2.0,0.0,0.541,0.0,0.0,0.0,0.0,0.0,-1.0,-1.09e-19,0.0,0.7092,0.2755,0.002727,0.0007404,0.006719,-1.0,0.01527,-5.738,-5.437,-4.714,-6.262
0.0152,0.01508,7.2,12.9168844223,2.6281518441,12.845,4.197,3.6186,0.776,2.0,0.0,0.541,0.0,0.0,0.0,0.0,0.0,-1.0,-1.08e-19,0.0,0.7092,0.2755,0.002727,0.0007404,0.006719,-1.0,0.01527,-5.723,-5.402,-4.666,-6.235
0.0152,0.01508,7.2,12.9169788361,2.6281518991,12.846,4.228,3.6104,0.712,3.0,0.0,0.54,73.6,45.2,31.07,22.37,18.57,4.0,-1.08e-19,0.0,0.7092,0.2755,0.002724,0.000741,0.006719,-1.0,0.01527,-5.8,-5.428,-4.657,-6.285
0.0152,0.01508,7.2,12.9170503616,2.6281519407,12.845,4.278,3.6029,0.632,3.0,0.0,0.533,89.08,52.23,35.67,25.74,21.38,4.0,-1.1e-19,0.0,0.7091,0.2756,0.002685,0.000767,0.006718,-1.0,0.01527,-5.925,-5.499,-4.69,-6.379
0.0152,0.01508,7.2,12.9171009064,2.6281519702,12.846,4.329,3.5965,0.555,3.0,0.0,0.505,107.09,60.05,40.75,29.46,24.48,4.0,-1.14e-19,0.0,0.7088,0.2759,0.002545,0.0009075,0.006709,-1.0,0.0153,-6.054,-5.58,-4.735,-6.481
0.0152,0.01508,7.2,12.9171390533,2.6281519924,12.846,4.378,3.591,0.485,3.0,0.0,0.465,126.78,68.23,46.04,33.35,27.72,4.0,-1.22e-19,0.0,0.708,0.2766,0.002333,0.001173,0.006681,-1.0,0.01533,-6.176,-5.658,-4.781,-6.579
0.0152,0.01508,7.2,12.9171733856,2.6281520124,12.846,4.425,3.5861,0.418,3.0,0.0,0.432,148.48,76.9,51.62,37.45,31.14,4.0,-1.31e-19,0.0,0.7066,0.278,0.002146,0.00143,0.006627,-1.0,0.01534,-6.292,-5.731,-4.817,-6.671
0.0152,0.01508,7.2,12.917181015,2.6281520168,12.846,4.436,3.585,0.403,3.0,0.0,0.425,154.13,79.11,53.03,38.5,32.01,4.0,-1.34e-19,0.0,0.7062,0.2785,0.002105,0.001493,0.006609,-1.0,0.01534,-6.32,-5.748,-4.825,-6.693
0.0152,0.01508,7.2,12.9172096252,2.6281520335,12.846,4.477,3.5814,0.348,3.0,0.0,0.417,175.84,87.41,58.33,42.41,35.27,4.0,-1.59e-19,0.0,0.6979,0.2868,0.001992,0.001842,0.006368,-1.0,0.01534,-6.422,-5.815,-4.865,-6.776
0.0152,0.01508,7.2,12.9172353745,2.6281520485,12.846,4.507,3.5784,0.305,3.0,0.0,0.413,194.65,94.4,62.78,45.69,38.01,4.0,-1.79e-19,0.0,0.6939,0.2908,0.001937,0.002013,0.006251,-1.0,0.01534,-6.499,-5.861,-4.884,-6.836
0.0152,0.01508,7.2,12.917257309,2.6281520612,12.846,4.529,3.5762,0.274,3.0,0.0,0.411,209.36,99.75,66.18,48.2,40.1,4.0,-1.95e-19,0.0,0.6922,0.2925,0.001911,0.002091,0.006197,-1.0,0.01536,-6.553,-5.891,-4.891,-6.876
0.0152,0.01508,7.2,12.9173116684,2.6281520929,12.846,4.565,3.5725,0.224,3.0,0.0,0.408,236.22,109.3,72.21,52.67,43.83,4.0,-2.3e-19,0.0,0.6899,0.2948,0.001876,0.002199,0.006124,-1.0,0.01537,-6.642,-5.939,-4.901,-6.942
0.0152,0.01508,7.2,12.9173364639,2.6281521073,12.846,4.576,3.5713,0.208,3.0,0.0,0.407,245.62,112.58,74.28,54.2,45.1,4.0,-2.41e-19,0.0,0.6891,0.2955,0.001862,0.002239,0.006098,-1.0,0.01535,-6.671,-5.954,-4.904,-6.964
0.0152,0.01508,7.2,12.917342186,2.6281521107,12.846,4.582,3.5708,0.2,3.0,0.0,0.406,249.94,114.08,75.22,54.9,45.69,4.0,-2.41e-19,0.0,0.6887,0.296,0.001854,0.002261,0.006083,-1.0,0.01535,-6.684,-5.962,-4.907,-6.973
0.0152,0.01508,7.2,12.9173679352,2.6281521257,12.846,4.603,3.5687,0.171,3.0,0.0,0.404,268.22,120.34,79.16,57.82,48.12,4.0,-2.43e-19,0.0,0.6873,0.2973,0.001827,0.002339,0.006033,-1.0,0.01535,-6.737,-5.988,-4.907,-7.012
0.0152,0.01508,7.2,12.9174022675,2.6281521457,12.846,4.628,3.5662,0.136,3.0,0.0,0.402,290.58,128.23,84.11,61.49,51.19,4.0,-2.45e-19,0.0,0.6862,0.2985,0.001805,0.002403,0.005991,-1.0,0.01531,-6.8,-6.018,-4.902,-7.055
0.0152,0.01508,7.2,12.9174337387,2.628152164,12.846,4.649,3.5641,0.107,3.0,0.0,0.4,303.74,135.1,88.41,64.69,53.86,4.0,-2.47e-19,0.0,0.6854,0.2992,0.001792,0.002442,0.005965,-1.0,0.01536,-6.852,-6.041,-4.898,-7.091
0.0152,0.01508,7.2,12.9174823761,2.6281521923,12.846,4.672,3.5618,0.074,3.0,0.0,0.399,319.2,143.25,93.5,68.47,57.01,3.0,-2.51e-19,0.0,0.6848,0.2999,0.001779,0.002478,0.005942,-1.0,0.01534,-6.909,-6.067,-4.891,-7.13
0.0152,0.01508,7.2,12.9175596237,2.6281522373,12.846,4.693,3.5595,0.043,3.0,0.0,0.398,334.63,151.45,98.6,72.27,60.18,3.0,-2.56e-19,0.0,0.6842,0.3004,0.001769,0.002509,0.005921,-1.0,0.01534,-6.963,-6.09,-4.88,-7.166
