Zini,MH,logAge,Mini,int_IMF,Mass,LogL,LogTe,logg,label,McoreTP,C_O,period0,period1,period2,period3,period4,pmode,Mloss,tau1m,X,Y,Xc,Xn,Xo,Cexcess,Z,mbolmag,Gmag,G_BPmag,G_RPmag
0.0152,0.01508,9.70001,0.0900000036,1.0816895926,0.09,-3.424,3.3623,5.217,1.0,0.0,0.545,0.0,0.0,0.0,0.0,0.0,-1.0,-3.89e-17,0.0,0.7086,0.2761,0.002746,0.0007408,0.006719,-1.0,0.01527,13.33,15.384,18.311,13.892
0.0152,0.01508,9.70001,0.0900000036,1.0816895926,0.09,-3.424,3.3623,5.217,1.0,0.0,0.545,0.0,0.0,0.0,0.0,0.0,-1.0,-3.89e-17,0.0,0.7086,0.2761,0.002746,0.0007408,0.006719,-1.0,0.01527,13.33,15.384,18.311,13.892
0.0152,0.01508,9.70001,0.1000000015,1.1711064122,0.1,-3.241,3.3881,5.184,1.0,0.0,0.545,0.0,0.0,0.0,0.0,0.0,-1.0,-5.84e-17,0.0,0.7084,0.2763,0.002746,0.0007408,0.006719,-1.0,0.01527,12.874,14.926,17.84,13.436
0.0152,0.01508,9.70001,0.1151489839,1.2864773798,0.115,-3.037,3.415,5.148,1.0,0.0,0.545,0.0,0.0,0.0,0.0,0.0,-1.0,-9.08e-17,0.0,0.7081,0.2766,0.002746,0.0007408,0.006719,-1.0,0.01527,12.362,14.413,17.312,12.924
0.0152,0.01508,9.70001,0.1200000122,1.3193155232,0.12,-2.977,3.4229,5.138,1.0,0.0,0.545,0.0,0.0,0.0,0.0,0.0,-1.0,-1.03e-16,0.0,0.708,0.2767,0.002746,0.0007408,0.006719,-1.0,0.01527,12.212,14.184,16.97,12.714
0.0152,0.01508,9.70001,0.1400000006,1.4384526719,0.14,-2.793,3.4432,5.102,1.0,0.0,0.545,0.0,0.0,0.0,0.0,0.0,-1.0,-1.52e-16,0.0,0.7076,0.2771,0.002746,0.0007408,0.006719,-1.0,0.01527,11.753,13.449,15.862,12.044
0.0152,0.01508,9.70001,0.154823944,1.5133176468,0.155,-2.687,3.4534,5.08,1.0,0.0,0.545,0.0,0.0,0.0,0.0,0.0,-1.0,-1.89e-16,0.0,0.7074,0.2774,0.002746,0.0007408,0.006719,-1.0,0.01527,11.487,13.052,15.289,11.681
0.0152,0.01508,9.70001,0.1599999964,1.5372931554,0.16,-2.652,3.4567,5.073,1.0,0.0,0.545,0.0,0.0,0.0,0.0,0.0,-1.0,-2.04e-16,0.0,0.7073,0.2774,0.002746,0.0007408,0.006719,-1.0,0.01527,11.401,12.923,15.101,11.564
0.0152,0.01508,9.70001,0.200000003,1.6938790862,0.2,-2.436,3.4755,5.029,1.0,0.0,0.545,0.0,0.0,0.0,0.0,0.0,-1.0,-3.16e-16,0.0,0.7066,0.2781,0.002746,0.0007408,0.006719,-1.0,0.01527,10.859,12.163,14.049,10.868
0.0152,0.01508,9.70001,0.25,1.8403257998,0.25,-2.229,3.4919,4.985,1.0,0.0,0.545,0.0,0.0,0.0,0.0,0.0,-1.0,-4.77e-16,0.0,0.706,0.2787,0.002746,0.0007408,0.006719,-1.0,0.01527,10.342,11.47,13.125,10.234
0.0152,0.01508,9.70001,0.3000000119,1.9529139769,0.3,-2.067,3.5027,4.945,1.0,0.0,0.545,0.0,0.0,0.0,0.0,0.0,-1.0,-4.87e-16,0.0,0.7058,0.279,0.002746,0.0007408,0.006719,-1.0,0.01527,9.938,10.97,12.506,9.768
0.0152,0.01508,9.70001,0.3054108918,1.963624695,0.305,-2.05,3.5037,4.939,1.0,0.0,0.545,0.0,0.0,0.0,0.0,0.0,-1.0,-5.23e-16,0.0,0.7062,0.2785,0.002746,0.0007408,0.006719,-1.0,0.01527,9.894,10.917,12.444,9.719
0.0152,0.01508,9.70001,0.3500000238,2.0434175133,0.35,-1.912,3.5113,4.891,1.0,0.0,0.545,0.0,0.0,0.0,0.0,0.0,-1.0,-9.31e-16,0.0,0.709,0.2757,0.002746,0.0007408,0.006719,-1.0,0.01527,9.551,10.512,11.963,9.337
0.0152,0.01508,9.70001,0.370464623,2.0757381694,0.37,-1.851,3.516,4.874,1.0,0.0,0.545,0.0,0.0,0.0,0.0,0.0,-1.0,-1.06e-15,0.0,0.7091,0.2757,0.002746,0.0007408,0.006719,-1.0,0.01527,9.398,10.323,11.731,9.162
0.0152,0.01508,9.70001,0.4000000358,2.118502481,0.4,-1.769,3.5224,4.85,1.0,0.0,0.545,0.0,0.0,0.0,0.0,0.0,-1.0,-1.27e-15,0.0,0.7091,0.2756,0.002746,0.0007408,0.006719,-1.0,0.01527,9.192,10.069,11.422,8.928
0.0152,0.01508,9.70001,0.4500000477,2.1822809714,0.45,-1.62,3.5345,4.801,1.0,0.0,0.545,0.0,0.0,0.0,0.0,0.0,-1.0,-1.79e-15,0.0,0.7092,0.2755,0.002746,0.0007408,0.006719,-1.0,0.01527,8.819,9.614,10.874,8.507
0.0152,0.01508,9.70001,0.5,2.2374541529,0.5,-1.464,3.5494,4.751,1.0,0.0,0.545,0.0,0.0,0.0,0.0,0.0,-1.0,-2.57e-15,0.0,0.7092,0.2755,0.002746,0.0007408,0.006719,-1.0,0.01527,8.43,9.132,10.292,8.066
0.0152,0.01508,9.70001,0.5241655707,2.261050801,0.524,-1.381,3.5589,4.726,1.0,0.0,0.545,0.0,0.0,0.0,0.0,0.0,-1.0,-3.13e-15,0.0,0.7147,0.2703,0.002697,0.0007277,0.0066,-1.0,0.01501,8.223,8.866,9.966,7.827
0.0152,0.01508,9.70001,0.5500000119,2.2836582633,0.55,-1.296,3.5686,4.701,1.0,0.0,0.545,0.0,0.0,0.0,0.0,0.0,-1.0,-3.82e-15,0.0,0.7209,0.2644,0.002642,0.0007129,0.006466,-1.0,0.0147,8.01,8.593,9.633,7.584
0.0152,0.01508,9.70001,0.6000000238,2.3211213258,0.6,-1.129,3.5924,4.667,1.0,0.0,0.545,0.0,0.0,0.0,0.0,0.0,-1.0,-5.59e-15,0.0,0.7226,0.2627,0.002627,0.000709,0.006431,-1.0,0.01467,7.593,8.042,8.954,7.1
0.0152,0.01508,9.70001,0.6499999762,2.3520353107,0.65,-0.96,3.621,4.647,1.0,0.0,0.545,0.0,0.0,0.0,0.0,0.0,-1.0,-8.1e-15,0.0,0.7243,0.2611,0.002614,0.0007053,0.006398,-1.0,0.01458,7.171,7.481,8.266,6.615
0.0152,0.01508,9.70001,0.7000000477,2.3779267258,0.7,-0.798,3.6505,4.635,1.0,0.0,0.544,0.0,0.0,0.0,0.0,0.0,-1.0,-1.15e-14,0.0,0.7259,0.2597,0.002601,0.000702,0.006369,-1.0,0.01446,6.764,6.93,7.584,6.151
0.0152,0.01508,9.70001,0.728186667,2.3907338097,0.728,-0.708,3.667,4.629,1.0,0.0,0.54,0.0,0.0,0.0,0.0,0.0,-1.0,-1.4e-14,0.0,0.7268,0.2588,0.002573,0.0006993,0.00635,-1.0,0.01442,6.541,6.634,7.222,5.902
0.0152,0.01508,9.70001,0.75,2.3998889087,0.75,-0.641,3.6794,4.624,1.0,0.0,0.537,0.0,0.0,0.0,0.0,0.0,-1.0,-1.61e-14,0.0,0.7275,0.2581,0.002552,0.0006974,0.006337,-1.0,0.01442,6.373,6.417,6.963,5.719
0.0152,0.01508,9.70001,0.7911702394,2.4155967998,0.791,-0.522,3.6974,4.6,1.0,0.0,0.537,0.0,0.0,0.0,0.0,0.0,-1.0,-2.13e-14,0.0,0.7295,0.2562,0.002536,0.000693,0.006298,-1.0,0.01433,6.075,6.063,6.554,5.411
0.0152,0.01508,9.70001,0.8000000119,2.4187244405,0.8,-0.497,3.7012,4.595,1.0,0.0,0.537,0.0,0.0,0.0,0.0,0.0,-1.0,-2.25e-14,0.0,0.7299,0.2558,0.002533,0.0006921,0.00629,-1.0,0.01432,6.012,5.99,6.47,5.348
0.0152,0.01508,9.70001,0.8054250479,2.4206070078,0.805,-0.482,3.7034,4.591,1.0,0.0,0.537,0.0,0.0,0.0,0.0,0.0,-1.0,-2.33e-14,0.0,0.7302,0.2555,0.002531,0.0006914,0.006284,-1.0,0.0143,5.974,5.946,6.42,5.309
0.0152,0.01508,9.70001,0.8432307839,2.4329564223,0.843,-0.375,3.7188,4.566,1.0,0.0,0.537,0.0,0.0,0.0,0.0,0.0,-1.0,-3e-14,0.0,0.7324,0.2534,0.002513,0.0006868,0.006242,-1.0,0.01421,5.708,5.645,6.079,5.044
0.0152,0.01508,9.70001,0.8500000238,2.435034684,0.849,-0.357,3.7215,4.562,1.0,0.0,0.537,0.0,0.0,0.0,0.0,0.0,-1.0,-3.13e-14,0.0,0.7327,0.2531,0.00251,0.000686,0.006234,-1.0,0.0142,5.662,5.593,6.021,4.997
0.0152,0.01508,9.70001,0.8592671752,2.4378188698,0.859,-0.331,3.7249,4.555,1.0,0.0,0.537,0.0,0.0,0.0,0.0,0.0,-1.0,-3.33e-14,0.0,0.7334,0.2525,0.002505,0.0006845,0.006221,-1.0,0.01417,5.597,5.522,5.942,4.934
0.0152,0.01508,9.70001,0.8922670484,2.4471954223,0.891,-0.24,3.7369,4.528,1.0,0.0,0.537,0.0,0.0,0.0,0.0,0.0,-1.0,-4.15e-14,0.0,0.7357,0.2502,0.002485,0.0006793,0.006175,-1.0,0.01402,5.371,5.275,5.667,4.714
0.0152,0.01508,9.70001,0.9000000358,2.4492786175,0.899,-0.219,3.7396,4.522,1.0,0.0,0.537,0.0,0.0,0.0,0.0,0.0,-1.0,-4.37e-14,0.0,0.7363,0.2497,0.002481,0.0006781,0.006164,-1.0,0.014,5.318,5.218,5.604,4.663
0.0152,0.01508,9.70001,0.9016757011,2.4497246128,0.901,-0.215,3.7402,4.52,1.0,0.0,0.537,0.0,0.0,0.0,0.0,0.0,-1.0,-4.42e-14,0.0,0.7364,0.2496,0.00248,0.0006778,0.006161,-1.0,0.014,5.306,5.206,5.59,4.652
0.0152,0.01508,9.70001,0.9204216003,2.4545869888,0.92,-0.163,3.7463,4.502,1.0,0.0,0.536,0.0,0.0,0.0,0.0,0.0,-1.0,-5.03e-14,0.0,0.7381,0.248,0.002466,0.0006741,0.006128,-1.0,0.01392,5.178,5.071,5.44,4.532
0.0152,0.01508,9.70001,0.9379968047,2.4589432929,0.937,-0.115,3.7519,4.485,1.0,0.0,0.536,0.0,0.0,0.0,0.0,0.0,-1.0,-5.68e-14,0.0,0.7397,0.2464,0.002452,0.0006704,0.006096,-1.0,0.01386,5.058,4.946,5.302,4.42
0.0152,0.01508,9.70001,0.9500000477,2.4618122009,0.949,-0.083,3.7555,4.472,1.0,0.0,0.536,0.0,0.0,0.0,0.0,0.0,-1.0,-6.18e-14,0.0,0.7409,0.2453,0.002443,0.000668,0.006073,-1.0,0.01381,4.977,4.861,5.209,4.344
0.0152,0.01508,9.70001,0.9544714093,2.4628597159,0.954,-0.07,3.7568,4.467,1.0,0.0,0.536,0.0,0.0,0.0,0.0,0.0,-1.0,-6.38e-14,0.0,0.7414,0.2448,0.002438,0.0006668,0.006063,-1.0,0.01378,4.946,4.829,5.175,4.315
0.0152,0.01508,9.70001,0.9698418379,2.4663760123,0.969,-0.028,3.7611,4.449,1.0,0.0,0.536,0.0,0.0,0.0,0.0,0.0,-1.0,-7.12e-14,0.0,0.7433,0.243,0.002423,0.0006626,0.006025,-1.0,0.01373,4.841,4.721,5.057,4.216
0.0152,0.01508,9.70001,0.9843882918,2.4695877655,0.984,0.011,3.765,4.432,1.0,0.0,0.536,0.0,0.0,0.0,0.0,0.0,-1.0,-7.9e-14,0.0,0.7452,0.2412,0.002408,0.0006584,0.005988,-1.0,0.01365,4.742,4.619,4.946,4.124
0.0152,0.01508,9.70001,0.9987614155,2.472655806,0.999,0.051,3.7687,4.413,1.0,0.0,0.536,0.0,0.0,0.0,0.0,0.0,-1.0,-8.77e-14,0.0,0.7471,0.2393,0.002392,0.0006541,0.005949,-1.0,0.01357,4.643,4.519,4.838,4.033
0.0152,0.01508,9.70001,1.0,2.4729154477,1.0,0.054,3.769,4.412,1.0,0.0,0.536,0.0,0.0,0.0,0.0,0.0,-1.0,-8.85e-14,0.0,0.7473,0.2392,0.00239,0.0006537,0.005946,-1.0,0.01356,4.635,4.51,4.829,4.025
0.0152,0.01508,9.70001,1.0137865543,2.4757563042,1.013,0.092,3.7722,4.392,1.0,0.0,0.536,0.0,0.0,0.0,0.0,0.0,-1.0,-9.6e-14,0.0,0.7497,0.2368,0.00237,0.0006483,0.005897,-1.0,0.01344,4.54,4.414,4.725,3.937
0.0152,0.01508,9.70001,1.0276619196,2.4785271359,1.027,0.13,3.7753,4.372,1.0,0.0,0.536,0.0,0.0,0.0,0.0,0.0,-1.0,-1.04e-13,0.0,0.7524,0.2343,0.002348,0.0006425,0.005846,-1.0,0.01331,4.444,4.317,4.621,3.848
0.0152,0.01508,9.70001,1.0412430763,2.4811571368,1.04,0.168,3.7781,4.352,1.0,0.0,0.536,0.0,0.0,0.0,0.0,0.0,-1.0,-1.13e-13,0.0,0.755,0.2318,0.002327,0.0006367,0.005793,-1.0,0.01316,4.351,4.223,4.52,3.76
0.0152,0.01508,9.70001,1.0499999523,2.482811486,1.049,0.192,3.7798,4.338,1.0,0.0,0.535,0.0,0.0,0.0,0.0,0.0,-1.0,-1.2e-13,0.0,0.7568,0.2301,0.002312,0.0006328,0.005758,-1.0,0.01311,4.29,4.162,4.455,3.703
0.0152,0.01508,9.70001,1.0545833111,2.4836647887,1.054,0.204,3.7806,4.331,1.0,0.0,0.535,0.0,0.0,0.0,0.0,0.0,-1.0,-1.23e-13,0.0,0.758,0.2289,0.002302,0.00063,0.005734,-1.0,0.01307,4.259,4.13,4.422,3.674
0.0152,0.01508,9.70001,1.0674587488,2.4860168399,1.066,0.239,3.7827,4.309,1.0,0.0,0.535,0.0,0.0,0.0,0.0,0.0,-1.0,-1.33e-13,0.0,0.7615,0.2255,0.002273,0.0006223,0.005664,-1.0,0.01294,4.172,4.043,4.33,3.592
0.0152,0.01508,9.70001,1.0798885822,2.4882264068,1.079,0.272,3.7842,4.288,1.0,0.0,0.535,0.0,0.0,0.0,0.0,0.0,-1.0,-1.43e-13,0.0,0.765,0.2222,0.002246,0.0006148,0.005597,-1.0,0.01277,4.091,3.961,4.245,3.514
0.0152,0.01508,9.70001,1.0913943052,2.4902202009,1.09,0.301,3.7854,4.268,1.0,0.0,0.535,0.0,0.0,0.0,0.0,0.0,-1.0,-1.53e-13,0.0,0.7681,0.2192,0.002221,0.0006081,0.005537,-1.0,0.01262,4.017,3.887,4.169,3.443
0.0152,0.01508,9.70001,1.1000000238,2.491680148,1.099,0.325,3.7863,4.251,1.0,0.0,0.535,0.0,0.0,0.0,0.0,0.0,-1.0,-1.62e-13,0.0,0.7703,0.2172,0.002204,0.0006036,0.005496,-1.0,0.01252,3.957,3.827,4.107,3.386
0.0152,0.01508,9.70001,1.1081216335,2.4930340753,1.107,0.348,3.7872,4.235,1.0,0.0,0.534,0.0,0.0,0.0,0.0,0.0,-1.0,-1.71e-13,0.0,0.7709,0.2166,0.002201,0.000603,0.00549,-1.0,0.0125,3.9,3.77,4.048,3.331
0.0152,0.01508,9.70001,1.1237055063,2.4955690967,1.122,0.394,3.7888,4.201,1.0,0.0,0.534,0.0,0.0,0.0,0.0,0.0,-1.0,-1.91e-13,0.0,0.77,0.2175,0.002214,0.000607,0.005524,-1.0,0.01258,3.785,3.654,3.928,3.219
0.0152,0.01508,9.70001,1.125492692,2.4958546617,1.124,0.399,3.789,4.197,1.0,0.0,0.534,0.0,0.0,0.0,0.0,0.0,-1.0,-1.94e-13,0.0,0.7698,0.2176,0.002216,0.0006076,0.005529,-1.0,0.01258,3.771,3.641,3.914,3.206
0.0152,0.01508,9.70001,1.1367022991,2.4976222598,1.135,0.434,3.7898,4.17,1.0,0.0,0.534,0.0,0.0,0.0,0.0,0.0,-1.0,-2.11e-13,0.0,0.7689,0.2185,0.002226,0.000611,0.005558,-1.0,0.01266,3.685,3.555,3.826,3.122
0.0152,0.01508,9.70001,1.1496845484,2.4996199219,1.148,0.475,3.7902,4.136,1.0,0.0,0.534,0.0,0.0,0.0,0.0,0.0,-1.0,-2.34e-13,0.0,0.768,0.2192,0.002237,0.0006142,0.005585,-1.0,0.01273,3.583,3.452,3.723,3.021
0.0152,0.01508,9.70001,1.1499999762,2.4996678137,1.149,0.476,3.7902,4.135,1.0,0.0,0.534,0.0,0.0,0.0,0.0,0.0,-1.0,-2.35e-13,0.0,0.768,0.2193,0.002237,0.0006143,0.005586,-1.0,0.01273,3.58,3.45,3.72,3.018
0.0152,0.01508,9.70001,1.1572982073,2.5007675366,1.156,0.5,3.7897,4.112,1.0,0.0,0.534,0.0,0.0,0.0,0.0,0.0,-1.0,-2.51e-13,0.0,0.7672,0.22,0.002247,0.0006167,0.005613,-1.0,0.01277,3.52,3.389,3.66,2.956
0.0152,0.01508,9.70001,1.162276268,2.5015085436,1.161,0.521,3.7893,4.091,1.0,0.0,0.534,0.0,0.0,0.0,0.0,0.0,-1.0,-2.66e-13,0.0,0.7663,0.2208,0.002258,0.0006192,0.005639,-1.0,0.01286,3.468,3.337,3.609,2.904
0.0152,0.01508,9.70001,1.1639779806,2.5017601802,1.163,0.53,3.7893,4.083,1.0,0.0,0.534,0.0,0.0,0.0,0.0,0.0,-1.0,-2.74e-13,0.0,0.766,0.2211,0.002261,0.0006202,0.005649,-1.0,0.01287,3.445,3.314,3.586,2.881
0.0152,0.01508,9.70001,1.1678010225,2.5023224286,1.166,0.544,3.7886,4.067,2.0,0.0,0.534,0.0,0.0,0.0,0.0,0.0,-1.0,-2.86e-13,0.0,0.7652,0.2219,0.002271,0.0006226,0.005673,-1.0,0.01291,3.41,3.279,3.552,2.844
0.0152,0.01508,9.70001,1.1718354225,2.5029111883,1.17,0.556,3.7877,4.053,2.0,0.0,0.534,0.0,0.0,0.0,0.0,0.0,-1.0,-2.96e-13,0.0,0.7639,0.2232,0.002283,0.0006258,0.005705,-1.0,0.01298,3.379,3.248,3.523,2.811
0.0152,0.01508,9.70001,1.1765309572,2.5035905866,1.175,0.571,3.7867,4.036,2.0,0.0,0.534,0.0,0.0,0.0,0.0,0.0,-1.0,-3.08e-13,0.0,0.7623,0.2246,0.002297,0.0006293,0.00574,-1.0,0.01307,3.343,3.212,3.489,2.773
0.0152,0.01508,9.70001,1.1825677156,2.5044549375,1.181,0.59,3.785,4.012,2.0,0.0,0.534,0.0,0.0,0.0,0.0,0.0,-1.0,-3.26e-13,0.0,0.7608,0.226,0.002311,0.0006327,0.005774,-1.0,0.01314,3.295,3.164,3.444,2.721
0.0152,0.01508,9.70001,1.1886876822,2.5053209043,1.187,0.61,3.7829,3.986,2.0,0.0,0.534,0.0,0.0,0.0,0.0,0.0,-1.0,-3.47e-13,0.0,0.7604,0.2264,0.002316,0.0006336,0.005786,-1.0,0.01316,3.244,3.113,3.398,2.666
0.0152,0.01508,9.70001,1.1953542233,2.5062526162,1.194,0.633,3.7798,3.953,2.0,0.0,0.533,0.0,0.0,0.0,0.0,0.0,-1.0,-3.74e-13,0.0,0.7609,0.2259,0.002314,0.0006327,0.005784,-1.0,0.01314,3.187,3.057,3.347,2.602
0.0152,0.01508,9.70001,1.2000000477,2.5068948796,1.199,0.647,3.7759,3.925,2.0,0.0,0.534,0.0,0.0,0.0,0.0,0.0,-1.0,-3.95e-13,0.0,0.7548,0.2318,0.002357,0.0006441,0.005888,-1.0,0.0134,3.153,3.024,3.323,2.56
0.0152,0.01508,9.70001,1.2040195465,2.5074459597,1.203,0.656,3.7719,3.902,2.0,0.0,0.534,0.0,0.0,0.0,0.0,0.0,-1.0,-4.1e-13,0.0,0.7492,0.2372,0.002398,0.0006549,0.005986,-1.0,0.01364,3.13,3.004,3.311,2.53
0.0152,0.01508,9.70001,1.2112047672,2.5084205936,1.21,0.652,3.7574,3.851,2.0,0.0,0.535,0.0,0.0,0.0,0.0,0.0,-1.0,-4.25e-13,0.0,0.735,0.2508,0.002508,0.0006839,0.00625,-1.0,0.01422,3.141,3.025,3.363,2.517
0.0152,0.01508,9.70001,1.214802146,2.5089035795,1.213,0.632,3.745,3.822,2.0,0.0,0.535,0.0,0.0,0.0,0.0,0.0,-1.0,-4.16e-13,0.0,0.7274,0.258,0.002567,0.0006995,0.006391,-1.0,0.01454,3.191,3.088,3.453,2.553
0.0152,0.01508,9.70001,1.2169650793,2.5091923958,1.216,0.613,3.7356,3.804,2.0,0.0,0.536,0.0,0.0,0.0,0.0,0.0,-1.0,-4.05e-13,0.0,0.7233,0.262,0.002599,0.0007078,0.006467,-1.0,0.0147,3.237,3.148,3.533,2.592
0.0152,0.01508,9.70001,1.2187645435,2.5094317799,1.217,0.599,3.7271,3.785,2.0,0.0,0.536,0.0,0.0,0.0,0.0,0.0,-1.0,-3.99e-13,0.0,0.7205,0.2647,0.002619,0.0007134,0.006517,-1.0,0.01479,3.272,3.197,3.601,2.623
0.0152,0.01508,9.70001,1.2204242945,2.5096518583,1.219,0.592,3.7196,3.763,2.0,0.0,0.536,0.0,0.0,0.0,0.0,0.0,-1.0,-4.01e-13,0.0,0.7184,0.2668,0.002635,0.0007173,0.006553,-1.0,0.01484,3.29,3.229,3.65,2.64
0.0152,0.01508,9.70001,1.2223563194,2.509907174,1.221,0.597,3.7121,3.728,2.0,0.0,0.536,0.0,0.0,0.0,0.0,0.0,-1.0,-4.18e-13,0.0,0.7163,0.2688,0.002648,0.0007207,0.006585,-1.0,0.01494,3.278,3.233,3.671,2.628
0.0152,0.01508,9.70001,1.2245191336,2.5101918895,1.223,0.621,3.7061,3.681,2.0,0.0,0.536,0.0,0.0,0.0,0.0,0.0,-1.0,-4.62e-13,0.0,0.7141,0.2709,0.002658,0.0007237,0.006611,-1.0,0.01499,3.218,3.187,3.638,2.569
0.0152,0.01508,9.70001,1.2253264189,2.5102978653,1.224,0.633,3.7043,3.662,2.0,0.0,0.536,0.0,0.0,0.0,0.0,0.0,-1.0,-4.84e-13,0.0,0.7132,0.2718,0.002661,0.0007247,0.00662,-1.0,0.01502,3.188,3.162,3.618,2.539
0.0152,0.01508,9.70001,1.2266281843,2.5104684158,1.225,0.658,3.7022,3.629,3.0,0.0,0.534,0.0,0.0,0.0,0.0,0.0,-1.0,-5.31e-13,0.0,0.7117,0.2733,0.002657,0.0007281,0.006631,-1.0,0.01506,3.126,3.105,3.565,2.478
0.0152,0.01508,9.70001,1.2285203934,2.5107155821,1.227,0.697,3.6997,3.581,3.0,0.0,0.527,0.0,0.0,0.0,0.0,0.0,-1.0,-6.11e-13,0.0,0.7092,0.2757,0.002625,0.0007535,0.006645,-1.0,0.01509,3.027,3.013,3.479,2.381
0.0152,0.01508,9.70001,1.2304620743,2.510968302,1.229,0.742,3.6976,3.528,3.0,0.0,0.507,0.0,0.0,0.0,0.0,0.0,-1.0,-7.16e-13,0.0,0.7062,0.2787,0.002534,0.0008413,0.006657,-1.0,0.01513,2.914,2.906,3.377,2.269
0.0152,0.01508,9.70001,1.2320603132,2.511175634,1.231,0.783,3.6961,3.482,3.0,0.0,0.482,0.0,0.0,0.0,0.0,0.0,-1.0,-8.24e-13,0.0,0.7034,0.2814,0.002413,0.0009828,0.006666,-1.0,0.01519,2.814,2.81,3.284,2.17
0.0152,0.01508,9.70001,1.2338365316,2.5114053298,1.232,0.831,3.6945,3.428,3.0,0.0,0.458,0.0,0.0,0.0,0.0,0.0,-1.0,-9.77e-13,0.0,0.7003,0.2845,0.002294,0.001133,0.006674,-1.0,0.01521,2.692,2.692,3.171,2.049
0.0152,0.01508,9.70001,1.2351899147,2.5115798358,1.234,0.871,3.6933,3.383,3.0,0.0,0.445,0.0,0.0,0.0,0.0,0.0,-1.0,-1.13e-12,0.0,0.6981,0.2866,0.002229,0.001215,0.006678,-1.0,0.01525,2.592,2.595,3.077,1.949
0.0152,0.01508,9.70001,1.2367478609,2.5117801746,1.235,0.921,3.6917,3.327,3.0,0.0,0.433,0.0,0.0,0.0,0.0,0.0,-1.0,-1.34e-12,0.0,0.6958,0.2889,0.002172,0.001287,0.006683,-1.0,0.01525,2.467,2.475,2.961,1.825
0.0152,0.01508,9.70001,1.2378851175,2.5119260502,1.236,0.961,3.6904,3.283,3.0,0.0,0.427,0.0,0.0,0.0,0.0,0.0,-1.0,-1.54e-12,0.0,0.6944,0.2903,0.002141,0.001327,0.006686,-1.0,0.01526,2.368,2.379,2.869,1.727
0.0152,0.01508,9.70001,1.2392350435,2.5120988051,1.238,1.012,3.6887,3.225,3.0,0.0,0.421,0.0,0.0,0.0,0.0,0.0,-1.0,-1.85e-12,0.0,0.6931,0.2917,0.002113,0.001362,0.006688,-1.0,0.01527,2.24,2.257,2.751,1.601
0.0152,0.01508,9.70001,1.2403688431,2.5122435675,1.239,1.059,3.687,3.172,3.0,0.0,0.418,0.0,0.0,0.0,0.0,0.0,-1.0,-2.18e-12,0.0,0.6922,0.2926,0.002096,0.001383,0.006689,-1.0,0.01527,2.122,2.145,2.643,1.484
0.0152,0.01508,9.70001,1.2414475679,2.5123810158,1.24,1.108,3.6851,3.115,3.0,0.0,0.415,0.0,0.0,0.0,0.0,0.0,-1.0,-2.6e-12,0.0,0.6915,0.2932,0.002083,0.001399,0.006691,-1.0,0.01527,2.0,2.028,2.532,1.363
0.0152,0.01508,9.70001,1.2424161434,2.5125041953,1.241,1.157,3.6831,3.059,3.0,0.0,0.414,0.0,0.0,0.0,0.0,0.0,-1.0,-3.1e-12,0.0,0.6911,0.2936,0.002076,0.001408,0.006692,-1.0,0.01527,1.878,1.913,2.422,1.243
0.0152,0.01508,9.70001,1.2433089018,2.5126175373,1.242,1.206,3.681,3.002,3.0,0.0,0.413,0.0,0.0,0.0,0.0,0.0,-1.0,-3.7e-12,0.0,0.6909,0.2939,0.002072,0.001413,0.006692,-1.0,0.01527,1.754,1.795,2.31,1.121
0.0152,0.01508,9.70001,1.2440724373,2.512714325,1.242,1.253,3.6789,2.947,3.0,0.0,0.412,0.0,0.0,0.0,0.0,0.0,-1.0,-4.38e-12,0.0,0.6908,0.294,0.00207,0.001416,0.006692,-1.0,0.01527,1.638,1.686,2.206,1.007
0.0152,0.01508,9.70001,1.244773984,2.5128031346,1.243,1.3,3.6767,2.892,3.0,0.0,0.412,0.0,0.0,0.0,0.0,0.0,-1.0,-5.19e-12,0.0,0.6907,0.294,0.002069,0.001417,0.006693,-1.0,0.01527,1.521,1.576,2.103,0.892
0.0152,0.01508,9.70001,1.2454038858,2.5128827765,1.244,1.346,3.6745,2.837,3.0,0.0,0.412,0.0,0.0,0.0,0.0,0.0,-1.0,-6.14e-12,0.0,0.6907,0.294,0.002068,0.001418,0.006693,-1.0,0.01527,1.406,1.469,2.001,0.78
0.0152,0.01508,9.70001,1.2459827662,2.5129558859,1.244,1.391,3.6722,2.782,3.0,0.0,0.412,0.0,0.0,0.0,0.0,0.0,-1.0,-7.25e-12,0.0,0.6908,0.294,0.002068,0.001418,0.006693,-1.0,0.01527,1.291,1.362,1.901,0.669
0.0152,0.01508,9.70001,1.2464976311,2.5130208448,1.245,1.435,3.67,2.73,3.0,0.0,0.412,0.0,0.0,0.0,0.0,0.0,-1.0,-8.52e-12,0.0,0.6908,0.294,0.002068,0.001418,0.006693,-1.0,0.01527,1.181,1.26,1.805,0.562
0.0152,0.01508,9.70001,1.2469727993,2.5130807406,1.245,1.479,3.6677,2.677,3.0,0.0,0.412,0.0,0.0,0.0,0.0,0.0,-1.0,-9.99e-12,0.0,0.6908,0.294,0.002067,0.001419,0.006693,-1.0,0.01527,1.073,1.161,1.712,0.457
0.0152,0.01508,9.70001,1.2474194765,2.5131369973,1.245,1.522,3.6654,2.625,3.0,0.0,0.412,0.0,0.0,0.0,0.0,0.0,-1.0,-1.17e-11,0.0,0.6908,0.294,0.002067,0.001419,0.006693,-1.0,0.01527,0.966,1.063,1.62,0.353
0.0152,0.01508,9.70001,1.24784863,2.5131910032,1.246,1.562,3.6632,2.576,3.0,0.0,0.412,0.0,0.0,0.0,0.0,0.0,-1.0,-1.36e-11,0.0,0.6908,0.2939,0.002067,0.001419,0.006693,-1.0,0.01527,0.865,0.97,1.534,0.256
0.0152,0.01508,9.70001,1.2483900785,2.5132590798,1.246,1.6,3.6611,2.53,3.0,0.0,0.412,0.0,0.0,0.0,0.0,0.0,-1.0,-1.56e-11,0.0,0.6908,0.2939,0.002067,0.00142,0.006694,-1.0,0.01527,0.77,0.883,1.452,0.164
0.0152,0.01508,9.70001,1.2485023737,2.5132731903,1.246,1.605,3.6609,2.524,3.0,0.0,0.412,0.0,0.0,0.0,0.0,0.0,-1.0,-1.6e-11,0.0,0.6908,0.2939,0.002067,0.00142,0.006694,-1.0,0.01527,0.757,0.871,1.441,0.151
0.0152,0.01508,9.70001,1.2487411499,2.5133031839,1.247,1.59,3.662,2.544,3.0,0.0,0.412,0.0,0.0,0.0,0.0,0.0,-1.0,-1.52e-11,0.0,0.6908,0.2939,0.002066,0.00142,0.006694,-1.0,0.01527,0.796,0.906,1.473,0.188
0.0152,0.01508,9.70001,1.2490411997,2.5133408558,1.247,1.552,3.6645,2.592,3.0,0.0,0.411,0.0,0.0,0.0,0.0,0.0,-1.0,-1.32e-11,0.0,0.6908,0.2939,0.002066,0.00142,0.006694,-1.0,0.01527,0.891,0.991,1.551,0.279
0.0152,0.01508,9.70001,1.2491357327,2.5133527202,1.247,1.539,3.6653,2.608,3.0,0.0,0.411,0.0,0.0,0.0,0.0,0.0,-1.0,-1.26e-11,0.0,0.6908,0.2939,0.002066,0.00142,0.006694,-1.0,0.01527,0.922,1.019,1.576,0.309
0.0152,0.01508,9.70001,1.2492741346,2.5133700868,1.247,1.557,3.6643,2.586,3.0,0.0,0.411,0.0,0.0,0.0,0.0,0.0,-1.0,-1.33e-11,0.0,0.6908,0.2939,0.002066,0.00142,0.006694,-1.0,0.01527,0.878,0.979,1.54,0.267
0.0152,0.01508,9.70001,1.2496484518,2.5134170337,1.247,1.603,3.6616,2.53,3.0,0.0,0.411,0.0,0.0,0.0,0.0,0.0,-1.0,-1.57e-11,0.0,0.6908,0.2939,0.002066,0.00142,0.006694,-1.0,0.01527,0.763,0.874,1.442,0.156
0.0152,0.01508,9.70001,1.25,2.5134610955,1.248,1.647,3.6591,2.476,3.0,0.0,0.411,0.0,0.0,0.0,0.0,0.0,-1.0,-1.84e-11,0.0,0.6908,0.2939,0.002066,0.001421,0.006694,-1.0,0.01527,0.653,0.774,1.35,0.05
0.0152,0.01508,9.70001,1.2502849102,2.5134967842,1.248,1.682,3.657,2.431,3.0,0.0,0.411,0.0,0.0,0.0,0.0,0.0,-1.0,-2.11e-11,0.0,0.6908,0.2939,0.002065,0.001421,0.006694,-1.0,0.01527,0.564,0.693,1.277,-0.036
0.0152,0.01508,9.70001,1.2506132126,2.5135378852,1.248,1.727,3.6543,2.377,3.0,0.0,0.411,0.0,0.0,0.0,0.0,0.0,-1.0,-2.48e-11,0.0,0.6908,0.2939,0.002065,0.001421,0.006694,-1.0,0.01527,0.453,0.594,1.187,-0.143
0.0152,0.01508,9.70001,1.250923872,2.5135767545,1.248,1.772,3.6515,2.32,3.0,0.0,0.411,0.0,0.0,0.0,0.0,0.0,-1.0,-2.94e-11,0.0,0.6908,0.2939,0.002065,0.001422,0.006694,-1.0,0.01527,0.34,0.492,1.095,-0.252
0.0152,0.01508,9.70001,1.251205802,2.5136120101,1.248,1.817,3.6487,2.264,3.0,0.0,0.411,0.0,0.0,0.0,0.0,0.0,-1.0,-3.47e-11,0.0,0.6908,0.2939,0.002065,0.001422,0.006694,-1.0,0.01527,0.228,0.393,1.006,-0.359
0.0152,0.01508,9.70001,1.2514607906,2.5136438809,1.249,1.86,3.6459,2.21,3.0,0.0,0.411,0.0,0.0,0.0,0.0,0.0,-1.0,-4.09e-11,0.0,0.6908,0.2939,0.002064,0.001422,0.006694,-1.0,0.01527,0.12,0.297,0.92,-0.462
0.0152,0.01508,9.70001,1.2517031431,2.5136741584,1.249,1.905,3.6431,2.154,3.0,0.0,0.411,0.0,0.0,0.0,0.0,0.0,-1.0,-4.82e-11,0.0,0.6909,0.2939,0.002064,0.001422,0.006694,-1.0,0.01527,0.008,0.199,0.833,-0.568
0.0152,0.01508,9.70001,1.2519221306,2.5137015053,1.249,1.948,3.6402,2.099,3.0,0.0,0.411,0.0,0.0,0.0,0.0,0.0,-1.0,-5.68e-11,0.0,0.6909,0.2939,0.002064,0.001422,0.006694,-1.0,0.01527,-0.101,0.103,0.748,-0.672
0.0152,0.01508,9.70001,1.252122879,2.5137265649,1.249,1.992,3.6373,2.044,3.0,0.0,0.411,0.0,0.0,0.0,0.0,0.0,-1.0,-6.69e-11,0.0,0.6909,0.2939,0.002064,0.001423,0.006694,-1.0,0.01527,-0.209,0.009,0.667,-0.773
0.0152,0.01508,9.70001,1.2523064613,2.5137494736,1.249,2.035,3.6344,1.989,3.0,0.0,0.411,0.0,0.0,0.0,0.0,0.0,-1.0,-7.87e-11,0.0,0.6909,0.2939,0.002064,0.001423,0.006694,-1.0,0.01527,-0.317,-0.083,0.586,-0.874
0.0152,0.01508,9.70001,1.2524778843,2.5137708579,1.249,2.078,3.6314,1.934,3.0,0.0,0.411,0.0,0.0,0.0,0.0,0.0,-1.0,-9.27e-11,0.0,0.6909,0.2939,0.002064,0.001423,0.006694,-1.0,0.01527,-0.426,-0.177,0.503,-0.974
0.0152,0.01508,9.70001,1.2526329756,2.5137901992,1.249,2.121,3.6285,1.879,3.0,0.0,0.411,0.0,0.0,0.0,0.0,0.0,-1.0,-1.09e-10,0.0,0.6909,0.2939,0.002064,0.001423,0.006694,-1.0,0.01527,-0.532,-0.267,0.423,-1.072
0.0152,0.01508,9.70001,1.252774477,2.5138078408,1.249,2.163,3.6255,1.825,3.0,0.0,0.411,0.0,0.0,0.0,0.0,0.0,-1.0,-1.28e-10,0.0,0.6909,0.2939,0.002063,0.001423,0.006694,-1.0,0.01527,-0.638,-0.356,0.345,-1.167
0.0152,0.01508,9.70001,1.2529087067,2.5138245716,1.248,2.206,3.6224,1.77,3.0,0.0,0.411,0.0,0.0,0.0,0.0,0.0,-1.0,-1.5e-10,0.0,0.6909,0.2939,0.002063,0.001423,0.006694,-1.0,0.01527,-0.745,-0.446,0.265,-1.264
0.0152,0.01508,9.70001,1.2530292273,2.5138395902,1.248,2.248,3.6194,1.716,3.0,0.0,0.411,0.0,0.0,0.0,0.0,0.0,-1.0,-1.76e-10,0.0,0.6909,0.2939,0.002063,0.001424,0.006694,-1.0,0.01527,-0.85,-0.533,0.187,-1.358
0.0152,0.01508,9.70001,1.2531415224,2.5138535807,1.248,2.29,3.6164,1.662,3.0,0.0,0.411,0.0,0.0,0.0,0.0,0.0,-1.0,-2.06e-10,0.0,0.6909,0.2938,0.002063,0.001424,0.006694,-1.0,0.01527,-0.954,-0.619,0.112,-1.451
0.0152,0.01508,9.70001,1.2532457113,2.5138665588,1.248,2.332,3.6133,1.608,3.0,0.0,0.411,0.0,0.0,0.0,0.0,0.0,-1.0,-2.42e-10,0.0,0.6909,0.2938,0.002063,0.001424,0.006694,-1.0,0.01527,-1.059,-0.705,0.036,-1.544
0.0152,0.01508,9.70001,1.253341198,2.5138784507,1.248,2.373,3.6102,1.554,3.0,0.0,0.411,0.0,0.0,0.0,0.0,0.0,-1.0,-2.84e-10,0.0,0.6909,0.2938,0.002063,0.001424,0.006694,-1.0,0.01527,-1.163,-0.79,-0.039,-1.636
0.0152,0.01508,9.70001,1.2534296513,2.5138894648,1.247,2.414,3.607,1.5,3.0,0.0,0.411,0.0,0.0,0.0,0.0,0.0,-1.0,-3.32e-10,0.0,0.6909,0.2938,0.002063,0.001424,0.006694,-1.0,0.01527,-1.266,-0.871,-0.111,-1.725
0.0152,0.01508,9.70001,1.2535114288,2.513899646,1.247,2.455,3.6039,1.446,3.0,0.0,0.411,0.0,0.0,0.0,0.0,0.0,-1.0,-3.89e-10,0.0,0.6909,0.2938,0.002063,0.001424,0.006694,-1.0,0.01527,-1.368,-0.952,-0.175,-1.816
0.0152,0.01508,9.70001,1.2535858154,2.5139089058,1.247,2.496,3.6007,1.393,3.0,0.0,0.411,0.0,0.0,0.0,0.0,0.0,-1.0,-4.54e-10,0.0,0.6909,0.2938,0.002063,0.001424,0.006694,-1.0,0.01527,-1.469,-1.03,-0.238,-1.904
0.0152,0.01508,9.70001,1.2536565065,2.5139177044,1.246,2.537,3.5975,1.339,3.0,0.0,0.411,10.99,8.01,5.65,4.32,3.51,4.0,-5.32e-10,0.0,0.6909,0.2938,0.002063,0.001424,0.006694,-1.0,0.01527,-1.572,-1.107,-0.296,-1.993
0.0152,0.01508,9.70001,1.2537195683,2.5139255524,1.246,2.576,3.5942,1.286,3.0,0.0,0.411,12.25,8.8,6.18,4.73,3.85,4.0,-6.19e-10,0.0,0.6909,0.2938,0.002063,0.001424,0.006694,-1.0,0.01527,-1.67,-1.18,-0.349,-2.077
0.0152,0.01508,9.70001,1.2537781,2.5139328358,1.246,2.615,3.591,1.234,3.0,0.0,0.411,13.63,9.67,6.76,5.19,4.21,4.0,-7.2e-10,0.0,0.6909,0.2938,0.002063,0.001424,0.006694,-1.0,0.01527,-1.768,-1.251,-0.401,-2.161
0.0152,0.01508,9.70001,1.2538341284,2.513939807,1.245,2.655,3.5876,1.181,3.0,0.0,0.411,15.22,10.66,7.42,5.7,4.63,4.0,-8.41e-10,0.0,0.6909,0.2938,0.002063,0.001424,0.006694,-1.0,0.01527,-1.868,-1.322,-0.449,-2.244
0.0152,0.01508,9.70001,1.2538845539,2.5139460805,1.244,2.694,3.5843,1.129,3.0,0.0,0.411,16.92,11.7,8.11,6.24,5.07,4.0,-9.77e-10,0.0,0.6909,0.2938,0.002063,0.001424,0.006694,-1.0,0.01527,-1.964,-1.387,-0.49,-2.323
0.0152,0.01508,9.70001,1.2539321184,2.5139519975,1.244,2.732,3.581,1.077,3.0,0.0,0.411,18.84,12.86,8.88,6.83,5.56,3.0,-1.14e-09,0.0,0.6909,0.2938,0.002063,0.001424,0.006694,-1.0,0.01527,-2.06,-1.452,-0.531,-2.402
0.0152,0.01508,9.70001,1.2539771795,2.5139576026,1.243,2.771,3.5775,1.024,3.0,0.0,0.411,21.0,14.15,9.72,7.5,6.1,3.0,-1.32e-09,0.0,0.6909,0.2938,0.002062,0.001424,0.006694,-1.0,0.01527,-2.157,-1.512,-0.56,-2.478
0.0152,0.01508,9.70001,1.2540282011,2.5139639486,1.242,2.818,3.5731,0.959,3.0,0.0,0.411,23.99,15.91,10.88,8.4,6.84,3.0,-1.59e-09,0.0,0.6909,0.2938,0.002062,0.001425,0.006694,-1.0,0.01527,-2.275,-1.58,-0.585,-2.568
0.0152,0.01508,9.70001,1.2540744543,2.5139697009,1.241,2.864,3.5688,0.895,3.0,0.0,0.411,27.35,17.85,12.14,9.39,7.65,3.0,-1.91e-09,0.0,0.6909,0.2938,0.002062,0.001425,0.006694,-1.0,0.01527,-2.39,-1.642,-0.599,-2.653
0.0152,0.01508,9.70001,1.2541167736,2.5139749636,1.24,2.909,3.5644,0.832,3.0,0.0,0.411,31.13,20.0,13.54,10.49,8.54,3.0,-2.28e-09,0.0,0.6909,0.2938,0.002062,0.001425,0.006694,-1.0,0.01527,-2.503,-1.695,-0.594,-2.732
