Zini,MH,logAge,Mini,int_IMF,Mass,LogL,LogTe,logg,label,McoreTP,C_O,period0,period1,period2,period3,period4,pmode,Mloss,tau1m,X,Y,Xc,Xn,Xo,Cexcess,Z,mbolmag,Gmag,G_BPmag,G_RPmag
0.0152,0.01508,9.5,0.0900000036,1.0816895926,0.09,-3.424,3.3622,5.217,1.0,0.0,0.545,0.0,0.0,0.0,0.0,0.0,-1.0,-3.89e-17,0.0,0.7088,0.2759,0.002746,0.0007408,0.006719,-1.0,0.01527,13.33,15.384,18.312,13.893
0.0152,0.01508,9.5,0.0900000036,1.0816895926,0.09,-3.424,3.3622,5.217,1.0,0.0,0.545,0.0,0.0,0.0,0.0,0.0,-1.0,-3.89e-17,0.0,0.7088,0.2759,0.002746,0.0007408,0.006719,-1.0,0.01527,13.33,15.384,18.312,13.893
0.0152,0.01508,9.5,0.1000000015,1.1711064122,0.1,-3.242,3.3881,5.184,1.0,0.0,0.545,0.0,0.0,0.0,0.0,0.0,-1.0,-5.84e-17,0.0,0.7087,0.276,0.002746,0.0007408,0.006719,-1.0,0.01527,12.874,14.927,17.841,13.437
0.0152,0.01508,9.5,0.1096391305,1.2469258319,0.11,-3.108,3.4056,5.161,1.0,0.0,0.545,0.0,0.0,0.0,0.0,0.0,-1.0,-7.78e-17,0.0,0.7086,0.2761,0.002746,0.0007408,0.006719,-1.0,0.01527,12.541,14.592,17.497,13.103
0.0152,0.01508,9.5,0.1200000122,1.3193155232,0.12,-2.977,3.4228,5.138,1.0,0.0,0.545,0.0,0.0,0.0,0.0,0.0,-1.0,-1.03e-16,0.0,0.7084,0.2763,0.002746,0.0007408,0.006719,-1.0,0.01527,12.214,14.187,16.975,12.716
0.0152,0.01508,9.5,0.1400000006,1.4384526719,0.14,-2.794,3.4431,5.102,1.0,0.0,0.545,0.0,0.0,0.0,0.0,0.0,-1.0,-1.52e-16,0.0,0.7082,0.2765,0.002746,0.0007408,0.006719,-1.0,0.01527,11.755,13.451,15.866,12.047
0.0152,0.01508,9.5,0.1422300041,1.4503577882,0.142,-2.777,3.4447,5.099,1.0,0.0,0.545,0.0,0.0,0.0,0.0,0.0,-1.0,-1.57e-16,0.0,0.7082,0.2765,0.002746,0.0007408,0.006719,-1.0,0.01527,11.713,13.389,15.777,11.989
0.0152,0.01508,9.5,0.1599999964,1.5372931554,0.16,-2.653,3.4566,5.073,0.0,0.0,0.545,0.0,0.0,0.0,0.0,0.0,-1.0,-2.03e-16,0.0,0.708,0.2768,0.002746,0.0007408,0.006719,-1.0,0.01527,11.402,12.926,15.106,11.566
0.0152,0.01508,9.5,0.200000003,1.6938790862,0.2,-2.437,3.4753,5.029,1.0,0.0,0.545,0.0,0.0,0.0,0.0,0.0,-1.0,-3.15e-16,0.0,0.7076,0.2771,0.002746,0.0007408,0.006719,-1.0,0.01527,10.862,12.168,14.056,10.872
0.0152,0.01508,9.5,0.25,1.8403257998,0.25,-2.233,3.4918,4.988,1.0,0.0,0.545,0.0,0.0,0.0,0.0,0.0,-1.0,-4.72e-16,0.0,0.7072,0.2775,0.002746,0.0007408,0.006719,-1.0,0.01527,10.351,11.48,13.137,10.243
0.0152,0.01508,9.5,0.3000000119,1.9529139769,0.3,-2.074,3.5026,4.952,0.0,0.0,0.545,0.0,0.0,0.0,0.0,0.0,-1.0,-5.84e-16,0.0,0.707,0.2777,0.002746,0.0007408,0.006719,-1.0,0.01527,9.955,10.987,12.524,9.785
0.0152,0.01508,9.5,0.3279355764,2.0056971238,0.328,-1.983,3.5076,4.919,1.0,0.0,0.545,0.0,0.0,0.0,0.0,0.0,-1.0,-7.92e-16,0.0,0.7085,0.2762,0.002746,0.0007408,0.006719,-1.0,0.01527,9.727,10.718,12.204,9.531
0.0152,0.01508,9.5,0.3500000238,2.0434175133,0.35,-1.915,3.5112,4.894,0.0,0.0,0.545,0.0,0.0,0.0,0.0,0.0,-1.0,-9.22e-16,0.0,0.7091,0.2756,0.002746,0.0007408,0.006719,-1.0,0.01527,9.558,10.52,11.971,9.344
0.0152,0.01508,9.5,0.4000000358,2.118502481,0.4,-1.773,3.5225,4.855,0.0,0.0,0.545,0.0,0.0,0.0,0.0,0.0,-1.0,-1.25e-15,0.0,0.7091,0.2756,0.002746,0.0007408,0.006719,-1.0,0.01527,9.203,10.079,11.431,8.938
0.0152,0.01508,9.5,0.4500000477,2.1822809714,0.45,-1.624,3.5345,4.805,1.0,0.0,0.545,0.0,0.0,0.0,0.0,0.0,-1.0,-1.76e-15,0.0,0.7092,0.2755,0.002746,0.0007408,0.006719,-1.0,0.01527,8.83,9.625,10.885,8.518
0.0152,0.01508,9.5,0.5,2.2374541529,0.5,-1.469,3.5492,4.755,1.0,0.0,0.545,0.0,0.0,0.0,0.0,0.0,-1.0,-2.53e-15,0.0,0.7092,0.2755,0.002746,0.0007408,0.006719,-1.0,0.01527,8.443,9.145,10.306,8.079
0.0152,0.01508,9.5,0.5500000119,2.2836582633,0.55,-1.305,3.568,4.707,1.0,0.0,0.545,0.0,0.0,0.0,0.0,0.0,-1.0,-3.72e-15,0.0,0.7167,0.2685,0.002679,0.0007229,0.006557,-1.0,0.01489,8.032,8.618,9.662,7.607
0.0152,0.01508,9.5,0.6000000238,2.3211213258,0.6,-1.141,3.5913,4.674,1.0,0.0,0.545,0.0,0.0,0.0,0.0,0.0,-1.0,-5.4e-15,0.0,0.7178,0.2674,0.00267,0.0007204,0.006535,-1.0,0.01485,7.621,8.075,8.993,7.131
0.0152,0.01508,9.5,0.6499999762,2.3520353107,0.65,-0.975,3.6191,4.655,1.0,0.0,0.545,0.0,0.0,0.0,0.0,0.0,-1.0,-7.76e-15,0.0,0.7188,0.2663,0.002661,0.000718,0.006513,-1.0,0.01483,7.208,7.527,8.32,6.656
0.0152,0.01508,9.5,0.7000000477,2.3779267258,0.7,-0.817,3.6479,4.643,1.0,0.0,0.545,0.0,0.0,0.0,0.0,0.0,-1.0,-1.09e-14,0.0,0.7199,0.2654,0.002653,0.0007159,0.006494,-1.0,0.01472,6.811,6.99,7.655,6.203
0.0152,0.01508,9.5,0.7186361551,2.3865236944,0.719,-0.759,3.6589,4.641,1.0,0.0,0.542,0.0,0.0,0.0,0.0,0.0,-1.0,-1.23e-14,0.0,0.7203,0.265,0.002636,0.0007145,0.006486,-1.0,0.0147,6.667,6.794,7.413,6.04
0.0152,0.01508,9.5,0.75,2.3998889087,0.75,-0.664,3.6766,4.636,1.0,0.0,0.537,0.0,0.0,0.0,0.0,0.0,-1.0,-1.51e-14,0.0,0.7209,0.2644,0.002609,0.0007127,0.006475,-1.0,0.01473,6.431,6.486,7.041,5.781
0.0152,0.01508,9.5,0.7804631591,2.4116947986,0.78,-0.58,3.6897,4.621,1.0,0.0,0.537,0.0,0.0,0.0,0.0,0.0,-1.0,-1.83e-14,0.0,0.7219,0.2635,0.002601,0.0007105,0.006456,-1.0,0.01468,6.219,6.23,6.744,5.558
0.0152,0.01508,9.5,0.8000000119,2.4187244405,0.8,-0.526,3.6978,4.611,1.0,0.0,0.537,0.0,0.0,0.0,0.0,0.0,-1.0,-2.07e-14,0.0,0.7225,0.2629,0.002596,0.0007092,0.006444,-1.0,0.01464,6.086,6.073,6.563,5.422
0.0152,0.01508,9.5,0.8500000238,2.435034684,0.85,-0.393,3.7177,4.583,1.0,0.0,0.537,0.0,0.0,0.0,0.0,0.0,-1.0,-2.81e-14,0.0,0.7243,0.2612,0.002582,0.0007053,0.006408,-1.0,0.01455,5.754,5.692,6.13,5.088
0.0152,0.01508,9.5,0.8726171255,2.4417103748,0.872,-0.335,3.7259,4.569,1.0,0.0,0.537,0.0,0.0,0.0,0.0,0.0,-1.0,-3.22e-14,0.0,0.7253,0.2602,0.002573,0.000703,0.006388,-1.0,0.0145,5.607,5.53,5.949,4.944
0.0152,0.01508,9.5,0.9000000358,2.4492786175,0.899,-0.265,3.7356,4.552,1.0,0.0,0.537,0.0,0.0,0.0,0.0,0.0,-1.0,-3.8e-14,0.0,0.7265,0.259,0.002563,0.0007002,0.006363,-1.0,0.01444,5.433,5.34,5.735,4.775
0.0152,0.01508,9.5,0.9099581838,2.4519013636,0.909,-0.24,3.7388,4.544,1.0,0.0,0.537,0.0,0.0,0.0,0.0,0.0,-1.0,-4.04e-14,0.0,0.7271,0.2585,0.002558,0.000699,0.006352,-1.0,0.01442,5.37,5.271,5.659,4.714
0.0152,0.01508,9.5,0.9380059838,2.4589455191,0.937,-0.17,3.7478,4.523,1.0,0.0,0.537,0.0,0.0,0.0,0.0,0.0,-1.0,-4.79e-14,0.0,0.7287,0.2569,0.002544,0.0006953,0.006319,-1.0,0.01438,5.195,5.086,5.452,4.55
0.0152,0.01508,9.5,0.9500000477,2.4618122009,0.949,-0.14,3.7515,4.514,1.0,0.0,0.537,0.0,0.0,0.0,0.0,0.0,-1.0,-5.16e-14,0.0,0.7295,0.2562,0.002539,0.0006937,0.006305,-1.0,0.01434,5.121,5.008,5.366,4.481
0.0152,0.01508,9.5,0.9646628499,2.4652056049,0.964,-0.104,3.7558,4.501,1.0,0.0,0.537,0.0,0.0,0.0,0.0,0.0,-1.0,-5.64e-14,0.0,0.7306,0.2551,0.002529,0.0006912,0.006282,-1.0,0.01429,5.03,4.914,5.262,4.397
0.0152,0.01508,9.5,0.9889370203,2.4705698179,0.989,-0.045,3.7626,4.48,1.0,0.0,0.537,0.0,0.0,0.0,0.0,0.0,-1.0,-6.55e-14,0.0,0.7326,0.2532,0.002512,0.0006867,0.006242,-1.0,0.01421,4.881,4.76,5.093,4.259
0.0152,0.01508,9.5,1.0,2.4729154477,1.0,-0.018,3.7656,4.47,1.0,0.0,0.537,0.0,0.0,0.0,0.0,0.0,-1.0,-7.02e-14,0.0,0.7336,0.2522,0.002504,0.0006846,0.006223,-1.0,0.01417,4.814,4.691,5.017,4.198
0.0152,0.01508,9.5,1.0154479742,2.4760926719,1.015,0.02,3.7695,4.455,1.0,0.0,0.536,0.0,0.0,0.0,0.0,0.0,-1.0,-7.55e-14,0.0,0.7354,0.2505,0.00249,0.0006807,0.006188,-1.0,0.0141,4.72,4.595,4.913,4.111
0.0152,0.01508,9.5,1.0390075445,2.4807296583,1.038,0.077,3.7752,4.43,1.0,0.0,0.536,0.0,0.0,0.0,0.0,0.0,-1.0,-8.45e-14,0.0,0.7383,0.2477,0.002466,0.0006742,0.00613,-1.0,0.01398,4.578,4.451,4.755,3.98
0.0152,0.01508,9.5,1.0499999523,2.482811486,1.049,0.103,3.7778,4.419,1.0,0.0,0.536,0.0,0.0,0.0,0.0,0.0,-1.0,-8.91e-14,0.0,0.7397,0.2463,0.002454,0.000671,0.006101,-1.0,0.01393,4.511,4.384,4.682,3.92
0.0152,0.01508,9.5,1.0657846928,2.4857147222,1.065,0.141,3.7813,4.401,1.0,0.0,0.536,0.0,0.0,0.0,0.0,0.0,-1.0,-9.6e-14,0.0,0.7426,0.2436,0.00243,0.0006646,0.006044,-1.0,0.0138,4.417,4.288,4.579,3.833
0.0152,0.01508,9.5,1.0868000984,2.4894299055,1.086,0.191,3.7856,4.377,1.0,0.0,0.536,0.0,0.0,0.0,0.0,0.0,-1.0,-1.06e-13,0.0,0.7468,0.2396,0.002396,0.0006554,0.005961,-1.0,0.01355,4.292,4.162,4.444,3.718
0.0152,0.01508,9.5,1.1000000238,2.491680148,1.099,0.223,3.7882,4.361,1.0,0.0,0.536,0.0,0.0,0.0,0.0,0.0,-1.0,-1.13e-13,0.0,0.7496,0.2369,0.002373,0.0006493,0.005906,-1.0,0.01343,4.213,4.084,4.36,3.646
0.0152,0.01508,9.5,1.110106945,2.4933615769,1.109,0.246,3.7901,4.349,1.0,0.0,0.536,0.0,0.0,0.0,0.0,0.0,-1.0,-1.18e-13,0.0,0.7512,0.2354,0.002362,0.0006464,0.005881,-1.0,0.01338,4.154,4.024,4.296,3.591
0.0152,0.01508,9.5,1.1287158728,2.4963670487,1.128,0.29,3.7934,4.326,1.0,0.0,0.535,0.0,0.0,0.0,0.0,0.0,-1.0,-1.29e-13,0.0,0.754,0.2328,0.002344,0.0006416,0.005839,-1.0,0.01328,4.045,3.916,4.181,3.49
0.0152,0.01508,9.5,1.1460413933,2.4990645784,1.145,0.33,3.7962,4.304,1.0,0.0,0.535,0.0,0.0,0.0,0.0,0.0,-1.0,-1.4e-13,0.0,0.7563,0.2305,0.00233,0.000638,0.005808,-1.0,0.01322,3.946,3.816,4.076,3.398
0.0152,0.01508,9.5,1.1499999762,2.4996678137,1.149,0.339,3.7968,4.299,1.0,0.0,0.535,0.0,0.0,0.0,0.0,0.0,-1.0,-1.42e-13,0.0,0.7568,0.23,0.002328,0.0006373,0.005802,-1.0,0.01322,3.923,3.794,4.052,3.377
0.0152,0.01508,9.5,1.154219389,2.5003055598,1.153,0.348,3.7974,4.293,1.0,0.0,0.535,0.0,0.0,0.0,0.0,0.0,-1.0,-1.45e-13,0.0,0.7567,0.2301,0.00233,0.0006379,0.005807,-1.0,0.01325,3.9,3.771,4.028,3.355
0.0152,0.01508,9.5,1.1746357679,2.5033171229,1.174,0.391,3.7997,4.267,1.0,0.0,0.535,0.0,0.0,0.0,0.0,0.0,-1.0,-1.57e-13,0.0,0.7563,0.2304,0.00234,0.0006411,0.005836,-1.0,0.0133,3.792,3.662,3.915,3.252
0.0152,0.01508,9.5,1.1923164129,2.5058295395,1.191,0.426,3.8008,4.243,1.0,0.0,0.534,0.0,0.0,0.0,0.0,0.0,-1.0,-1.68e-13,0.0,0.7557,0.2309,0.002351,0.0006442,0.005865,-1.0,0.01338,3.704,3.575,3.825,3.168
0.0152,0.01508,9.5,1.2000000477,2.5068948796,1.199,0.44,3.8009,4.232,1.0,0.0,0.534,0.0,0.0,0.0,0.0,0.0,-1.0,-1.73e-13,0.0,0.7555,0.2311,0.002356,0.0006456,0.005878,-1.0,0.01342,3.669,3.539,3.789,3.133
0.0152,0.01508,9.5,1.2497178316,2.5134257318,1.249,0.529,3.8006,4.16,1.0,0.0,0.534,0.0,0.0,0.0,0.0,0.0,-1.0,-2.03e-13,0.0,0.7553,0.2313,0.002361,0.0006464,0.005896,-1.0,0.01343,3.449,3.318,3.568,2.912
0.0152,0.01508,9.5,1.25,2.5134610955,1.249,0.529,3.8006,4.16,1.0,0.0,0.534,0.0,0.0,0.0,0.0,0.0,-1.0,-2.03e-13,0.0,0.7553,0.2313,0.002361,0.0006464,0.005896,-1.0,0.01343,3.447,3.317,3.567,2.911
0.0152,0.01508,9.5,1.2807922363,2.5172128236,1.28,0.582,3.7989,4.111,1.0,0.0,0.533,0.0,0.0,0.0,0.0,0.0,-1.0,-2.23e-13,0.0,0.7552,0.2314,0.002362,0.0006455,0.005907,-1.0,0.01342,3.315,3.184,3.436,2.773
0.0152,0.01508,9.5,1.2999999523,2.5194498592,1.299,0.615,3.7974,4.079,1.0,0.0,0.533,0.0,0.0,0.0,0.0,0.0,-1.0,-2.37e-13,0.0,0.7551,0.2315,0.002364,0.0006451,0.005914,-1.0,0.01343,3.234,3.102,3.358,2.689
0.0152,0.01508,9.5,1.3116576672,2.5207708985,1.311,0.635,3.7961,4.057,1.0,0.0,0.533,0.0,0.0,0.0,0.0,0.0,-1.0,-2.45e-13,0.0,0.7545,0.232,0.002368,0.0006454,0.005928,-1.0,0.01346,3.183,3.052,3.31,2.635
0.0152,0.01508,9.5,1.3383971453,2.5237012615,1.338,0.681,3.7926,4.006,1.0,0.0,0.532,0.0,0.0,0.0,0.0,0.0,-1.0,-2.67e-13,0.0,0.7533,0.2332,0.002379,0.0006468,0.00596,-1.0,0.01351,3.069,2.937,3.201,2.512
0.0152,0.01508,9.5,1.3500001431,2.5249313723,1.35,0.701,3.7908,3.983,1.0,0.0,0.532,0.0,0.0,0.0,0.0,0.0,-1.0,-2.77e-13,0.0,0.7527,0.2337,0.002384,0.0006474,0.005975,-1.0,0.01354,3.019,2.887,3.155,2.458
0.0152,0.01508,9.5,1.3520847559,2.5251498045,1.352,0.704,3.7905,3.979,1.0,0.0,0.532,0.0,0.0,0.0,0.0,0.0,-1.0,-2.79e-13,0.0,0.7527,0.2338,0.002384,0.0006475,0.005975,-1.0,0.01355,3.009,2.877,3.146,2.448
0.0152,0.01508,9.5,1.3778569698,2.5277876336,1.377,0.753,3.7865,3.922,1.0,0.0,0.533,0.0,0.0,0.0,0.0,0.0,-1.0,-3.05e-13,0.0,0.7518,0.2346,0.002391,0.0006492,0.005983,-1.0,0.0136,2.887,2.755,3.031,2.316
0.0152,0.01508,9.5,1.3798521757,2.5279871255,1.379,0.757,3.7862,3.917,1.0,0.0,0.533,0.0,0.0,0.0,0.0,0.0,-1.0,-3.07e-13,0.0,0.7517,0.2347,0.002391,0.0006494,0.005984,-1.0,0.0136,2.876,2.745,3.022,2.305
0.0152,0.01508,9.5,1.3892623186,2.5289191282,1.389,0.794,3.7882,3.892,1.0,0.0,0.533,0.0,0.0,0.0,0.0,0.0,-1.0,-3.33e-13,0.0,0.7514,0.235,0.002394,0.0006502,0.005987,-1.0,0.01362,2.785,2.652,2.925,2.218
0.0152,0.01508,9.5,1.3951470852,2.5294946269,1.395,0.835,3.7928,3.87,1.0,0.0,0.533,0.0,0.0,0.0,0.0,0.0,-1.0,-3.67e-13,0.0,0.7511,0.2352,0.002396,0.0006508,0.005991,-1.0,0.01363,2.682,2.548,2.812,2.126
0.0152,0.01508,9.5,1.3967605829,2.5296514445,1.396,0.871,3.7979,3.855,1.0,0.0,0.533,0.0,0.0,0.0,0.0,0.0,-1.0,-4.03e-13,0.0,0.751,0.2353,0.002397,0.000651,0.005992,-1.0,0.01363,2.591,2.457,2.71,2.047
0.0152,0.01508,9.5,1.3974394798,2.5297173028,1.397,0.908,3.8027,3.838,1.0,0.0,0.533,0.0,0.0,0.0,0.0,0.0,-1.0,-4.46e-13,0.0,0.751,0.2354,0.002397,0.0006511,0.005993,-1.0,0.01364,2.5,2.365,2.608,1.967
0.0152,0.01508,9.5,1.3977267742,2.5297451504,1.397,0.929,3.8051,3.827,1.0,0.0,0.533,0.0,0.0,0.0,0.0,0.0,-1.0,-4.74e-13,0.0,0.751,0.2354,0.002397,0.0006512,0.005993,-1.0,0.01364,2.447,2.313,2.55,1.921
0.0152,0.01508,9.5,1.3979054689,2.5297624648,1.398,0.908,3.8024,3.837,2.0,0.0,0.533,0.0,0.0,0.0,0.0,0.0,-1.0,-4.5e-13,0.0,0.751,0.2354,0.002397,0.0006512,0.005993,-1.0,0.01364,2.499,2.365,2.608,1.966
0.0152,0.01508,9.5,1.398639679,2.5298335515,1.398,0.909,3.7927,3.797,2.0,0.0,0.533,0.0,0.0,0.0,0.0,0.0,-1.0,-4.69e-13,0.0,0.7509,0.2355,0.002398,0.0006513,0.005994,-1.0,0.01364,2.496,2.362,2.625,1.94
0.0152,0.01508,9.5,1.4000000954,2.5299650415,1.4,0.912,3.7879,3.776,2.0,0.0,0.534,0.0,0.0,0.0,0.0,0.0,-1.0,-4.81e-13,0.0,0.7501,0.2363,0.002403,0.0006529,0.006007,-1.0,0.01367,2.491,2.357,2.63,1.923
0.0152,0.01508,9.5,1.402674675,2.5302226959,1.402,0.915,3.7781,3.734,2.0,0.0,0.534,0.0,0.0,0.0,0.0,0.0,-1.0,-5.03e-13,0.0,0.748,0.2382,0.002417,0.0006567,0.006039,-1.0,0.01373,2.482,2.351,2.644,1.894
0.0152,0.01508,9.5,1.4069406986,2.5306313308,1.407,0.901,3.766,3.701,2.0,0.0,0.535,0.0,0.0,0.0,0.0,0.0,-1.0,-4.99e-13,0.0,0.7364,0.2494,0.002503,0.0006796,0.006241,-1.0,0.01418,2.518,2.394,2.714,1.908
0.0152,0.01508,9.5,1.4093594551,2.5308617558,1.409,0.879,3.7565,3.687,2.0,0.0,0.535,0.0,0.0,0.0,0.0,0.0,-1.0,-4.78e-13,0.0,0.7291,0.2564,0.00256,0.000695,0.006377,-1.0,0.0145,2.574,2.459,2.798,1.95
0.0152,0.01508,9.5,1.4109582901,2.5310135717,1.411,0.855,3.7488,3.679,2.0,0.0,0.536,0.0,0.0,0.0,0.0,0.0,-1.0,-4.55e-13,0.0,0.7248,0.2606,0.002594,0.0007042,0.006458,-1.0,0.01464,2.632,2.526,2.882,1.999
0.0152,0.01508,9.5,1.412379384,2.5311481785,1.412,0.829,3.7408,3.674,2.0,0.0,0.536,0.0,0.0,0.0,0.0,0.0,-1.0,-4.28e-13,0.0,0.7216,0.2636,0.002619,0.0007109,0.006517,-1.0,0.01479,2.698,2.601,2.975,2.058
0.0152,0.01508,9.5,1.4137129784,2.5312742143,1.413,0.806,3.733,3.666,2.0,0.0,0.536,0.0,0.0,0.0,0.0,0.0,-1.0,-4.08e-13,0.0,0.7192,0.2659,0.002637,0.0007157,0.006558,-1.0,0.0149,2.755,2.67,3.06,2.11
0.0152,0.01508,9.5,1.4150081873,2.5313963609,1.415,0.789,3.7254,3.653,2.0,0.0,0.536,0.0,0.0,0.0,0.0,0.0,-1.0,-3.95e-13,0.0,0.7172,0.2678,0.00265,0.0007194,0.00659,-1.0,0.01497,2.798,2.727,3.133,2.15
0.0152,0.01508,9.5,1.4165790081,2.5315441549,1.416,0.791,3.7177,3.621,2.0,0.0,0.535,0.0,0.0,0.0,0.0,0.0,-1.0,-4.08e-13,0.0,0.715,0.2699,0.002657,0.0007241,0.006616,-1.0,0.01502,2.792,2.736,3.16,2.144
0.0152,0.01508,9.5,1.4186933041,2.5317424887,1.418,0.816,3.7091,3.563,2.0,0.0,0.532,0.0,0.0,0.0,0.0,0.0,-1.0,-4.56e-13,0.0,0.7119,0.273,0.002651,0.0007338,0.006646,-1.0,0.01509,2.731,2.694,3.137,2.083
0.0152,0.01508,9.5,1.4189876318,2.5317700446,1.419,0.821,3.7081,3.553,2.0,0.0,0.531,0.0,0.0,0.0,0.0,0.0,-1.0,-4.67e-13,0.0,0.7114,0.2735,0.002646,0.0007366,0.006649,-1.0,0.01509,2.717,2.682,3.127,2.069
0.0152,0.01508,9.5,1.4204933643,2.5319108104,1.42,0.864,3.7045,3.496,3.0,0.0,0.494,0.0,0.0,0.0,0.0,0.0,-1.0,-5.44e-13,0.0,0.7081,0.2768,0.002473,0.000914,0.006662,-1.0,0.01514,2.61,2.584,3.038,1.964
0.0152,0.01508,9.5,1.4219408035,2.5320458033,1.421,0.91,3.7016,3.439,3.0,0.0,0.452,0.0,0.0,0.0,0.0,0.0,-1.0,-6.42e-13,0.0,0.7044,0.2804,0.002265,0.001162,0.006672,-1.0,0.0152,2.495,2.476,2.937,1.849
0.0152,0.01508,9.5,1.4234240055,2.5321838042,1.423,0.96,3.6991,3.379,3.0,0.0,0.421,0.0,0.0,0.0,0.0,0.0,-1.0,-7.67e-13,0.0,0.7007,0.2841,0.002111,0.001355,0.00668,-1.0,0.01525,2.369,2.357,2.823,1.724
0.0152,0.01508,9.5,1.425146699,2.5323436734,1.425,1.022,3.6965,3.308,3.0,0.0,0.401,0.0,0.0,0.0,0.0,0.0,-1.0,-9.52e-13,0.0,0.6971,0.2876,0.002012,0.001481,0.006686,-1.0,0.01528,2.216,2.211,2.684,1.572
0.0152,0.01508,9.5,1.4269189835,2.5325076816,1.426,1.087,3.6938,3.233,3.0,0.0,0.39,0.0,0.0,0.0,0.0,0.0,-1.0,-1.2e-12,0.0,0.6946,0.2901,0.001959,0.00155,0.006692,-1.0,0.01532,2.053,2.056,2.537,1.411
0.0152,0.01508,9.5,1.4285991192,2.5326627302,1.428,1.151,3.6911,3.158,3.0,0.0,0.384,0.0,0.0,0.0,0.0,0.0,-1.0,-1.5e-12,0.0,0.6928,0.2919,0.00193,0.001591,0.006698,-1.0,0.01535,1.893,1.903,2.391,1.253
0.0152,0.01508,9.5,1.4300527573,2.5327965389,1.43,1.207,3.6885,3.092,3.0,0.0,0.381,0.0,0.0,0.0,0.0,0.0,-1.0,-1.84e-12,0.0,0.6918,0.2929,0.001915,0.001613,0.006703,-1.0,0.01535,1.751,1.769,2.263,1.112
0.0152,0.01508,9.5,1.4313144684,2.5329124272,1.431,1.258,3.6862,3.032,3.0,0.0,0.379,0.0,0.0,0.0,0.0,0.0,-1.0,-2.2e-12,0.0,0.6911,0.2935,0.001907,0.001627,0.006704,-1.0,0.01535,1.624,1.649,2.149,0.987
0.0152,0.01508,9.5,1.4325250387,2.5330233975,1.432,1.307,3.6838,2.974,3.0,0.0,0.378,0.0,0.0,0.0,0.0,0.0,-1.0,-2.62e-12,0.0,0.6907,0.294,0.001901,0.001635,0.006703,-1.0,0.01534,1.501,1.533,2.04,0.866
0.0152,0.01508,9.5,1.4336752892,2.5331286388,1.433,1.355,3.6815,2.917,3.0,0.0,0.378,0.0,0.0,0.0,0.0,0.0,-1.0,-3.11e-12,0.0,0.6905,0.2942,0.001899,0.00164,0.006702,-1.0,0.01536,1.382,1.421,1.934,0.749
0.0152,0.01508,9.5,1.4347034693,2.5332225471,1.434,1.401,3.6792,2.863,3.0,0.0,0.377,0.0,0.0,0.0,0.0,0.0,-1.0,-3.66e-12,0.0,0.6903,0.2943,0.001897,0.001643,0.006702,-1.0,0.01536,1.268,1.315,1.834,0.638
0.0152,0.01508,9.5,1.4355572462,2.5333004089,1.435,1.441,3.6771,2.814,3.0,0.0,0.377,0.0,0.0,0.0,0.0,0.0,-1.0,-4.24e-12,0.0,0.6903,0.2944,0.001896,0.001645,0.006701,-1.0,0.01535,1.167,1.222,1.746,0.539
0.0152,0.01508,9.5,1.4363342524,2.5333711768,1.436,1.479,3.6751,2.769,3.0,0.0,0.377,0.0,0.0,0.0,0.0,0.0,-1.0,-4.85e-12,0.0,0.6902,0.2944,0.001895,0.001646,0.006701,-1.0,0.01536,1.073,1.134,1.664,0.447
0.0152,0.01508,9.5,1.4370484352,2.5334361454,1.436,1.513,3.6733,2.727,3.0,0.0,0.377,0.0,0.0,0.0,0.0,0.0,-1.0,-5.5e-12,0.0,0.6902,0.2945,0.001895,0.001647,0.006701,-1.0,0.01536,0.987,1.055,1.59,0.364
0.0152,0.01508,9.5,1.4376710653,2.5334927249,1.437,1.542,3.6717,2.692,3.0,0.0,0.377,0.0,0.0,0.0,0.0,0.0,-1.0,-6.11e-12,0.0,0.6902,0.2945,0.001894,0.001648,0.006701,-1.0,0.01536,0.914,0.987,1.527,0.293
0.0152,0.01508,9.5,1.4382482767,2.5335451268,1.438,1.568,3.6703,2.66,3.0,0.0,0.377,0.0,0.0,0.0,0.0,0.0,-1.0,-6.71e-12,0.0,0.6901,0.2945,0.001894,0.001649,0.006701,-1.0,0.01536,0.849,0.927,1.47,0.229
0.0152,0.01508,9.5,1.4388312101,2.5335979992,1.438,1.589,3.6692,2.636,3.0,0.0,0.377,0.0,0.0,0.0,0.0,0.0,-1.0,-7.23e-12,0.0,0.6901,0.2945,0.001893,0.00165,0.006701,-1.0,0.01536,0.798,0.88,1.426,0.18
0.0152,0.01508,9.5,1.4395160675,2.5336600531,1.439,1.611,3.6679,2.608,3.0,0.0,0.377,0.0,0.0,0.0,0.0,0.0,-1.0,-7.86e-12,0.0,0.6901,0.2946,0.001893,0.001651,0.006701,-1.0,0.01536,0.742,0.828,1.378,0.125
0.0152,0.01508,9.5,1.4397213459,2.5336786399,1.439,1.617,3.6676,2.601,3.0,0.0,0.376,0.0,0.0,0.0,0.0,0.0,-1.0,-8.04e-12,0.0,0.6901,0.2946,0.001893,0.001652,0.0067,-1.0,0.01536,0.727,0.815,1.365,0.111
0.0152,0.01508,9.5,1.4401487112,2.5337173158,1.439,1.608,3.6683,2.614,3.0,0.0,0.376,0.0,0.0,0.0,0.0,0.0,-1.0,-7.79e-12,0.0,0.6901,0.2946,0.001892,0.001652,0.0067,-1.0,0.01536,0.751,0.836,1.385,0.134
0.0152,0.01508,9.5,1.4406046867,2.5337585518,1.44,1.581,3.6701,2.648,3.0,0.0,0.376,0.0,0.0,0.0,0.0,0.0,-1.0,-7.07e-12,0.0,0.69,0.2946,0.001892,0.001653,0.0067,-1.0,0.01536,0.818,0.896,1.44,0.198
0.0152,0.01508,9.5,1.4408999681,2.5337852394,1.44,1.558,3.6716,2.677,3.0,0.0,0.376,0.0,0.0,0.0,0.0,0.0,-1.0,-6.49e-12,0.0,0.69,0.2946,0.001892,0.001654,0.0067,-1.0,0.01536,0.875,0.949,1.488,0.254
0.0152,0.01508,9.5,1.4411742687,2.5338100195,1.44,1.53,3.6734,2.712,3.0,0.0,0.376,0.0,0.0,0.0,0.0,0.0,-1.0,-5.86e-12,0.0,0.69,0.2946,0.001891,0.001654,0.0067,-1.0,0.01536,0.944,1.011,1.546,0.321
0.0152,0.01508,9.5,1.4414489269,2.5338348211,1.441,1.502,3.6751,2.746,3.0,0.0,0.376,0.0,0.0,0.0,0.0,0.0,-1.0,-5.26e-12,0.0,0.69,0.2946,0.001891,0.001654,0.0067,-1.0,0.01536,1.014,1.075,1.605,0.388
0.0152,0.01508,9.5,1.4415551424,2.5338444094,1.441,1.492,3.6757,2.759,3.0,0.0,0.376,0.0,0.0,0.0,0.0,0.0,-1.0,-5.05e-12,0.0,0.69,0.2946,0.001891,0.001655,0.0067,-1.0,0.01536,1.039,1.098,1.626,0.413
0.0152,0.01508,9.5,1.4416837692,2.5338560187,1.441,1.501,3.6753,2.749,3.0,0.0,0.376,0.0,0.0,0.0,0.0,0.0,-1.0,-5.18e-12,0.0,0.69,0.2946,0.001891,0.001655,0.0067,-1.0,0.01536,1.018,1.079,1.609,0.393
0.0152,0.01508,9.5,1.4424097538,2.5339214981,1.442,1.547,3.6726,2.692,3.0,0.0,0.376,0.0,0.0,0.0,0.0,0.0,-1.0,-6.08e-12,0.0,0.69,0.2947,0.00189,0.001656,0.0067,-1.0,0.01536,0.902,0.971,1.508,0.279
0.0152,0.01508,9.5,1.4431791306,2.5339908085,1.442,1.594,3.6699,2.635,3.0,0.0,0.376,0.0,0.0,0.0,0.0,0.0,-1.0,-7.2e-12,0.0,0.6899,0.2947,0.00189,0.001657,0.0067,-1.0,0.01536,0.785,0.864,1.408,0.166
0.0152,0.01508,9.5,1.4439133406,2.5340568717,1.443,1.64,3.6672,2.579,3.0,0.0,0.376,0.0,0.0,0.0,0.0,0.0,-1.0,-8.51e-12,0.0,0.6899,0.2947,0.001889,0.001658,0.0067,-1.0,0.01536,0.671,0.76,1.312,0.056
0.0152,0.01508,9.5,1.4446299076,2.5341212729,1.444,1.686,3.6645,2.521,3.0,0.0,0.376,0.0,0.0,0.0,0.0,0.0,-1.0,-1.01e-11,0.0,0.6899,0.2948,0.001888,0.001659,0.0067,-1.0,0.01536,0.555,0.655,1.214,-0.056
0.0152,0.01508,9.5,1.4452824593,2.5341798569,1.444,1.731,3.6617,2.466,3.0,0.0,0.376,0.0,0.0,0.0,0.0,0.0,-1.0,-1.19e-11,0.0,0.6898,0.2948,0.001888,0.00166,0.0067,-1.0,0.01537,0.443,0.553,1.121,-0.164
0.0152,0.01508,9.5,1.4458931684,2.5342346293,1.445,1.775,3.659,2.411,3.0,0.0,0.376,0.0,0.0,0.0,0.0,0.0,-1.0,-1.4e-11,0.0,0.6898,0.2948,0.001887,0.001661,0.0067,-1.0,0.01537,0.332,0.452,1.03,-0.272
0.0152,0.01508,9.5,1.4464628696,2.5342856759,1.445,1.819,3.6562,2.355,3.0,0.0,0.375,0.0,0.0,0.0,0.0,0.0,-1.0,-1.65e-11,0.0,0.6898,0.2948,0.001887,0.001662,0.0067,-1.0,0.01537,0.221,0.354,0.941,-0.378
0.0152,0.01508,9.5,1.4470020533,2.5343339455,1.446,1.864,3.6534,2.3,3.0,0.0,0.375,0.0,0.0,0.0,0.0,0.0,-1.0,-1.95e-11,0.0,0.6898,0.2949,0.001886,0.001663,0.006699,-1.0,0.01537,0.11,0.254,0.851,-0.486
0.0152,0.01508,9.5,1.447491765,2.5343777504,1.446,1.907,3.6506,2.245,3.0,0.0,0.375,0.0,0.0,0.0,0.0,0.0,-1.0,-2.28e-11,0.0,0.6897,0.2949,0.001886,0.001664,0.006699,-1.0,0.01537,0.002,0.158,0.765,-0.589
0.0152,0.01508,9.5,1.4479593039,2.5344195401,1.447,1.951,3.6477,2.19,3.0,0.0,0.375,0.0,0.0,0.0,0.0,0.0,-1.0,-2.69e-11,0.0,0.6897,0.2949,0.001886,0.001665,0.006699,-1.0,0.01537,-0.108,0.06,0.678,-0.694
0.0152,0.01508,9.5,1.4483751059,2.5344566793,1.447,1.994,3.6449,2.136,3.0,0.0,0.375,0.0,0.0,0.0,0.0,0.0,-1.0,-3.15e-11,0.0,0.6897,0.2949,0.001885,0.001665,0.006699,-1.0,0.01537,-0.214,-0.033,0.596,-0.795
0.0152,0.01508,9.5,1.4487712383,2.5344920389,1.447,2.037,3.6419,2.081,3.0,0.0,0.375,0.0,0.0,0.0,0.0,0.0,-1.0,-3.71e-11,0.0,0.6897,0.2949,0.001885,0.001666,0.006699,-1.0,0.01537,-0.323,-0.128,0.512,-0.898
0.0152,0.01508,9.5,1.4491299391,2.5345240381,1.448,2.08,3.639,2.027,3.0,0.0,0.375,0.0,0.0,0.0,0.0,0.0,-1.0,-4.34e-11,0.0,0.6897,0.295,0.001885,0.001666,0.006699,-1.0,0.01537,-0.429,-0.219,0.432,-0.997
0.0152,0.01508,9.5,1.4494587183,2.534553352,1.448,2.121,3.6361,1.974,3.0,0.0,0.375,0.0,0.0,0.0,0.0,0.0,-1.0,-5.08e-11,0.0,0.6897,0.295,0.001884,0.001667,0.006699,-1.0,0.01537,-0.533,-0.308,0.354,-1.094
0.0152,0.01508,9.5,1.4497693777,2.5345810363,1.448,2.164,3.6331,1.92,3.0,0.0,0.375,0.0,0.0,0.0,0.0,0.0,-1.0,-5.96e-11,0.0,0.6896,0.295,0.001884,0.001667,0.006699,-1.0,0.01537,-0.639,-0.399,0.273,-1.192
0.0152,0.01508,9.5,1.4500000477,2.5346015836,1.448,2.198,3.6307,1.876,3.0,0.0,0.375,0.0,0.0,0.0,0.0,0.0,-1.0,-6.77e-11,0.0,0.6896,0.295,0.001884,0.001668,0.006699,-1.0,0.01537,-0.724,-0.471,0.209,-1.27
0.0152,0.01508,9.5,1.4500463009,2.5346057027,1.448,2.205,3.6302,1.867,3.0,0.0,0.375,0.0,0.0,0.0,0.0,0.0,-1.0,-6.96e-11,0.0,0.6896,0.295,0.001884,0.001668,0.006699,-1.0,0.01537,-0.743,-0.487,0.195,-1.287
0.0152,0.01508,9.5,1.4502956867,2.5346279071,1.448,2.248,3.6271,1.811,3.0,0.0,0.375,0.0,0.0,0.0,0.0,0.0,-1.0,-8.18e-11,0.0,0.6896,0.295,0.001884,0.001668,0.006699,-1.0,0.01537,-0.85,-0.578,0.115,-1.384
0.0152,0.01508,9.5,1.4505164623,2.5346475567,1.449,2.289,3.6241,1.758,3.0,0.0,0.375,0.0,0.0,0.0,0.0,0.0,-1.0,-9.56e-11,0.0,0.6896,0.295,0.001884,0.001668,0.006699,-1.0,0.01537,-0.953,-0.663,0.04,-1.477
0.0152,0.01508,9.5,1.4507249594,2.5346661072,1.449,2.331,3.621,1.704,3.0,0.0,0.375,0.0,0.0,0.0,0.0,0.0,-1.0,-1.12e-10,0.0,0.6896,0.295,0.001884,0.001669,0.006699,-1.0,0.01537,-1.057,-0.751,-0.038,-1.571
0.0152,0.01508,9.5,1.4509184361,2.5346833158,1.449,2.373,3.618,1.65,3.0,0.0,0.375,0.0,0.0,0.0,0.0,0.0,-1.0,-1.31e-10,0.0,0.6896,0.295,0.001883,0.001669,0.006699,-1.0,0.01537,-1.162,-0.837,-0.114,-1.664
0.0152,0.01508,9.5,1.4510968924,2.5346991838,1.449,2.414,3.6148,1.596,3.0,0.0,0.375,0.0,0.0,0.0,0.0,0.0,-1.0,-1.53e-10,0.0,0.6896,0.295,0.001883,0.001669,0.006699,-1.0,0.01537,-1.265,-0.921,-0.187,-1.755
0.0152,0.01508,9.5,1.4512610435,2.5347137758,1.449,2.455,3.6117,1.543,3.0,0.0,0.375,0.0,0.0,0.0,0.0,0.0,-1.0,-1.79e-10,0.0,0.6896,0.295,0.001883,0.001669,0.006698,-1.0,0.01537,-1.367,-1.004,-0.261,-1.846
0.0152,0.01508,9.5,1.451410532,2.5347270611,1.449,2.495,3.6087,1.491,3.0,0.0,0.375,0.0,0.0,0.0,0.0,0.0,-1.0,-2.09e-10,0.0,0.6896,0.295,0.001883,0.00167,0.006698,-1.0,0.01537,-1.467,-1.084,-0.331,-1.933
0.0152,0.01508,9.5,1.4515506029,2.5347395066,1.449,2.535,3.6055,1.438,3.0,0.0,0.375,9.51,6.95,4.95,3.76,3.06,4.0,-2.43e-10,0.0,0.6896,0.295,0.001883,0.00167,0.006698,-1.0,0.01537,-1.567,-1.162,-0.393,-2.022
0.0152,0.01508,9.5,1.45168221,2.5347511975,1.448,2.575,3.6024,1.385,3.0,0.0,0.375,10.59,7.65,5.43,4.12,3.35,4.0,-2.84e-10,0.0,0.6896,0.295,0.001883,0.00167,0.006698,-1.0,0.01537,-1.668,-1.241,-0.456,-2.111
0.0152,0.01508,9.5,1.4518005848,2.534761711,1.448,2.614,3.5992,1.334,3.0,0.0,0.375,11.76,8.4,5.93,4.51,3.67,4.0,-3.29e-10,0.0,0.6896,0.295,0.001883,0.00167,0.006698,-1.0,0.01537,-1.765,-1.315,-0.513,-2.195
0.0152,0.01508,9.5,1.4519122839,2.5347716297,1.448,2.653,3.596,1.282,3.0,0.0,0.375,13.06,9.22,6.48,4.94,4.02,4.0,-3.83e-10,0.0,0.6896,0.295,0.001883,0.00167,0.006698,-1.0,0.01537,-1.862,-1.387,-0.566,-2.278
0.0152,0.01508,9.5,1.4520169497,2.5347809222,1.448,2.692,3.5929,1.23,3.0,0.0,0.375,14.51,10.12,7.09,5.41,4.4,4.0,-4.44e-10,0.0,0.6896,0.295,0.001883,0.00167,0.006698,-1.0,0.01537,-1.96,-1.459,-0.619,-2.362
0.0152,0.01508,9.5,1.4521114826,2.5347893138,1.448,2.729,3.5897,1.18,3.0,0.0,0.375,16.07,11.09,7.73,5.91,4.81,4.0,-5.14e-10,0.0,0.6896,0.295,0.001883,0.00167,0.006698,-1.0,0.01537,-2.053,-1.526,-0.667,-2.44
0.0152,0.01508,9.5,1.4522023201,2.5347973762,1.448,2.767,3.5864,1.129,3.0,0.0,0.375,17.83,12.16,8.44,6.46,5.26,4.0,-5.95e-10,0.0,0.6896,0.295,0.001883,0.00167,0.006698,-1.0,0.01537,-2.148,-1.591,-0.708,-2.518
0.0152,0.01508,9.5,1.4522873163,2.5348049191,1.447,2.805,3.5832,1.078,3.0,0.0,0.375,19.78,13.33,9.22,7.06,5.75,4.0,-6.9e-10,0.0,0.6896,0.295,0.001883,0.001671,0.006698,-1.0,0.01537,-2.243,-1.655,-0.75,-2.596
0.0152,0.01508,9.5,1.4523835182,2.5348134552,1.447,2.851,3.5791,1.016,3.0,0.0,0.375,22.45,14.92,10.26,7.88,6.42,3.0,-8.23e-10,0.0,0.6896,0.295,0.001883,0.001671,0.006698,-1.0,0.01537,-2.358,-1.731,-0.793,-2.689
0.0152,0.01508,9.5,1.4524712563,2.5348212392,1.447,2.896,3.5749,0.954,3.0,0.0,0.375,25.45,16.68,11.42,8.78,7.15,3.0,-9.81e-10,0.0,0.6896,0.295,0.001883,0.001671,0.006698,-1.0,0.01537,-2.47,-1.794,-0.815,-2.774
0.0152,0.01508,9.5,1.4525519609,2.5348283982,1.446,2.94,3.5707,0.893,3.0,0.0,0.375,28.8,18.61,12.68,9.76,7.96,3.0,-1.17e-09,0.0,0.6896,0.295,0.001883,0.001671,0.006698,-1.0,0.01537,-2.58,-1.857,-0.836,-2.857
0.0152,0.01508,9.5,1.4526264668,2.5348350065,1.446,2.983,3.5665,0.833,3.0,0.0,0.375,32.54,20.75,14.07,10.85,8.84,3.0,-1.38e-09,0.0,0.6896,0.295,0.001883,0.001671,0.006698,-1.0,0.01537,-2.688,-1.91,-0.836,-2.934
0.0152,0.01508,9.5,1.4526958466,2.5348411595,1.445,3.026,3.5624,0.773,3.0,0.0,0.375,36.74,23.11,15.59,12.04,9.82,3.0,-1.64e-09,0.0,0.6896,0.295,0.001883,0.001671,0.006698,-1.0,0.01537,-2.795,-1.96,-0.83,-3.008
0.0152,0.01508,9.5,1.4527599812,2.5348468467,1.444,3.068,3.5581,0.714,3.0,0.0,0.375,41.44,25.72,17.27,13.36,10.9,3.0,-1.94e-09,0.0,0.6896,0.295,0.001883,0.001671,0.006698,-1.0,0.01537,-2.9,-2.003,-0.81,-3.077
0.0152,0.01508,9.5,1.452819109,2.5348520894,1.444,3.109,3.5539,0.656,3.0,0.0,0.375,46.69,28.6,19.11,14.8,12.08,3.0,-2.29e-09,0.0,0.6896,0.295,0.001882,0.001671,0.006698,-1.0,0.01537,-3.004,-2.039,-0.772,-3.14
0.0152,0.01508,9.5,1.4528735876,2.5348569194,1.443,3.15,3.5496,0.598,3.0,0.0,0.375,52.51,31.74,21.11,16.38,13.37,2.0,-2.7e-09,0.0,0.6896,0.295,0.001882,0.001671,0.006698,-1.0,0.01537,-3.105,-2.07,-0.728,-3.199
