Zini,MH,logAge,Mini,int_IMF,Mass,LogL,LogTe,logg,label,McoreTP,C_O,period0,period1,period2,period3,period4,pmode,Mloss,tau1m,X,Y,Xc,Xn,Xo,Cexcess,Z,mbolmag,Gmag,G_BPmag,G_RPmag
0.0152,0.01508,9.1,0.0900000036,1.0816895926,0.09,-3.401,3.3643,5.202,0.0,0.0,0.545,0.0,0.0,0.0,0.0,0.0,-1.0,-4.21e-17,0.0,0.7091,0.2757,0.002746,0.0007408,0.006719,-1.0,0.01527,13.272,15.325,18.246,13.834
0.0152,0.01508,9.1,0.0900000036,1.0816895926,0.09,-3.401,3.3643,5.202,0.0,0.0,0.545,0.0,0.0,0.0,0.0,0.0,-1.0,-4.21e-17,0.0,0.7091,0.2757,0.002746,0.0007408,0.006719,-1.0,0.01527,13.272,15.325,18.246,13.834
0.0152,0.01508,9.1,0.1000000015,1.1711064122,0.1,-3.234,3.3886,5.178,0.0,0.0,0.545,0.0,0.0,0.0,0.0,0.0,-1.0,-6.02e-17,0.0,0.709,0.2757,0.002746,0.0007408,0.006719,-1.0,0.01527,12.854,14.906,17.818,13.416
0.0152,0.01508,9.1,0.1067585275,1.2252042136,0.107,-3.145,3.4005,5.166,0.0,0.0,0.545,0.0,0.0,0.0,0.0,0.0,-1.0,-7.23e-17,0.0,0.709,0.2757,0.002746,0.0007408,0.006719,-1.0,0.01527,12.634,14.685,17.592,13.196
0.0152,0.01508,9.1,0.1200000122,1.3193155232,0.12,-2.978,3.4227,5.137,0.0,0.0,0.545,0.0,0.0,0.0,0.0,0.0,-1.0,-1.03e-16,0.0,0.7089,0.2758,0.002746,0.0007408,0.006719,-1.0,0.01527,12.214,14.188,16.979,12.718
0.0152,0.01508,9.1,0.1260080338,1.3576708088,0.126,-2.92,3.4291,5.126,0.0,0.0,0.545,0.0,0.0,0.0,0.0,0.0,-1.0,-1.17e-16,0.0,0.7089,0.2758,0.002746,0.0007408,0.006719,-1.0,0.01527,12.069,13.949,16.607,12.5
0.0152,0.01508,9.1,0.1337117702,1.403509694,0.134,-2.849,3.4369,5.113,0.0,0.0,0.545,0.0,0.0,0.0,0.0,0.0,-1.0,-1.35e-16,0.0,0.7089,0.2758,0.002746,0.0007408,0.006719,-1.0,0.01527,11.893,13.669,16.189,12.245
0.0152,0.01508,9.1,0.1400000006,1.4384526719,0.14,-2.794,3.443,5.102,0.0,0.0,0.545,0.0,0.0,0.0,0.0,0.0,-1.0,-1.52e-16,0.0,0.7089,0.2759,0.002746,0.0007408,0.006719,-1.0,0.01527,11.756,13.454,15.871,12.049
0.0152,0.01508,9.1,0.1596630067,1.5357630703,0.16,-2.656,3.4563,5.074,0.0,0.0,0.545,0.0,0.0,0.0,0.0,0.0,-1.0,-2.02e-16,0.0,0.7088,0.276,0.002746,0.0007408,0.006719,-1.0,0.01527,11.409,12.937,15.123,11.576
0.0152,0.01508,9.1,0.1599999964,1.5372931554,0.16,-2.653,3.4565,5.073,0.0,0.0,0.545,0.0,0.0,0.0,0.0,0.0,-1.0,-2.03e-16,0.0,0.7088,0.276,0.002746,0.0007408,0.006719,-1.0,0.01527,11.403,12.929,15.111,11.569
0.0152,0.01508,9.1,0.200000003,1.6938790862,0.2,-2.438,3.4752,5.03,1.0,0.0,0.545,0.0,0.0,0.0,0.0,0.0,-1.0,-3.14e-16,0.0,0.7086,0.2761,0.002746,0.0007408,0.006719,-1.0,0.01527,10.865,12.172,14.062,10.876
0.0152,0.01508,9.1,0.25,1.8403257998,0.25,-2.236,3.4916,4.99,0.0,0.0,0.545,0.0,0.0,0.0,0.0,0.0,-1.0,-4.68e-16,0.0,0.7085,0.2763,0.002746,0.0007408,0.006719,-1.0,0.01527,10.359,11.489,13.147,10.252
0.0152,0.01508,9.1,0.3208014965,1.9927886905,0.321,-2.01,3.5063,4.931,0.0,0.0,0.545,0.0,0.0,0.0,0.0,0.0,-1.0,-7.43e-16,0.0,0.7089,0.2758,0.002746,0.0007408,0.006719,-1.0,0.01527,9.795,10.795,12.295,9.605
0.0152,0.01508,9.1,0.3280858696,2.0059651297,0.328,-1.988,3.5078,4.925,0.0,0.0,0.545,0.0,0.0,0.0,0.0,0.0,-1.0,-7.78e-16,0.0,0.709,0.2758,0.002746,0.0007408,0.006719,-1.0,0.01527,9.74,10.728,12.213,9.543
0.0152,0.01508,9.1,0.3500000238,2.0434175133,0.35,-1.927,3.5122,4.909,0.0,0.0,0.545,0.0,0.0,0.0,0.0,0.0,-1.0,-8.83e-16,0.0,0.7091,0.2756,0.002746,0.0007408,0.006719,-1.0,0.01527,9.586,10.539,11.982,9.367
0.0152,0.01508,9.1,0.3706475794,2.0760165874,0.371,-1.862,3.5168,4.889,0.0,0.0,0.545,0.0,0.0,0.0,0.0,0.0,-1.0,-1.02e-15,0.0,0.7091,0.2756,0.002746,0.0007408,0.006719,-1.0,0.01527,9.426,10.344,11.744,9.185
0.0152,0.01508,9.1,0.4000000358,2.118502481,0.4,-1.779,3.5229,4.863,0.0,0.0,0.545,0.0,0.0,0.0,0.0,0.0,-1.0,-1.22e-15,0.0,0.7092,0.2755,0.002746,0.0007408,0.006719,-1.0,0.01527,9.218,10.09,11.438,8.95
0.0152,0.01508,9.1,0.4500000477,2.1822809714,0.45,-1.63,3.535,4.813,0.0,0.0,0.545,0.0,0.0,0.0,0.0,0.0,-1.0,-1.72e-15,0.0,0.7092,0.2755,0.002746,0.0007408,0.006719,-1.0,0.01527,8.845,9.635,10.891,8.53
0.0152,0.01508,9.1,0.5,2.2374541529,0.5,-1.475,3.5496,4.762,0.0,0.0,0.545,0.0,0.0,0.0,0.0,0.0,-1.0,-2.48e-15,0.0,0.7092,0.2755,0.002746,0.0007408,0.006719,-1.0,0.01527,8.457,9.156,10.314,8.091
0.0152,0.01508,9.1,0.5371984243,2.2727682496,0.537,-1.354,3.5634,4.727,0.0,0.0,0.545,0.0,0.0,0.0,0.0,0.0,-1.0,-3.29e-15,0.0,0.7111,0.2737,0.002728,0.000736,0.006675,-1.0,0.0152,8.155,8.768,9.84,7.744
0.0152,0.01508,9.1,0.5500000119,2.2836582633,0.55,-1.314,3.568,4.716,0.0,0.0,0.545,0.0,0.0,0.0,0.0,0.0,-1.0,-3.6e-15,0.0,0.7121,0.2727,0.002719,0.0007337,0.006654,-1.0,0.01515,8.055,8.64,9.683,7.629
0.0152,0.01508,9.1,0.5869706273,2.3120644741,0.587,-1.193,3.5849,4.691,0.0,0.0,0.545,0.0,0.0,0.0,0.0,0.0,-1.0,-4.74e-15,0.0,0.7125,0.2724,0.002716,0.0007328,0.006647,-1.0,0.01513,7.753,8.24,9.189,7.278
0.0152,0.01508,9.1,0.6000000238,2.3211213258,0.6,-1.152,3.5907,4.683,0.0,0.0,0.545,0.0,0.0,0.0,0.0,0.0,-1.0,-5.2e-15,0.0,0.7126,0.2723,0.002715,0.0007326,0.006645,-1.0,0.01512,7.651,8.107,9.027,7.161
0.0152,0.01508,9.1,0.6058276296,2.3250274464,0.606,-1.133,3.5939,4.68,0.0,0.0,0.545,0.0,0.0,0.0,0.0,0.0,-1.0,-5.43e-15,0.0,0.7127,0.2722,0.002715,0.0007324,0.006644,-1.0,0.01512,7.602,8.043,8.948,7.105
0.0152,0.01508,9.1,0.6499999762,2.3520353107,0.65,-0.991,3.6175,4.664,1.0,0.0,0.545,0.0,0.0,0.0,0.0,0.0,-1.0,-7.41e-15,0.0,0.713,0.2719,0.002711,0.0007316,0.006636,-1.0,0.01511,7.247,7.573,8.373,6.698
0.0152,0.01508,9.1,0.6634566188,2.3594456301,0.663,-0.948,3.6253,4.661,1.0,0.0,0.545,0.0,0.0,0.0,0.0,0.0,-1.0,-8.12e-15,0.0,0.7131,0.2718,0.002711,0.0007314,0.006633,-1.0,0.0151,7.14,7.429,8.194,6.575
0.0152,0.01508,9.1,0.7000000477,2.3779267258,0.7,-0.836,3.6457,4.654,0.0,0.0,0.545,0.0,0.0,0.0,0.0,0.0,-1.0,-1.03e-14,0.0,0.7134,0.2715,0.002708,0.0007307,0.006628,-1.0,0.01509,6.86,7.05,7.725,6.256
0.0152,0.01508,9.1,0.75,2.3998889087,0.75,-0.688,3.6743,4.651,1.0,0.0,0.537,0.0,0.0,0.0,0.0,0.0,-1.0,-1.4e-14,0.0,0.7138,0.2711,0.002669,0.0007289,0.006621,-1.0,0.01506,6.491,6.555,7.118,5.843
0.0152,0.01508,9.1,0.8000000119,2.4187244405,0.8,-0.556,3.6947,4.627,1.0,0.0,0.537,0.0,0.0,0.0,0.0,0.0,-1.0,-1.89e-14,0.0,0.7145,0.2705,0.002664,0.0007275,0.006609,-1.0,0.01504,6.16,6.156,6.655,5.496
0.0152,0.01508,9.1,0.8500000238,2.435034684,0.85,-0.429,3.7139,4.604,1.0,0.0,0.537,0.0,0.0,0.0,0.0,0.0,-1.0,-2.52e-14,0.0,0.7153,0.2698,0.002658,0.0007259,0.006594,-1.0,0.01494,5.843,5.79,6.237,5.177
0.0152,0.01508,9.1,0.9000000358,2.4492786175,0.899,-0.309,3.7315,4.579,1.0,0.0,0.537,0.0,0.0,0.0,0.0,0.0,-1.0,-3.33e-14,0.0,0.7161,0.2689,0.00265,0.0007239,0.006576,-1.0,0.01495,5.542,5.455,5.861,4.88
0.0152,0.01508,9.1,0.9399152994,2.4594074947,0.939,-0.216,3.7441,4.555,1.0,0.0,0.537,0.0,0.0,0.0,0.0,0.0,-1.0,-4.15e-14,0.0,0.7171,0.268,0.002643,0.0007218,0.006558,-1.0,0.01492,5.31,5.205,5.58,4.66
0.0152,0.01508,9.1,0.9500000477,2.4618122009,0.95,-0.193,3.7472,4.55,1.0,0.0,0.537,0.0,0.0,0.0,0.0,0.0,-1.0,-4.38e-14,0.0,0.7173,0.2678,0.002641,0.0007213,0.006553,-1.0,0.01491,5.253,5.144,5.512,4.607
0.0152,0.01508,9.1,1.0,2.4729154477,1.0,-0.082,3.7614,4.517,1.0,0.0,0.537,0.0,0.0,0.0,0.0,0.0,-1.0,-5.73e-14,0.0,0.7189,0.2662,0.002627,0.0007177,0.00652,-1.0,0.01481,4.975,4.854,5.19,4.35
0.0152,0.01508,9.1,1.0293291807,2.4788543019,1.029,-0.018,3.7689,4.496,1.0,0.0,0.537,0.0,0.0,0.0,0.0,0.0,-1.0,-6.42e-14,0.0,0.7203,0.2649,0.002616,0.0007147,0.006493,-1.0,0.01473,4.815,4.691,5.01,4.204
0.0152,0.01508,9.1,1.0499999523,2.482811486,1.049,0.026,3.774,4.481,1.0,0.0,0.537,0.0,0.0,0.0,0.0,0.0,-1.0,-6.94e-14,0.0,0.7214,0.2639,0.002607,0.0007124,0.006473,-1.0,0.01469,4.705,4.578,4.886,4.105
0.0152,0.01508,9.1,1.0547831059,2.4837017913,1.054,0.036,3.7751,4.477,1.0,0.0,0.537,0.0,0.0,0.0,0.0,0.0,-1.0,-7.06e-14,0.0,0.7217,0.2636,0.002605,0.0007116,0.006466,-1.0,0.01467,4.679,4.553,4.857,4.082
0.0152,0.01508,9.1,1.1000000238,2.491680148,1.099,0.131,3.7854,4.442,1.0,0.0,0.537,0.0,0.0,0.0,0.0,0.0,-1.0,-8.33e-14,0.0,0.7252,0.2603,0.002576,0.0007039,0.006396,-1.0,0.01449,4.443,4.314,4.597,3.869
0.0152,0.01508,9.1,1.1224533319,2.4953683952,1.122,0.176,3.7901,4.424,1.0,0.0,0.537,0.0,0.0,0.0,0.0,0.0,-1.0,-8.99e-14,0.0,0.7272,0.2583,0.002561,0.0006997,0.006359,-1.0,0.01443,4.329,4.2,4.473,3.765
0.0152,0.01508,9.1,1.1499999762,2.4996678137,1.149,0.232,3.7957,4.401,1.0,0.0,0.537,0.0,0.0,0.0,0.0,0.0,-1.0,-9.87e-14,0.0,0.7299,0.2558,0.00254,0.0006944,0.006312,-1.0,0.01434,4.191,4.062,4.324,3.642
0.0152,0.01508,9.1,1.2000000477,2.5068948796,1.199,0.33,3.8053,4.361,1.0,0.0,0.536,0.0,0.0,0.0,0.0,0.0,-1.0,-1.15e-13,0.0,0.7298,0.2558,0.002551,0.0006974,0.006341,-1.0,0.01439,3.946,3.819,4.061,3.422
0.0152,0.01508,9.1,1.25,2.5134610955,1.25,0.423,3.8143,4.321,1.0,0.0,0.536,0.0,0.0,0.0,0.0,0.0,-1.0,-1.32e-13,0.0,0.7301,0.2555,0.00255,0.0006974,0.006342,-1.0,0.01441,3.713,3.588,3.813,3.213
0.0152,0.01508,9.1,1.2999999523,2.5194498592,1.3,0.511,3.8226,4.283,1.0,0.0,0.536,0.0,0.0,0.0,0.0,0.0,-1.0,-1.47e-13,0.0,0.7305,0.2551,0.002548,0.0006967,0.006336,-1.0,0.01443,3.493,3.369,3.579,3.013
0.0152,0.01508,9.1,1.341879487,2.5240730174,1.342,0.581,3.8294,4.254,1.0,0.0,0.536,0.0,0.0,0.0,0.0,0.0,-1.0,-1.57e-13,0.0,0.7298,0.2558,0.002553,0.0006981,0.006348,-1.0,0.01441,3.317,3.193,3.392,2.854
0.0152,0.01508,9.1,1.3500001431,2.5249313723,1.35,0.595,3.8306,4.248,1.0,0.0,0.536,0.0,0.0,0.0,0.0,0.0,-1.0,-1.6e-13,0.0,0.7297,0.2559,0.002554,0.0006984,0.006351,-1.0,0.01441,3.284,3.16,3.356,2.824
0.0152,0.01508,9.1,1.4000000954,2.5299650415,1.4,0.674,3.8386,4.216,1.0,0.0,0.536,0.0,0.0,0.0,0.0,0.0,-1.0,-1.68e-13,0.0,0.7297,0.2558,0.002552,0.0006979,0.006346,-1.0,0.01447,3.084,2.962,3.145,2.645
0.0152,0.01508,9.1,1.4427125454,2.5339487857,1.443,0.74,3.8455,4.191,1.0,0.0,0.536,0.0,0.0,0.0,0.0,0.0,-1.0,-1.69e-13,0.0,0.73,0.2556,0.00255,0.0006972,0.006341,-1.0,0.01441,2.92,2.799,2.97,2.499
0.0152,0.01508,9.1,1.4500000477,2.5346015836,1.45,0.751,3.8466,4.187,1.0,0.0,0.536,0.0,0.0,0.0,0.0,0.0,-1.0,-1.7e-13,0.0,0.7301,0.2555,0.00255,0.000697,0.00634,-1.0,0.0144,2.892,2.772,2.941,2.474
0.0152,0.01508,9.1,1.4846278429,2.5376030125,1.485,0.803,3.852,4.167,1.0,0.0,0.536,0.0,0.0,0.0,0.0,0.0,-1.0,-1.65e-13,0.0,0.7303,0.2553,0.002548,0.0006966,0.006336,-1.0,0.01442,2.763,2.645,2.805,2.36
0.0152,0.01508,9.1,1.5,2.5388844597,1.5,0.825,3.8541,4.157,1.0,0.0,0.536,0.0,0.0,0.0,0.0,0.0,-1.0,-1.63e-13,0.0,0.7303,0.2553,0.002548,0.0006966,0.006335,-1.0,0.01443,2.707,2.589,2.746,2.31
0.0152,0.01508,9.1,1.5163921118,2.5402180668,1.516,0.849,3.8563,4.147,1.0,0.0,0.536,0.0,0.0,0.0,0.0,0.0,-1.0,-1.58e-13,0.0,0.7304,0.2552,0.002547,0.0006961,0.006334,-1.0,0.01441,2.648,2.53,2.684,2.257
0.0152,0.01508,9.1,1.5456237793,2.5425157242,1.545,0.891,3.8594,4.126,1.0,0.0,0.536,0.0,0.0,0.0,0.0,0.0,-1.0,-1.49e-13,0.0,0.7306,0.255,0.002546,0.0006954,0.006334,-1.0,0.01442,2.544,2.426,2.575,2.161
0.0152,0.01508,9.1,1.5499999523,2.5428511323,1.55,0.897,3.8598,4.123,1.0,0.0,0.536,0.0,0.0,0.0,0.0,0.0,-1.0,-1.48e-13,0.0,0.7306,0.255,0.002546,0.0006953,0.006334,-1.0,0.01442,2.528,2.411,2.559,2.147
0.0152,0.01508,9.1,1.5652933121,2.5440063593,1.565,0.918,3.8615,4.112,1.0,0.0,0.536,0.0,0.0,0.0,0.0,0.0,-1.0,-1.38e-13,0.0,0.7306,0.255,0.002546,0.0006955,0.006332,-1.0,0.01441,2.474,2.357,2.502,2.097
0.0152,0.01508,9.1,1.6000000238,2.5465340628,1.6,0.967,3.8646,4.085,1.0,0.0,0.536,0.0,0.0,0.0,0.0,0.0,-1.0,-1.19e-13,0.0,0.7305,0.2551,0.002546,0.000696,0.006332,-1.0,0.01443,2.353,2.237,2.376,1.985
0.0152,0.01508,9.1,1.6009005308,2.5465979715,1.6,0.968,3.8646,4.085,1.0,0.0,0.536,0.0,0.0,0.0,0.0,0.0,-1.0,-1.18e-13,0.0,0.7305,0.2551,0.002546,0.000696,0.006331,-1.0,0.01443,2.35,2.233,2.373,1.982
0.0152,0.01508,9.1,1.6343723536,2.5489161228,1.634,1.014,3.8669,4.057,1.0,0.0,0.536,0.0,0.0,0.0,0.0,0.0,-1.0,-8.41e-14,0.0,0.7305,0.2551,0.002546,0.0006963,0.00633,-1.0,0.01441,2.234,2.118,2.254,1.873
0.0152,0.01508,9.1,1.6500000954,2.5499614852,1.649,1.036,3.8676,4.042,1.0,0.0,0.536,0.0,0.0,0.0,0.0,0.0,-1.0,-7.22e-14,0.0,0.7304,0.2552,0.002547,0.0006965,0.006331,-1.0,0.01439,2.181,2.065,2.199,1.822
0.0152,0.01508,9.1,1.6695566177,2.5512379981,1.669,1.063,3.8682,4.023,1.0,0.0,0.537,0.0,0.0,0.0,0.0,0.0,-1.0,-1.64e-20,0.0,0.7304,0.2552,0.002548,0.0006967,0.006331,-1.0,0.01441,2.113,1.997,2.13,1.756
0.0152,0.01508,9.1,1.6988385916,2.5530862774,1.698,1.103,3.8682,3.99,1.0,0.0,0.537,0.0,0.0,0.0,0.0,0.0,-1.0,-2.44e-30,0.0,0.7303,0.2553,0.002548,0.0006972,0.00633,-1.0,0.0144,2.013,1.895,2.028,1.655
0.0152,0.01508,9.1,1.7000000477,2.5531580802,1.699,1.104,3.8682,3.989,1.0,0.0,0.537,0.0,0.0,0.0,0.0,0.0,-1.0,-9.999999999999999e-31,0.0,0.7303,0.2553,0.002549,0.0006972,0.00633,-1.0,0.0144,2.009,1.891,2.024,1.651
0.0152,0.01508,9.1,1.7175092697,2.5542270063,1.717,1.128,3.8679,3.968,1.0,0.0,0.537,0.0,0.0,0.0,0.0,0.0,-1.0,-9.999999999999999e-31,0.0,0.7302,0.2554,0.002549,0.0006972,0.006332,-1.0,0.0144,1.949,1.83,1.963,1.59
0.0152,0.01508,9.1,1.7421865463,2.5556916659,1.741,1.162,3.8668,3.936,1.0,0.0,0.537,0.0,0.0,0.0,0.0,0.0,-1.0,-9.999999999999999e-31,0.0,0.7301,0.2555,0.00255,0.0006974,0.006336,-1.0,0.01445,1.865,1.745,1.879,1.503
0.0152,0.01508,9.1,1.75,2.5561455243,1.749,1.172,3.8662,3.925,1.0,0.0,0.537,0.0,0.0,0.0,0.0,0.0,-1.0,-9.999999999999999e-31,0.0,0.73,0.2555,0.002551,0.0006974,0.006337,-1.0,0.01446,1.839,1.718,1.853,1.475
0.0152,0.01508,9.1,1.7651171684,2.5570105277,1.764,1.193,3.865,3.904,1.0,0.0,0.537,0.0,0.0,0.0,0.0,0.0,-1.0,-9.999999999999999e-31,0.0,0.7299,0.2556,0.002551,0.0006977,0.006339,-1.0,0.01445,1.788,1.666,1.802,1.42
0.0152,0.01508,9.1,1.7880479097,2.55829057,1.787,1.223,3.8618,3.866,1.0,0.0,0.536,0.0,0.0,0.0,0.0,0.0,-1.0,-9.999999999999999e-31,0.0,0.7298,0.2558,0.002552,0.000698,0.006343,-1.0,0.01446,1.712,1.587,1.727,1.334
0.0152,0.01508,9.1,1.7999999523,2.5589429085,1.799,1.239,3.8596,3.844,1.0,0.0,0.536,0.0,0.0,0.0,0.0,0.0,-1.0,-9.999999999999999e-31,0.0,0.7297,0.2559,0.002553,0.0006982,0.006345,-1.0,0.01447,1.673,1.546,1.69,1.288
0.0152,0.01508,9.1,1.8085889816,2.559405577,1.807,1.25,3.858,3.829,1.0,0.0,0.537,0.0,0.0,0.0,0.0,0.0,-1.0,-9.999999999999999e-31,0.0,0.7296,0.256,0.002554,0.0006985,0.006346,-1.0,0.01446,1.645,1.517,1.663,1.255
0.0152,0.01508,9.1,1.8315190077,2.5606163487,1.83,1.279,3.853,3.785,1.0,0.0,0.537,0.0,0.0,0.0,0.0,0.0,-1.0,-9.999999999999999e-31,0.0,0.7293,0.2562,0.002555,0.0006993,0.006349,-1.0,0.01445,1.571,1.44,1.594,1.168
0.0152,0.01508,9.1,1.8500000238,2.5615671203,1.849,1.303,3.8475,3.744,1.0,0.0,0.537,0.0,0.0,0.0,0.0,0.0,-1.0,-9.999999999999999e-31,0.0,0.7291,0.2564,0.002557,0.0007,0.006352,-1.0,0.01449,1.514,1.38,1.542,1.094
0.0152,0.01508,9.1,1.8518505096,2.5616611188,1.851,1.305,3.8469,3.74,1.0,0.0,0.537,0.0,0.0,0.0,0.0,0.0,-1.0,-9.999999999999999e-31,0.0,0.7291,0.2564,0.002557,0.0007,0.006352,-1.0,0.01449,1.508,1.374,1.537,1.087
0.0152,0.01508,9.1,1.8721885681,2.5626801604,1.871,1.329,3.8391,3.689,1.0,0.0,0.537,0.0,0.0,0.0,0.0,0.0,-1.0,-9.999999999999999e-31,0.0,0.7289,0.2566,0.002559,0.0007002,0.006357,-1.0,0.01447,1.447,1.31,1.485,1.004
0.0152,0.01508,9.1,1.8908714056,2.5635940852,1.89,1.351,3.8312,3.64,1.0,0.0,0.537,0.0,0.0,0.0,0.0,0.0,-1.0,-9.999999999999999e-31,0.0,0.7287,0.2568,0.00256,0.0007005,0.006362,-1.0,0.01448,1.392,1.253,1.441,0.929
0.0152,0.01508,9.1,1.9000000954,2.5640331317,1.899,1.362,3.827,3.615,1.0,0.0,0.537,0.0,0.0,0.0,0.0,0.0,-1.0,-9.999999999999999e-31,0.0,0.7286,0.2569,0.002561,0.0007007,0.006365,-1.0,0.01449,1.366,1.226,1.422,0.892
0.0152,0.01508,9.1,1.9090359211,2.56446296,1.908,1.372,3.8228,3.59,1.0,0.0,0.537,0.0,0.0,0.0,0.0,0.0,-1.0,-9.999999999999999e-31,0.0,0.7285,0.257,0.002562,0.0007009,0.006367,-1.0,0.0145,1.34,1.2,1.402,0.856
0.0152,0.01508,9.1,1.9287766218,2.5653859206,1.928,1.399,3.8146,3.535,1.0,0.0,0.537,0.0,0.0,0.0,0.0,0.0,-1.0,-9.999999999999999e-31,0.0,0.7283,0.2572,0.002564,0.0007013,0.006371,-1.0,0.0145,1.273,1.133,1.349,0.769
0.0152,0.01508,9.1,1.9381654263,2.5658173072,1.938,1.414,3.8115,3.509,1.0,0.0,0.536,0.0,0.0,0.0,0.0,0.0,-1.0,-9.999999999999999e-31,0.0,0.7282,0.2573,0.002565,0.0007015,0.006374,-1.0,0.0145,1.235,1.094,1.317,0.723
0.0152,0.01508,9.1,1.9455785751,2.5661545379,1.945,1.451,3.821,3.512,1.0,0.0,0.537,0.0,0.0,0.0,0.0,0.0,-1.0,-9.999999999999999e-31,0.0,0.7281,0.2574,0.002565,0.0007017,0.006375,-1.0,0.01448,1.143,1.001,1.206,0.654
0.0152,0.01508,9.1,1.9475946426,2.5662457401,1.947,1.472,3.8296,3.526,1.0,0.0,0.536,0.0,0.0,0.0,0.0,0.0,-1.0,-9.999999999999999e-31,0.0,0.728,0.2575,0.002566,0.0007018,0.006376,-1.0,0.01448,1.09,0.947,1.137,0.621
0.0152,0.01508,9.1,1.9484161139,2.5662828393,1.948,1.492,3.8388,3.543,1.0,0.0,0.536,0.0,0.0,0.0,0.0,0.0,-1.0,-9.999999999999999e-31,0.0,0.728,0.2575,0.002566,0.0007018,0.006376,-1.0,0.01448,1.04,0.899,1.073,0.595
0.0152,0.01508,9.1,1.9488409758,2.5663020128,1.948,1.512,3.8479,3.56,1.0,0.0,0.536,0.0,0.0,0.0,0.0,0.0,-1.0,-9.999999999999999e-31,0.0,0.728,0.2575,0.002566,0.0007018,0.006377,-1.0,0.01448,0.991,0.851,1.01,0.571
0.0152,0.01508,9.1,1.9490991831,2.5663136607,1.949,1.533,3.8569,3.574,1.0,0.0,0.536,0.0,0.0,0.0,0.0,0.0,-1.0,-9.999999999999999e-31,0.0,0.728,0.2575,0.002566,0.0007018,0.006377,-1.0,0.01448,0.938,0.801,0.945,0.543
0.0152,0.01508,9.1,1.9492638111,2.5663210853,1.949,1.554,3.8651,3.586,1.0,0.0,0.536,0.0,0.0,0.0,0.0,0.0,-1.0,-9.999999999999999e-31,0.0,0.728,0.2575,0.002566,0.0007018,0.006377,-1.0,0.01449,0.885,0.751,0.882,0.515
0.0152,0.01508,9.1,1.9494111538,2.5663277291,1.949,1.574,3.8729,3.597,1.0,0.0,0.536,0.0,0.0,0.0,0.0,0.0,-1.0,-9.999999999999999e-31,0.0,0.728,0.2575,0.002566,0.0007018,0.006377,-1.0,0.01449,0.835,0.705,0.824,0.49
0.0152,0.01508,9.1,1.9494298697,2.5663285729,1.949,1.577,3.8739,3.599,1.0,0.0,0.536,0.0,0.0,0.0,0.0,0.0,-1.0,-9.999999999999999e-31,0.0,0.728,0.2575,0.002566,0.0007018,0.006377,-1.0,0.01449,0.828,0.7,0.816,0.487
0.0152,0.01508,9.1,1.9494715929,2.566330454,1.949,1.559,3.8702,3.602,1.0,0.0,0.536,0.0,0.0,0.0,0.0,0.0,-1.0,-9.999999999999999e-31,0.0,0.728,0.2575,0.002566,0.0007018,0.006377,-1.0,0.01449,0.873,0.743,0.865,0.519
0.0152,0.01508,9.1,1.9495247602,2.5663328509,1.949,1.536,3.8649,3.604,2.0,0.0,0.536,0.0,0.0,0.0,0.0,0.0,-1.0,-9.999999999999999e-31,0.0,0.728,0.2575,0.002566,0.0007018,0.006377,-1.0,0.01449,0.931,0.798,0.929,0.56
0.0152,0.01508,9.1,1.9495774508,2.5663352262,1.949,1.513,3.8562,3.592,2.0,0.0,0.536,0.0,0.0,0.0,0.0,0.0,-1.0,-9.999999999999999e-31,0.0,0.728,0.2575,0.002566,0.0007019,0.006377,-1.0,0.01449,0.988,0.851,0.997,0.591
0.0152,0.01508,9.1,1.9496474266,2.5663383805,1.949,1.502,3.8447,3.556,2.0,0.0,0.536,0.0,0.0,0.0,0.0,0.0,-1.0,-9.999999999999999e-31,0.0,0.728,0.2575,0.002566,0.0007019,0.006377,-1.0,0.01449,1.015,0.875,1.039,0.586
0.0152,0.01508,9.1,1.9497300386,2.566342104,1.949,1.507,3.8334,3.506,2.0,0.0,0.536,0.0,0.0,0.0,0.0,0.0,-1.0,-9.999999999999999e-31,0.0,0.728,0.2575,0.002566,0.0007019,0.006377,-1.0,0.01449,1.002,0.859,1.042,0.543
0.0152,0.01508,9.1,1.9498305321,2.566346633,1.949,1.516,3.8225,3.454,2.0,0.0,0.536,0.0,0.0,0.0,0.0,0.0,-1.0,-9.999999999999999e-31,0.0,0.728,0.2575,0.002566,0.0007019,0.006377,-1.0,0.01449,0.981,0.837,1.039,0.495
0.0152,0.01508,9.1,1.9499551058,2.5663522464,1.949,1.52,3.812,3.407,2.0,0.0,0.536,0.0,0.0,0.0,0.0,0.0,-1.0,-9.999999999999999e-31,0.0,0.728,0.2575,0.002566,0.0007019,0.006377,-1.0,0.01449,0.969,0.826,1.046,0.458
0.0152,0.01508,9.1,1.9500001669,2.5663542767,1.95,1.52,3.8091,3.396,2.0,0.0,0.536,0.0,0.0,0.0,0.0,0.0,-1.0,-9.999999999999999e-31,0.0,0.728,0.2575,0.002566,0.0007019,0.006377,-1.0,0.01449,0.969,0.825,1.051,0.45
0.0152,0.01508,9.1,1.9500943422,2.5663585196,1.95,1.521,3.8032,3.372,2.0,0.0,0.536,0.0,0.0,0.0,0.0,0.0,-1.0,-9.999999999999999e-31,0.0,0.728,0.2575,0.002566,0.0007019,0.006377,-1.0,0.01449,0.968,0.825,1.063,0.434
0.0152,0.01508,9.1,1.9503004551,2.5663678041,1.95,1.517,3.7934,3.337,2.0,0.0,0.536,0.0,0.0,0.0,0.0,0.0,-1.0,-9.999999999999999e-31,0.0,0.728,0.2575,0.002566,0.0007019,0.006377,-1.0,0.01449,0.978,0.836,1.094,0.421
0.0152,0.01508,9.1,1.9505841732,2.5663805805,1.95,1.507,3.7832,3.306,2.0,0.0,0.536,0.0,0.0,0.0,0.0,0.0,-1.0,-9.999999999999999e-31,0.0,0.728,0.2575,0.002566,0.0007019,0.006377,-1.0,0.01449,1.004,0.866,1.145,0.425
0.0152,0.01508,9.1,1.9509488344,2.5663969958,1.951,1.487,3.7725,3.283,2.0,0.0,0.537,0.0,0.0,0.0,0.0,0.0,-1.0,-9.999999999999999e-31,0.0,0.7279,0.2576,0.002567,0.0007021,0.006379,-1.0,0.01449,1.052,0.921,1.224,0.453
0.0152,0.01508,9.1,1.9512686729,2.5664113875,1.951,1.466,3.7641,3.27,2.0,0.0,0.537,0.0,0.0,0.0,0.0,0.0,-1.0,-9.999999999999999e-31,0.0,0.7271,0.2584,0.002573,0.0007037,0.006393,-1.0,0.01454,1.105,0.981,1.302,0.492
0.0152,0.01508,9.1,1.9516123533,2.566426846,1.951,1.437,3.7556,3.266,2.0,0.0,0.537,0.0,0.0,0.0,0.0,0.0,-1.0,-9.999999999999999e-31,0.0,0.7229,0.2624,0.002605,0.0007122,0.00647,-1.0,0.01474,1.178,1.063,1.403,0.555
0.0152,0.01508,9.1,1.951928854,2.5664410764,1.952,1.405,3.7481,3.268,2.0,0.0,0.537,0.0,0.0,0.0,0.0,0.0,-1.0,-9.999999999999999e-31,0.0,0.7187,0.2664,0.002637,0.0007208,0.006547,-1.0,0.01491,1.258,1.152,1.508,0.626
0.0152,0.01508,9.1,1.9522072077,2.5664535873,1.952,1.375,3.7416,3.272,2.0,0.0,0.537,0.0,0.0,0.0,0.0,0.0,-1.0,-9.999999999999999e-31,0.0,0.7162,0.2688,0.002656,0.0007259,0.006592,-1.0,0.015,1.333,1.237,1.607,0.696
0.0152,0.01508,9.1,1.9525618553,2.5664695214,1.952,1.339,3.7335,3.276,2.0,0.0,0.537,0.0,0.0,0.0,0.0,0.0,-1.0,-9.999999999999999e-31,0.0,0.7142,0.2707,0.002671,0.0007299,0.006628,-1.0,0.01509,1.423,1.339,1.726,0.781
0.0152,0.01508,9.1,1.9529159069,2.566485422,1.953,1.314,3.7257,3.269,2.0,0.0,0.537,0.0,0.0,0.0,0.0,0.0,-1.0,-9.999999999999999e-31,0.0,0.7129,0.272,0.002681,0.0007324,0.00665,-1.0,0.01513,1.484,1.413,1.818,0.839
0.0152,0.01508,9.1,1.953004241,2.5664893881,1.953,1.31,3.7239,3.266,2.0,0.0,0.537,0.0,0.0,0.0,0.0,0.0,-1.0,-9.999999999999999e-31,0.0,0.7126,0.2722,0.002683,0.0007329,0.006655,-1.0,0.01513,1.496,1.429,1.838,0.85
0.0152,0.01508,9.1,1.95324862,2.5665003583,1.953,1.312,3.7193,3.245,3.0,0.0,0.537,0.0,0.0,0.0,0.0,0.0,-1.0,-9.999999999999999e-31,0.0,0.712,0.2729,0.002686,0.0007341,0.006663,-1.0,0.01514,1.489,1.431,1.849,0.842
0.0152,0.01508,9.1,1.9537367821,2.5665222625,1.953,1.337,3.7113,3.189,3.0,0.0,0.533,0.0,0.0,0.0,0.0,0.0,-1.0,-9.999999999999999e-31,0.0,0.7107,0.2741,0.002669,0.0007465,0.006677,-1.0,0.01517,1.428,1.386,1.824,0.781
0.0152,0.01508,9.1,1.9541431665,2.5665404876,1.954,1.376,3.706,3.129,3.0,0.0,0.507,0.0,0.0,0.0,0.0,0.0,-1.0,-9.999999999999999e-31,0.0,0.7094,0.2754,0.002543,0.0008538,0.006684,-1.0,0.01519,1.331,1.302,1.752,0.685
0.0152,0.01508,9.1,1.9544682503,2.5665550604,1.954,1.413,3.7024,3.078,3.0,0.0,0.462,0.0,0.0,0.0,0.0,0.0,-1.0,-9.999999999999999e-31,0.0,0.7081,0.2766,0.00232,0.001113,0.006689,-1.0,0.01528,1.238,1.218,1.677,0.593
0.0152,0.01508,9.1,1.9547891617,2.5665694407,1.954,1.452,3.6992,3.026,3.0,0.0,0.426,0.0,0.0,0.0,0.0,0.0,-1.0,-9.999999999999999e-31,0.0,0.7068,0.2779,0.002141,0.001332,0.006692,-1.0,0.01531,1.141,1.129,1.595,0.496
0.0152,0.01508,9.1,1.9550976753,2.5665832603,1.955,1.491,3.6963,2.975,3.0,0.0,0.403,0.0,0.0,0.0,0.0,0.0,-1.0,-9.999999999999999e-31,0.0,0.7055,0.2791,0.002022,0.00148,0.006695,-1.0,0.01536,1.042,1.038,1.512,0.399
0.0152,0.01508,9.1,1.9553980827,2.5665967119,1.955,1.53,3.6935,2.925,3.0,0.0,0.387,0.0,0.0,0.0,0.0,0.0,-1.0,-9.999999999999999e-31,0.0,0.7043,0.2803,0.001947,0.001577,0.006699,-1.0,0.01538,0.944,0.947,1.428,0.302
0.0152,0.01508,9.1,1.9556901455,2.5666097854,1.955,1.57,3.6909,2.875,3.0,0.0,0.377,0.0,0.0,0.0,0.0,0.0,-1.0,-9.999999999999999e-31,0.0,0.7031,0.2815,0.001896,0.001647,0.006704,-1.0,0.01541,0.846,0.856,1.343,0.206
0.0152,0.01508,9.1,1.9559779167,2.5666226623,1.956,1.609,3.6883,2.826,3.0,0.0,0.371,0.0,0.0,0.0,0.0,0.0,-1.0,-9.999999999999999e-31,0.0,0.7014,0.2832,0.001861,0.001718,0.006683,-1.0,0.01542,0.748,0.766,1.26,0.11
0.0152,0.01508,9.1,1.9562638998,2.566635455,1.956,1.647,3.6859,2.778,3.0,0.0,0.368,0.0,0.0,0.0,0.0,0.0,-1.0,-9.999999999999999e-31,0.0,0.6991,0.2855,0.001831,0.001801,0.006628,-1.0,0.01541,0.652,0.677,1.178,0.016
0.0152,0.01508,9.1,1.9563354254,2.5666386538,1.956,1.657,3.6853,2.766,3.0,0.0,0.368,0.0,0.0,0.0,0.0,0.0,-1.0,-9.999999999999999e-31,0.0,0.6985,0.2861,0.001825,0.001823,0.006612,-1.0,0.01541,0.628,0.655,1.157,-0.008
0.0152,0.01508,9.1,1.956628561,2.5666517608,1.956,1.696,3.6828,2.717,3.0,0.0,0.367,0.0,0.0,0.0,0.0,0.0,-1.0,-9.999999999999999e-31,0.0,0.6954,0.2891,0.001801,0.001908,0.006548,-1.0,0.01546,0.53,0.565,1.073,-0.104
0.0152,0.01508,9.1,1.9567750692,2.56665831,1.956,1.716,3.6816,2.692,3.0,0.0,0.366,0.0,0.0,0.0,0.0,0.0,-1.0,-9.999999999999999e-31,0.0,0.694,0.2906,0.001792,0.001946,0.006518,-1.0,0.01541,0.48,0.519,1.03,-0.152
0.0152,0.01508,9.1,1.9569238424,2.5666649592,1.957,1.736,3.6804,2.667,3.0,0.0,0.366,0.0,0.0,0.0,0.0,0.0,-1.0,-9.999999999999999e-31,0.0,0.6925,0.2921,0.001783,0.00198,0.006492,-1.0,0.01539,0.43,0.473,0.987,-0.201
0.0152,0.01508,9.1,1.9572198391,2.566678185,1.957,1.776,3.6778,2.616,3.0,0.0,0.366,0.0,0.0,0.0,0.0,0.0,-1.0,-9.999999999999999e-31,0.0,0.69,0.2946,0.001768,0.002038,0.006446,-1.0,0.0154,0.329,0.38,0.901,-0.299
0.0152,0.01508,9.1,1.9575134516,2.5666912997,1.957,1.817,3.6753,2.566,3.0,0.0,0.365,0.0,0.0,0.0,0.0,0.0,-1.0,-9.999999999999999e-31,0.0,0.6877,0.2969,0.001757,0.002085,0.006408,-1.0,0.01537,0.227,0.288,0.816,-0.397
0.0152,0.01508,9.1,1.9578018188,2.5667041757,1.957,1.858,3.6726,2.514,3.0,0.0,0.365,0.0,0.0,0.0,0.0,0.0,-1.0,-9.999999999999999e-31,0.0,0.6859,0.2987,0.001748,0.002121,0.006379,-1.0,0.01538,0.125,0.195,0.73,-0.496
0.0152,0.01508,9.1,1.9580852985,2.5667168292,1.958,1.899,3.6699,2.463,3.0,0.0,0.365,0.0,0.0,0.0,0.0,0.0,-1.0,-9.999999999999999e-31,0.0,0.6844,0.3002,0.001741,0.00215,0.006357,-1.0,0.01538,0.024,0.102,0.646,-0.595
0.0152,0.01508,9.1,1.9583619833,2.5667291754,1.958,1.939,3.6672,2.412,3.0,0.0,0.365,0.0,0.0,0.0,0.0,0.0,-1.0,-9.999999999999999e-31,0.0,0.6833,0.3014,0.001736,0.002171,0.006339,-1.0,0.01538,-0.077,0.012,0.564,-0.693
0.0152,0.01508,9.1,1.9586734772,2.56674307,1.958,1.985,3.664,2.353,3.0,0.0,0.365,0.0,0.0,0.0,0.0,0.0,-1.0,-9.999999999999999e-31,0.0,0.6822,0.3024,0.001731,0.002191,0.006323,-1.0,0.01538,-0.192,-0.091,0.471,-0.804
0.0152,0.01508,9.1,1.9589424133,2.5667550621,1.959,2.026,3.6612,2.301,3.0,0.0,0.365,0.0,0.0,0.0,0.0,0.0,-1.0,-9.999999999999999e-31,0.0,0.6816,0.303,0.001728,0.002201,0.006315,-1.0,0.01537,-0.294,-0.183,0.389,-0.903
0.0152,0.01508,9.1,1.9592189789,2.5667673905,1.959,2.068,3.6581,2.246,3.0,0.0,0.365,0.0,0.0,0.0,0.0,0.0,-1.0,-9.999999999999999e-31,0.0,0.6812,0.3034,0.001727,0.002208,0.006309,-1.0,0.01537,-0.401,-0.277,0.305,-1.005
0.0152,0.01508,9.1,1.9594938755,2.5667796406,1.959,2.111,3.655,2.191,3.0,0.0,0.365,0.0,0.0,0.0,0.0,0.0,-1.0,-9.999999999999999e-31,0.0,0.681,0.3036,0.001726,0.002212,0.006307,-1.0,0.01538,-0.509,-0.372,0.221,-1.108
0.0152,0.01508,9.1,1.9597959518,2.5667930973,1.959,2.16,3.6515,2.128,3.0,0.0,0.365,0.0,0.0,0.0,0.0,0.0,-1.0,-9.999999999999999e-31,0.0,0.681,0.3036,0.001726,0.002213,0.006306,-1.0,0.01537,-0.629,-0.478,0.127,-1.223
0.0152,0.01508,9.1,1.9600803852,2.5668057637,1.96,2.205,3.6481,2.07,3.0,0.0,0.365,0.0,0.0,0.0,0.0,0.0,-1.0,-9.999999999999999e-31,0.0,0.681,0.3037,0.001726,0.002213,0.006306,-1.0,0.01537,-0.743,-0.576,0.041,-1.331
0.0152,0.01508,9.1,1.9603748322,2.5668188716,1.96,2.25,3.6448,2.011,3.0,0.0,0.365,0.0,0.0,0.0,0.0,0.0,-1.0,-9.999999999999999e-31,0.0,0.681,0.3037,0.001725,0.002213,0.006306,-1.0,0.01537,-0.856,-0.674,-0.044,-1.437
0.0152,0.01508,9.1,1.9607036114,2.5668335024,1.96,2.296,3.6414,1.952,3.0,0.0,0.365,0.0,0.0,0.0,0.0,0.0,-1.0,-9.999999999999999e-31,0.0,0.681,0.3037,0.001725,0.002214,0.006305,-1.0,0.01537,-0.97,-0.772,-0.131,-1.544
0.0152,0.01508,9.1,1.9612158537,2.5668562863,1.961,2.341,3.638,1.894,3.0,0.0,0.365,0.0,0.0,0.0,0.0,0.0,-1.0,-9.999999999999999e-31,0.0,0.681,0.3037,0.001725,0.002214,0.006305,-1.0,0.01537,-1.082,-0.868,-0.214,-1.647
0.0152,0.01508,9.1,1.9612463713,2.5668576432,1.961,2.343,3.6378,1.891,3.0,0.0,0.365,0.0,0.0,0.0,0.0,0.0,-1.0,-9.999999999999999e-31,0.0,0.681,0.3037,0.001725,0.002214,0.006305,-1.0,0.01537,-1.087,-0.872,-0.218,-1.652
0.0152,0.01508,9.1,1.9614804983,2.566868052,1.961,2.322,3.6394,1.918,4.0,0.0,0.365,0.0,0.0,0.0,0.0,0.0,-1.0,-9.999999999999999e-31,0.0,0.681,0.3037,0.001725,0.002214,0.006305,-1.0,0.01537,-1.036,-0.829,-0.181,-1.605
0.0152,0.01508,9.1,1.9615120888,2.5668694562,1.961,2.302,3.641,1.945,4.0,0.0,0.365,0.0,0.0,0.0,0.0,0.0,-1.0,-9.999999999999999e-31,0.0,0.681,0.3037,0.001725,0.002214,0.006305,-1.0,0.01537,-0.985,-0.786,-0.143,-1.558
0.0152,0.01508,9.1,1.9615199566,2.5668698059,1.961,2.297,3.6414,1.951,4.0,0.0,0.365,0.0,0.0,0.0,0.0,0.0,-1.0,-9.999999999999999e-31,0.0,0.681,0.3037,0.001725,0.002214,0.006305,-1.0,0.01537,-0.972,-0.775,-0.133,-1.546
0.0152,0.01508,9.1,1.9615248442,2.5668700232,1.961,2.294,3.6417,1.956,4.0,0.0,0.365,0.0,0.0,0.0,0.0,0.0,-1.0,-9.999999999999999e-31,0.0,0.681,0.3037,0.001725,0.002214,0.006305,-1.0,0.01537,-0.964,-0.768,-0.127,-1.538
0.0152,0.01508,9.1,1.9615292549,2.5668702192,1.961,2.291,3.6419,1.959,4.0,0.0,0.365,0.0,0.0,0.0,0.0,0.0,-1.0,-9.999999999999999e-31,0.0,0.681,0.3037,0.001725,0.002214,0.006305,-1.0,0.01537,-0.957,-0.762,-0.121,-1.532
0.0152,0.01508,9.1,1.9615339041,2.5668704259,1.961,2.288,3.6421,1.963,4.0,0.0,0.365,0.0,0.0,0.0,0.0,0.0,-1.0,-9.999999999999999e-31,0.0,0.681,0.3037,0.001725,0.002214,0.006305,-1.0,0.01537,-0.949,-0.755,-0.116,-1.525
0.0152,0.01508,9.1,1.9615391493,2.566870659,1.961,2.284,3.6424,1.968,4.0,0.0,0.365,0.0,0.0,0.0,0.0,0.0,-1.0,-9.999999999999999e-31,0.0,0.681,0.3037,0.001725,0.002214,0.006305,-1.0,0.01537,-0.94,-0.748,-0.109,-1.516
0.0152,0.01508,9.1,1.9615471363,2.566871014,1.961,2.279,3.6428,1.975,4.0,0.0,0.365,0.0,0.0,0.0,0.0,0.0,-1.0,-9.999999999999999e-31,0.0,0.681,0.3037,0.001725,0.002214,0.006305,-1.0,0.01537,-0.927,-0.736,-0.099,-1.504
0.0152,0.01508,9.1,1.9615572691,2.5668714644,1.961,2.272,3.6433,1.983,4.0,0.0,0.365,0.0,0.0,0.0,0.0,0.0,-1.0,-9.999999999999999e-31,0.0,0.681,0.3037,0.001725,0.002214,0.006305,-1.0,0.01537,-0.91,-0.722,-0.086,-1.488
0.0152,0.01508,9.1,1.9615710974,2.566872079,1.961,2.263,3.6439,1.995,4.0,0.0,0.365,0.0,0.0,0.0,0.0,0.0,-1.0,-9.999999999999999e-31,0.0,0.681,0.3037,0.001725,0.002214,0.006305,-1.0,0.01537,-0.887,-0.702,-0.068,-1.467
0.0152,0.01508,9.1,1.9615906477,2.566872948,1.961,2.25,3.6449,2.012,4.0,0.0,0.365,0.0,0.0,0.0,0.0,0.0,-1.0,-9.999999999999999e-31,0.0,0.681,0.3037,0.001725,0.002214,0.006305,-1.0,0.01537,-0.854,-0.673,-0.044,-1.436
0.0152,0.01508,9.1,1.961618185,2.5668741719,1.961,2.238,3.6458,2.028,4.0,0.0,0.365,0.0,0.0,0.0,0.0,0.0,-1.0,-9.999999999999999e-31,0.0,0.681,0.3037,0.001725,0.002214,0.006305,-1.0,0.01537,-0.824,-0.647,-0.021,-1.408
0.0152,0.01508,9.1,1.9616580009,2.5668759414,1.961,2.222,3.647,2.048,4.0,0.0,0.365,0.0,0.0,0.0,0.0,0.0,-1.0,-9.999999999999999e-31,0.0,0.681,0.3037,0.001725,0.002214,0.006305,-1.0,0.01537,-0.785,-0.613,0.009,-1.371
0.0152,0.01508,9.1,1.9617146254,2.5668784578,1.961,2.197,3.6488,2.08,4.0,0.0,0.365,0.0,0.0,0.0,0.0,0.0,-1.0,-9.999999999999999e-31,0.0,0.681,0.3037,0.001725,0.002214,0.006305,-1.0,0.01537,-0.723,-0.56,0.055,-1.313
0.0152,0.01508,9.1,1.9617931843,2.5668819488,1.962,2.157,3.6518,2.133,4.0,0.0,0.365,0.0,0.0,0.0,0.0,0.0,-1.0,-9.999999999999999e-31,0.0,0.681,0.3037,0.001725,0.002214,0.006305,-1.0,0.01537,-0.623,-0.473,0.131,-1.217
0.0152,0.01508,9.1,1.9619122744,2.5668872402,1.962,2.087,3.657,2.223,4.0,0.0,0.365,0.0,0.0,0.0,0.0,0.0,-1.0,-9.999999999999999e-31,0.0,0.681,0.3037,0.001725,0.002214,0.006305,-1.0,0.01537,-0.448,-0.32,0.267,-1.05
0.0152,0.01508,9.1,1.9624922276,2.5669129982,1.962,1.718,3.6833,2.698,4.0,0.0,0.365,0.0,0.0,0.0,0.0,0.0,-1.0,-9.999999999999999e-31,0.0,0.681,0.3037,0.001725,0.002215,0.006305,-1.0,0.01537,0.475,0.508,1.015,-0.159
0.0152,0.01508,9.1,1.962900281,2.566931111,1.963,1.624,3.6901,2.819,4.0,0.0,0.365,0.0,0.0,0.0,0.0,0.0,-1.0,-9.999999999999999e-31,0.0,0.6809,0.3037,0.001725,0.002215,0.006304,-1.0,0.01537,0.71,0.723,1.212,0.071
0.0152,0.01508,9.1,1.9635432959,2.5669596357,1.963,1.555,3.695,2.908,4.0,0.0,0.365,0.0,0.0,0.0,0.0,0.0,-1.0,-9.999999999999999e-31,0.0,0.6809,0.3037,0.001725,0.002215,0.006304,-1.0,0.01537,0.882,0.881,1.358,0.24
0.0152,0.01508,9.1,1.9638510942,2.5669732823,1.964,1.537,3.6964,2.931,4.0,0.0,0.365,0.0,0.0,0.0,0.0,0.0,-1.0,-9.999999999999999e-31,0.0,0.6809,0.3037,0.001725,0.002215,0.006304,-1.0,0.01537,0.927,0.923,1.396,0.284
0.0152,0.01508,9.1,1.9644742012,2.5670008934,1.964,1.549,3.6956,2.917,4.0,0.0,0.365,0.0,0.0,0.0,0.0,0.0,-1.0,-9.999999999999999e-31,0.0,0.6809,0.3037,0.001725,0.002216,0.006304,-1.0,0.01537,0.898,0.896,1.371,0.256
0.0152,0.01508,9.1,1.9904466867,2.5681341258,1.991,1.568,3.6973,2.91,5.0,0.0,0.365,0.0,0.0,0.0,0.0,0.0,-1.0,-9.999999999999999e-31,0.0,0.6807,0.304,0.001722,0.002231,0.006293,-1.0,0.01537,0.85,0.844,1.315,0.207
0.0152,0.01508,9.1,2.0,2.5685424513,2.0,1.579,3.6977,2.903,5.0,0.0,0.365,0.0,0.0,0.0,0.0,0.0,-1.0,-9.999999999999999e-31,0.0,0.6806,0.3041,0.001721,0.002236,0.006289,-1.0,0.01537,0.822,0.814,1.284,0.178
0.0152,0.01508,9.1,2.0157065392,2.5692041116,2.016,1.601,3.6982,2.886,5.0,0.0,0.365,0.0,0.0,0.0,0.0,0.0,-1.0,-9.999999999999999e-31,0.0,0.6803,0.3043,0.001719,0.002248,0.006277,-1.0,0.01538,0.768,0.758,1.227,0.124
0.0152,0.01508,9.1,2.0443565845,2.5703809749,2.044,1.649,3.6985,2.846,5.0,0.0,0.365,0.0,0.0,0.0,0.0,0.0,-1.0,-9.999999999999999e-31,0.0,0.6798,0.3048,0.001715,0.00227,0.006256,-1.0,0.01541,0.648,0.637,1.105,0.004
0.0152,0.01508,9.1,2.0499999523,2.5706083333,2.05,1.66,3.6985,2.836,5.0,0.0,0.366,0.0,0.0,0.0,0.0,0.0,-1.0,-9.999999999999999e-31,0.0,0.6797,0.3048,0.001715,0.002274,0.006252,-1.0,0.01541,0.621,0.611,1.079,-0.023
0.0152,0.01508,9.1,2.0645854473,2.5711893342,2.064,1.688,3.6982,2.809,5.0,0.0,0.366,0.0,0.0,0.0,0.0,0.0,-1.0,-9.999999999999999e-31,0.0,0.6796,0.305,0.001713,0.002283,0.006244,-1.0,0.0154,0.55,0.54,1.009,-0.094
0.0152,0.01508,9.1,2.0860893726,2.5720289067,2.085,1.735,3.6968,2.761,5.0,0.0,0.366,0.0,0.0,0.0,0.0,0.0,-1.0,-9.999999999999999e-31,0.0,0.6793,0.3053,0.00171,0.002296,0.006232,-1.0,0.01538,0.432,0.427,0.899,-0.21
0.0152,0.01508,9.1,2.0999999046,2.5725614918,2.099,1.771,3.695,2.721,5.0,0.0,0.366,0.0,0.0,0.0,0.0,0.0,-1.0,-9.999999999999999e-31,0.0,0.6791,0.3055,0.001709,0.002305,0.006224,-1.0,0.01537,0.343,0.343,0.819,-0.298
0.0152,0.01508,9.1,2.1014068127,2.572614906,2.1,1.774,3.6948,2.717,5.0,0.0,0.366,0.0,0.0,0.0,0.0,0.0,-1.0,-9.999999999999999e-31,0.0,0.6791,0.3055,0.001709,0.002305,0.006224,-1.0,0.01537,0.334,0.334,0.811,-0.307
0.0152,0.01508,9.1,2.1056466103,2.5727753764,2.105,1.788,3.694,2.702,6.0,0.0,0.366,0.0,0.0,0.0,0.0,0.0,-1.0,-9.999999999999999e-31,0.0,0.6791,0.3056,0.001709,0.002307,0.006222,-1.0,0.01537,0.301,0.303,0.782,-0.34
