Zini,MH,logAge,Mini,int_IMF,Mass,LogL,LogTe,logg,label,McoreTP,C_O,period0,period1,period2,period3,period4,pmode,Mloss,tau1m,X,Y,Xc,Xn,Xo,Cexcess,Z,mbolmag,Gmag,G_BPmag,G_RPmag
0.0152,0.01508,7.6,0.0900000036,1.0816895926,0.09,-2.471,3.4038,4.43,0.0,0.0,0.545,0.0,0.0,0.0,0.0,0.0,-1.0,-8.74e-16,0.0,0.7092,0.2755,0.002746,0.0007408,0.006719,-1.0,0.01527,10.947,12.991,15.684,11.523
0.0152,0.01508,7.6,0.0900000036,1.0816895926,0.09,-2.471,3.4038,4.43,0.0,0.0,0.545,0.0,0.0,0.0,0.0,0.0,-1.0,-8.74e-16,0.0,0.7092,0.2755,0.002746,0.0007408,0.006719,-1.0,0.01527,10.947,12.991,15.684,11.523
0.0152,0.01508,7.6,0.0937449038,1.116623647,0.094,-2.443,3.4071,4.434,0.0,0.0,0.545,0.0,0.0,0.0,0.0,0.0,-1.0,-9.08e-16,0.0,0.7092,0.2755,0.002746,0.0007408,0.006719,-1.0,0.01527,10.879,12.923,15.617,11.455
0.0152,0.01508,7.6,0.1000000015,1.1711064122,0.1,-2.398,3.4124,4.437,0.0,0.0,0.545,0.0,0.0,0.0,0.0,0.0,-1.0,-9.73e-16,0.0,0.7092,0.2755,0.002746,0.0007408,0.006719,-1.0,0.01527,10.764,12.809,15.504,11.34
0.0152,0.01508,7.6,0.1077766791,1.2329678989,0.108,-2.347,3.4182,4.442,0.0,0.0,0.545,0.0,0.0,0.0,0.0,0.0,-1.0,-1.05e-15,0.0,0.7092,0.2755,0.002746,0.0007408,0.006719,-1.0,0.01527,10.638,12.659,15.327,11.196
0.0152,0.01508,7.6,0.1200000122,1.3193155232,0.12,-2.272,3.4269,4.448,0.0,0.0,0.545,0.0,0.0,0.0,0.0,0.0,-1.0,-1.17e-15,0.0,0.7092,0.2755,0.002746,0.0007408,0.006719,-1.0,0.01527,10.449,12.357,14.885,10.919
0.0152,0.01508,7.6,0.1400000006,1.4384526719,0.14,-2.166,3.4389,4.458,0.0,0.0,0.545,0.0,0.0,0.0,0.0,0.0,-1.0,-1.37e-15,0.0,0.7092,0.2755,0.002746,0.0007408,0.006719,-1.0,0.01527,10.186,11.931,14.27,10.531
0.0152,0.01508,7.6,0.1599999964,1.5372931554,0.16,-2.077,3.4489,4.467,0.0,0.0,0.545,0.0,0.0,0.0,0.0,0.0,-1.0,-1.56e-15,0.0,0.7092,0.2755,0.002746,0.0007408,0.006719,-1.0,0.01527,9.963,11.583,13.776,10.213
0.0152,0.01508,7.6,0.2164408565,1.7468504696,0.216,-1.879,3.4701,4.485,0.0,0.0,0.545,0.0,0.0,0.0,0.0,0.0,-1.0,-2.07e-15,0.0,0.7092,0.2755,0.002746,0.0007408,0.006719,-1.0,0.01527,9.468,10.838,12.734,9.536
0.0152,0.01508,7.6,0.2448002398,1.8269460784,0.245,-1.799,3.4783,4.492,0.0,0.0,0.545,0.0,0.0,0.0,0.0,0.0,-1.0,-2.31e-15,0.0,0.7092,0.2755,0.002746,0.0007408,0.006719,-1.0,0.01527,9.269,10.551,12.342,9.274
0.0152,0.01508,7.6,0.2688146532,1.8858732252,0.269,-1.74,3.4844,4.497,0.0,0.0,0.545,0.0,0.0,0.0,0.0,0.0,-1.0,-2.51e-15,0.0,0.7092,0.2755,0.002746,0.0007408,0.006719,-1.0,0.01527,9.121,10.337,12.05,9.081
0.0152,0.01508,7.6,0.2785074711,1.9077508797,0.278,-1.718,3.4867,4.5,0.0,0.0,0.545,0.0,0.0,0.0,0.0,0.0,-1.0,-2.58e-15,0.0,0.7092,0.2755,0.002746,0.0007408,0.006719,-1.0,0.01527,9.066,10.256,11.94,9.009
0.0152,0.01508,7.6,0.2899281383,1.9322918607,0.29,-1.691,3.4893,4.501,0.0,0.0,0.545,0.0,0.0,0.0,0.0,0.0,-1.0,-2.7e-15,0.0,0.7092,0.2755,0.002746,0.0007408,0.006719,-1.0,0.01527,8.998,10.16,11.81,8.922
0.0152,0.01508,7.6,0.3000000119,1.9529139769,0.3,-1.669,3.4916,4.502,0.0,0.0,0.545,0.0,0.0,0.0,0.0,0.0,-1.0,-2.79e-15,0.0,0.7092,0.2755,0.002746,0.0007408,0.006719,-1.0,0.01527,8.942,10.083,11.709,8.852
0.0152,0.01508,7.6,0.3114700019,1.9753295689,0.311,-1.645,3.4939,4.504,0.0,0.0,0.545,0.0,0.0,0.0,0.0,0.0,-1.0,-2.89e-15,0.0,0.7092,0.2755,0.002746,0.0007408,0.006719,-1.0,0.01527,8.883,10.005,11.608,8.78
0.0152,0.01508,7.6,0.3500000238,2.0434175133,0.35,-1.571,3.5011,4.51,0.0,0.0,0.545,0.0,0.0,0.0,0.0,0.0,-1.0,-3.21e-15,0.0,0.7092,0.2755,0.002746,0.0007408,0.006719,-1.0,0.01527,8.698,9.76,11.297,8.555
0.0152,0.01508,7.6,0.3761132956,2.0842526827,0.376,-1.524,3.5059,4.513,0.0,0.0,0.545,0.0,0.0,0.0,0.0,0.0,-1.0,-3.44e-15,0.0,0.7092,0.2755,0.002746,0.0007408,0.006719,-1.0,0.01527,8.58,9.605,11.101,8.413
0.0152,0.01508,7.6,0.4000000358,2.118502481,0.4,-1.484,3.5099,4.515,0.0,0.0,0.545,0.0,0.0,0.0,0.0,0.0,-1.0,-3.65e-15,0.0,0.7092,0.2755,0.002746,0.0007408,0.006719,-1.0,0.01527,8.479,9.472,10.934,8.292
0.0152,0.01508,7.6,0.4500000477,2.1822809714,0.45,-1.399,3.5187,4.517,0.0,0.0,0.545,0.0,0.0,0.0,0.0,0.0,-1.0,-4.17e-15,0.0,0.7092,0.2755,0.002746,0.0007408,0.006719,-1.0,0.01527,8.267,9.196,10.586,8.04
0.0152,0.01508,7.6,0.4758836329,2.2117841625,0.476,-1.357,3.5236,4.519,0.0,0.0,0.545,0.0,0.0,0.0,0.0,0.0,-1.0,-4.47e-15,0.0,0.7092,0.2755,0.002746,0.0007408,0.006719,-1.0,0.01527,8.161,9.055,10.406,7.913
0.0152,0.01508,7.6,0.5,2.2374541529,0.5,-1.319,3.5277,4.519,0.0,0.0,0.545,0.0,0.0,0.0,0.0,0.0,-1.0,-4.75e-15,0.0,0.7092,0.2755,0.002746,0.0007408,0.006719,-1.0,0.01527,8.068,8.933,10.254,7.802
0.0152,0.01508,7.6,0.5131699443,2.2506308388,0.513,-1.299,3.5303,4.52,0.0,0.0,0.545,0.0,0.0,0.0,0.0,0.0,-1.0,-4.9e-15,0.0,0.7092,0.2755,0.002746,0.0007408,0.006719,-1.0,0.01527,8.017,8.864,10.166,7.741
0.0152,0.01508,7.6,0.5485318303,2.2824389639,0.548,-1.237,3.5372,4.515,0.0,0.0,0.545,0.0,0.0,0.0,0.0,0.0,-1.0,-5.5e-15,0.0,0.7092,0.2755,0.002746,0.0007408,0.006719,-1.0,0.01527,7.863,8.665,9.919,7.56
0.0152,0.01508,7.6,0.5500000119,2.2836582633,0.55,-1.234,3.5375,4.514,0.0,0.0,0.545,0.0,0.0,0.0,0.0,0.0,-1.0,-5.53e-15,0.0,0.7092,0.2755,0.002746,0.0007408,0.006719,-1.0,0.01527,7.856,8.657,9.908,7.553
0.0152,0.01508,7.6,0.5696494579,2.2992836029,0.569,-1.201,3.542,4.514,0.0,0.0,0.545,0.0,0.0,0.0,0.0,0.0,-1.0,-5.87e-15,0.0,0.7092,0.2755,0.002746,0.0007408,0.006719,-1.0,0.01527,7.772,8.543,9.764,7.452
0.0152,0.01508,7.6,0.6000000238,2.3211213258,0.6,-1.138,3.5499,4.506,0.0,0.0,0.545,0.0,0.0,0.0,0.0,0.0,-1.0,-6.65e-15,0.0,0.7092,0.2755,0.002746,0.0007408,0.006719,-1.0,0.01527,7.616,8.337,9.504,7.268
0.0152,0.01508,7.6,0.6203368306,2.3343870416,0.62,-1.1,3.5561,4.507,0.0,0.0,0.545,0.0,0.0,0.0,0.0,0.0,-1.0,-7.13e-15,0.0,0.7092,0.2755,0.002746,0.0007408,0.006719,-1.0,0.01527,7.521,8.201,9.327,7.15
0.0152,0.01508,7.6,0.6365613341,2.3442741993,0.636,-1.066,3.5616,4.507,0.0,0.0,0.545,0.0,0.0,0.0,0.0,0.0,-1.0,-7.57e-15,0.0,0.7092,0.2755,0.002746,0.0007408,0.006719,-1.0,0.01527,7.436,8.081,9.172,7.047
0.0152,0.01508,7.6,0.6499999762,2.3520353107,0.65,-1.032,3.5671,4.503,0.0,0.0,0.545,0.0,0.0,0.0,0.0,0.0,-1.0,-8.13e-15,0.0,0.7092,0.2755,0.002746,0.0007408,0.006718,-1.0,0.01527,7.35,7.959,9.016,6.942
0.0152,0.01508,7.6,0.6591263413,2.357098984,0.659,-1.008,3.5713,4.502,0.0,0.0,0.545,0.0,0.0,0.0,0.0,0.0,-1.0,-8.53e-15,0.0,0.7092,0.2755,0.002746,0.0007408,0.006718,-1.0,0.01527,7.291,7.873,8.904,6.869
0.0152,0.01508,7.6,0.6935681701,2.3748360514,0.694,-0.907,3.5904,4.5,0.0,0.0,0.545,0.0,0.0,0.0,0.0,0.0,-1.0,-1.05e-14,0.0,0.7092,0.2755,0.002746,0.0007408,0.006718,-1.0,0.01527,7.039,7.512,8.438,6.563
0.0152,0.01508,7.6,0.7000000477,2.3779267258,0.7,-0.886,3.5946,4.5,0.0,0.0,0.545,0.0,0.0,0.0,0.0,0.0,-1.0,-1.1e-14,0.0,0.7092,0.2755,0.002746,0.0007408,0.006718,-1.0,0.01527,6.985,7.437,8.343,6.499
0.0152,0.01508,7.6,0.7173976302,2.3859682698,0.717,-0.809,3.6184,4.528,0.0,0.0,0.542,0.0,0.0,0.0,0.0,0.0,-1.0,-1.25e-14,0.0,0.7092,0.2755,0.002733,0.0007404,0.006719,-1.0,0.01527,6.792,7.123,7.919,6.25
0.0152,0.01508,7.6,0.7343642712,2.3933900863,0.734,-0.734,3.6405,4.551,0.0,0.0,0.54,0.0,0.0,0.0,0.0,0.0,-1.0,-1.43e-14,0.0,0.7092,0.2755,0.00272,0.0007401,0.006719,-1.0,0.01527,6.604,6.821,7.514,6.015
0.0152,0.01508,7.6,0.7477218509,2.3989614588,0.748,-0.674,3.657,4.566,0.0,0.0,0.538,0.0,0.0,0.0,0.0,0.0,-1.0,-1.6e-14,0.0,0.7092,0.2755,0.002711,0.0007399,0.006719,-1.0,0.01527,6.455,6.591,7.215,5.833
0.0152,0.01508,7.6,0.75,2.3998889087,0.75,-0.664,3.6597,4.568,0.0,0.0,0.538,0.0,0.0,0.0,0.0,0.0,-1.0,-1.63e-14,0.0,0.7092,0.2755,0.002709,0.0007398,0.006719,-1.0,0.01527,6.43,6.553,7.166,5.802
0.0152,0.01508,7.6,0.768787384,2.4072969951,0.769,-0.599,3.6709,4.558,0.0,0.0,0.538,0.0,0.0,0.0,0.0,0.0,-1.0,-1.89e-14,0.0,0.7092,0.2755,0.002709,0.0007398,0.006719,-1.0,0.01527,6.266,6.343,6.916,5.624
0.0152,0.01508,7.6,0.7930095196,2.4162549077,0.793,-0.514,3.6862,4.548,0.0,0.0,0.538,0.0,0.0,0.0,0.0,0.0,-1.0,-2.3e-14,0.0,0.7092,0.2755,0.002709,0.0007398,0.006719,-1.0,0.01527,6.054,6.076,6.598,5.397
0.0152,0.01508,7.6,0.8000000119,2.4187244405,0.8,-0.489,3.6907,4.545,0.0,0.0,0.538,0.0,0.0,0.0,0.0,0.0,-1.0,-2.42e-14,0.0,0.7092,0.2755,0.002709,0.0007398,0.006719,-1.0,0.01527,5.993,6.001,6.51,5.333
0.0152,0.01508,7.6,0.8220670223,2.426204166,0.822,-0.415,3.7047,4.539,0.0,0.0,0.538,0.0,0.0,0.0,0.0,0.0,-1.0,-2.86e-14,0.0,0.7092,0.2755,0.002709,0.0007398,0.006719,-1.0,0.01527,5.808,5.778,6.247,5.144
0.0152,0.01508,7.6,0.8308233023,2.4290458284,0.83,-0.387,3.7102,4.537,0.0,0.0,0.538,0.0,0.0,0.0,0.0,0.0,-1.0,-3.05e-14,0.0,0.7092,0.2755,0.002709,0.0007398,0.006719,-1.0,0.01527,5.737,5.692,6.148,5.071
0.0152,0.01508,7.6,0.8500000238,2.435034684,0.85,-0.342,3.7188,4.537,0.0,0.0,0.538,0.0,0.0,0.0,0.0,0.0,-1.0,-3.34e-14,0.0,0.7092,0.2755,0.002709,0.0007398,0.006719,-1.0,0.01526,5.626,5.562,5.996,4.962
0.0152,0.01508,7.6,0.896081686,2.448228218,0.895,-0.257,3.7367,4.546,0.0,0.0,0.538,0.0,0.0,0.0,0.0,0.0,-1.0,-3.95e-14,0.0,0.7092,0.2755,0.002709,0.0007397,0.006718,-1.0,0.01527,5.413,5.317,5.711,4.755
0.0152,0.01508,7.6,0.9000000358,2.4492786175,0.899,-0.252,3.7377,4.547,0.0,0.0,0.538,0.0,0.0,0.0,0.0,0.0,-1.0,-3.98e-14,0.0,0.7092,0.2755,0.002709,0.0007397,0.006718,-1.0,0.01527,5.401,5.304,5.694,4.744
0.0152,0.01508,7.6,0.9221653938,2.4550277566,0.922,-0.227,3.7432,4.555,0.0,0.0,0.538,0.0,0.0,0.0,0.0,0.0,-1.0,-4.14e-14,0.0,0.7092,0.2755,0.002709,0.0007397,0.006718,-1.0,0.01527,5.338,5.233,5.611,4.686
0.0152,0.01508,7.6,0.9500000477,2.4618122009,0.95,-0.191,3.7493,4.556,0.0,0.0,0.538,0.0,0.0,0.0,0.0,0.0,-1.0,-4.42e-14,0.0,0.7093,0.2755,0.002709,0.0007396,0.006718,-1.0,0.01527,5.248,5.136,5.5,4.604
0.0152,0.01508,7.6,0.9730578065,2.4670955875,0.973,-0.165,3.7535,4.557,0.0,0.0,0.538,0.0,0.0,0.0,0.0,0.0,-1.0,-4.64e-14,0.0,0.7093,0.2754,0.002709,0.0007396,0.006718,-1.0,0.01527,5.182,5.067,5.421,4.544
0.0152,0.01508,7.6,1.0,2.4729154477,1.0,-0.124,3.7589,4.549,0.0,0.0,0.538,0.0,0.0,0.0,0.0,0.0,-1.0,-5.06e-14,0.0,0.7093,0.2754,0.002709,0.0007396,0.006718,-1.0,0.01527,5.079,4.96,5.302,4.449
0.0152,0.01508,7.6,1.025064826,2.4780150703,1.025,-0.085,3.7635,4.54,0.0,0.0,0.538,0.0,0.0,0.0,0.0,0.0,-1.0,-5.31e-14,0.0,0.7093,0.2754,0.002708,0.0007395,0.006717,-1.0,0.01527,4.982,4.861,5.192,4.361
0.0152,0.01508,7.6,1.0499999523,2.482811486,1.05,-0.037,3.7692,4.525,0.0,0.0,0.538,0.0,0.0,0.0,0.0,0.0,-1.0,-5.74e-14,0.0,0.7093,0.2754,0.002708,0.0007395,0.006717,-1.0,0.01527,4.863,4.738,5.056,4.252
0.0152,0.01508,7.6,1.1000000238,2.491680148,1.099,0.059,3.7798,4.492,0.0,0.0,0.538,0.0,0.0,0.0,0.0,0.0,-1.0,-6.69e-14,0.0,0.7094,0.2753,0.002708,0.0007393,0.006715,-1.0,0.01527,4.624,4.495,4.79,4.036
0.0152,0.01508,7.6,1.1228783131,2.4954365699,1.122,0.103,3.7845,4.475,0.0,0.0,0.538,0.0,0.0,0.0,0.0,0.0,-1.0,-7.16e-14,0.0,0.7094,0.2753,0.002707,0.0007393,0.006714,-1.0,0.01527,4.514,4.385,4.67,3.937
0.0152,0.01508,7.6,1.1499999762,2.4996678137,1.149,0.153,3.7902,4.458,0.0,0.0,0.538,0.0,0.0,0.0,0.0,0.0,-1.0,-7.75e-14,0.0,0.7095,0.2753,0.002707,0.0007391,0.006713,-1.0,0.01524,4.386,4.258,4.53,3.823
0.0152,0.01508,7.6,1.2000000477,2.5068948796,1.2,0.248,3.801,4.425,0.0,0.0,0.538,0.0,0.0,0.0,0.0,0.0,-1.0,-8.88e-14,0.0,0.7095,0.2752,0.002707,0.000739,0.006712,-1.0,0.01527,4.149,4.022,4.273,3.613
0.0152,0.01508,7.6,1.25,2.5134610955,1.25,0.34,3.8115,4.393,0.0,0.0,0.538,0.0,0.0,0.0,0.0,0.0,-1.0,-1e-13,0.0,0.7096,0.2752,0.002707,0.000739,0.006712,-1.0,0.01527,3.919,3.795,4.025,3.412
0.0152,0.01508,7.6,1.267185092,2.5155807806,1.267,0.372,3.8155,4.383,0.0,0.0,0.538,0.0,0.0,0.0,0.0,0.0,-1.0,-1.04e-13,0.0,0.7096,0.2752,0.002707,0.000739,0.006712,-1.0,0.01527,3.841,3.717,3.94,3.344
0.0152,0.01508,7.6,1.2999999523,2.5194498592,1.3,0.425,3.8215,4.365,0.0,0.0,0.538,0.0,0.0,0.0,0.0,0.0,-1.0,-1.1e-13,0.0,0.7096,0.2751,0.002706,0.0007389,0.006712,-1.0,0.01527,3.708,3.585,3.798,3.226
0.0152,0.01508,7.6,1.3500001431,2.5249313723,1.35,0.502,3.831,4.342,0.0,0.0,0.538,0.0,0.0,0.0,0.0,0.0,-1.0,-1.16e-13,0.0,0.7096,0.2751,0.002706,0.0007389,0.006711,-1.0,0.01522,3.515,3.394,3.59,3.056
0.0152,0.01508,7.6,1.4000000954,2.5299650415,1.4,0.575,3.8407,4.324,0.0,0.0,0.538,0.0,0.0,0.0,0.0,0.0,-1.0,-1.18e-13,0.0,0.7097,0.2751,0.002706,0.0007389,0.006711,-1.0,0.0152,3.332,3.214,3.394,2.899
0.0152,0.01508,7.6,1.4500000477,2.5346015836,1.45,0.643,3.8515,4.315,0.0,0.0,0.538,0.0,0.0,0.0,0.0,0.0,-1.0,-1.14e-13,0.0,0.7097,0.2751,0.002706,0.0007388,0.006711,-1.0,0.01526,3.163,3.049,3.212,2.76
0.0152,0.01508,7.6,1.5,2.5388844597,1.5,0.708,3.8636,4.313,0.0,0.0,0.538,0.0,0.0,0.0,0.0,0.0,-1.0,-1.05e-13,0.0,0.7097,0.275,0.002705,0.0007388,0.00671,-1.0,0.01526,3.0,2.892,3.036,2.632
0.0152,0.01508,7.6,1.5499999523,2.5428511323,1.55,0.77,3.8769,4.318,0.0,0.0,0.538,0.0,0.0,0.0,0.0,0.0,-1.0,-8.88e-14,0.0,0.7097,0.275,0.002705,0.0007387,0.00671,-1.0,0.01526,2.845,2.744,2.869,2.517
0.0152,0.01508,7.6,1.6000000238,2.5465340628,1.6,0.831,3.8902,4.324,0.0,0.0,0.538,0.0,0.0,0.0,0.0,0.0,-1.0,-6.66e-14,0.0,0.7098,0.275,0.002705,0.0007386,0.006709,-1.0,0.01526,2.693,2.603,2.708,2.408
0.0152,0.01508,7.6,1.6500000954,2.5499614852,1.649,0.888,3.9027,4.33,0.0,0.0,0.538,0.0,0.0,0.0,0.0,0.0,-1.0,-3.72e-14,0.0,0.7098,0.2749,0.002705,0.0007386,0.006708,-1.0,0.01525,2.55,2.473,2.561,2.31
0.0152,0.01508,7.6,1.7000000477,2.5531580802,1.699,0.944,3.9146,4.335,0.0,0.0,0.538,0.0,0.0,0.0,0.0,0.0,-1.0,-9.999999999999999e-31,0.0,0.7098,0.2749,0.002705,0.0007385,0.006708,-1.0,0.01525,2.411,2.35,2.421,2.217
0.0152,0.01508,7.6,1.75,2.5561455243,1.749,0.997,3.926,4.339,0.0,0.0,0.538,0.0,0.0,0.0,0.0,0.0,-1.0,-9.999999999999999e-31,0.0,0.7098,0.2749,0.002704,0.0007385,0.006708,-1.0,0.01526,2.277,2.235,2.291,2.13
0.0152,0.01508,7.6,1.7999999523,2.5589429085,1.799,1.049,3.9367,4.343,0.0,0.0,0.538,0.0,0.0,0.0,0.0,0.0,-1.0,-9.999999999999999e-31,0.0,0.7099,0.2749,0.002704,0.0007384,0.006707,-1.0,0.01524,2.147,2.129,2.172,2.049
0.0152,0.01508,7.6,1.8500000238,2.5615671203,1.849,1.098,3.9467,4.346,0.0,0.0,0.538,0.0,0.0,0.0,0.0,0.0,-1.0,-9.999999999999999e-31,0.0,0.7099,0.2749,0.002704,0.0007384,0.006707,-1.0,0.01524,2.025,2.034,2.066,1.974
0.0152,0.01508,7.6,1.9000000954,2.5640331317,1.899,1.146,3.9562,4.348,0.0,0.0,0.538,0.0,0.0,0.0,0.0,0.0,-1.0,-9.999999999999999e-31,0.0,0.7099,0.2749,0.002704,0.0007384,0.006706,-1.0,0.01524,1.906,1.944,1.967,1.901
0.0152,0.01508,7.6,1.9500001669,2.5663542767,1.95,1.192,3.9655,4.35,0.0,0.0,0.538,0.0,0.0,0.0,0.0,0.0,-1.0,-9.999999999999999e-31,0.0,0.7099,0.2748,0.002704,0.0007383,0.006706,-1.0,0.01523,1.79,1.86,1.875,1.833
0.0152,0.01508,7.6,2.0,2.5685424513,2.0,1.237,3.9742,4.351,1.0,0.0,0.538,0.0,0.0,0.0,0.0,0.0,-1.0,-9.999999999999999e-31,0.0,0.7099,0.2748,0.002704,0.0007383,0.006706,-1.0,0.01527,1.678,1.782,1.79,1.767
0.0152,0.01508,7.6,2.0499999523,2.5706083333,2.05,1.28,3.9825,4.351,1.0,0.0,0.538,0.0,0.0,0.0,0.0,0.0,-1.0,-9.999999999999999e-31,0.0,0.71,0.2748,0.002704,0.0007382,0.006705,-1.0,0.01525,1.57,1.707,1.709,1.704
0.0152,0.01508,7.6,2.0999999046,2.5725614918,2.099,1.322,3.9904,4.351,1.0,0.0,0.538,0.0,0.0,0.0,0.0,0.0,-1.0,-9.999999999999999e-31,0.0,0.71,0.2748,0.002703,0.0007382,0.006705,-1.0,0.01522,1.464,1.635,1.632,1.642
0.0152,0.01508,7.6,2.1500000954,2.5744105556,2.149,1.364,3.9981,4.351,1.0,0.0,0.538,0.0,0.0,0.0,0.0,0.0,-1.0,-9.999999999999999e-31,0.0,0.71,0.2748,0.002703,0.0007382,0.006705,-1.0,0.01523,1.361,1.568,1.56,1.584
0.0152,0.01508,7.6,2.2000000477,2.5761632879,2.199,1.404,4.0054,4.35,1.0,0.0,0.538,0.0,0.0,0.0,0.0,0.0,-1.0,-9.999999999999999e-31,0.0,0.71,0.2747,0.002704,0.0007381,0.006705,-1.0,0.01527,1.261,1.501,1.489,1.525
0.0152,0.01508,7.6,2.25,2.5778267375,2.249,1.443,4.0126,4.35,1.0,0.0,0.538,0.0,0.0,0.0,0.0,0.0,-1.0,-9.999999999999999e-31,0.0,0.71,0.2748,0.002703,0.0007381,0.006704,-1.0,0.01526,1.163,1.437,1.422,1.468
0.0152,0.01508,7.6,2.2999999523,2.5794072884,2.299,1.481,4.0193,4.348,1.0,0.0,0.538,0.0,0.0,0.0,0.0,0.0,-1.0,-9.999999999999999e-31,0.0,0.71,0.2747,0.002703,0.0007381,0.006704,-1.0,0.01526,1.068,1.374,1.355,1.412
0.0152,0.01508,7.6,2.4000000954,2.5823423892,2.399,1.554,4.0321,4.345,1.0,0.0,0.538,0.0,0.0,0.0,0.0,0.0,-1.0,-9.999999999999999e-31,0.0,0.71,0.2747,0.002703,0.0007381,0.006704,-1.0,0.01523,0.886,1.254,1.229,1.302
0.0152,0.01508,7.6,2.4352092743,2.5833100622,2.434,1.579,4.0364,4.343,1.0,0.0,0.538,0.0,0.0,0.0,0.0,0.0,-1.0,-9.999999999999999e-31,0.0,0.7099,0.2749,0.002704,0.0007383,0.006706,-1.0,0.01523,0.823,1.213,1.186,1.265
0.0152,0.01508,7.6,2.5999999046,2.5874412955,2.6,1.691,4.0555,4.336,1.0,0.0,0.538,0.0,0.0,0.0,0.0,0.0,-1.0,-9.999999999999999e-31,0.0,0.7092,0.2755,0.00271,0.0007399,0.00672,-1.0,0.01527,0.542,1.028,0.993,1.094
0.0152,0.01508,7.6,2.8000001907,2.5917117867,2.8,1.819,4.0766,4.325,1.0,0.0,0.538,0.0,0.0,0.0,0.0,0.0,-1.0,-9.999999999999999e-31,0.0,0.7092,0.2755,0.00271,0.0007399,0.00672,-1.0,0.01527,0.223,0.817,0.775,0.897
0.0152,0.01508,7.6,3.0,2.5953341962,3.0,1.937,4.0956,4.313,1.0,0.0,0.538,0.0,0.0,0.0,0.0,0.0,-1.0,-9.999999999999999e-31,0.0,0.7092,0.2755,0.00271,0.0007399,0.00672,-1.0,0.01527,-0.072,0.622,0.574,0.714
0.0152,0.01508,7.6,3.1955983639,2.5983773248,3.195,2.045,4.1127,4.3,1.0,0.0,0.538,0.0,0.0,0.0,0.0,0.0,-1.0,-9.999999999999999e-31,0.0,0.7092,0.2755,0.00271,0.0007399,0.00672,-1.0,0.01527,-0.343,0.444,0.39,0.545
0.0152,0.01508,7.6,3.2000000477,2.5984409005,3.199,2.048,4.1131,4.3,1.0,0.0,0.538,0.0,0.0,0.0,0.0,0.0,-1.0,-9.999999999999999e-31,0.0,0.7092,0.2755,0.00271,0.0007399,0.00672,-1.0,0.01527,-0.349,0.44,0.386,0.541
0.0152,0.01508,7.6,3.3612599373,2.6006386916,3.36,2.132,4.1263,4.289,1.0,0.0,0.538,0.0,0.0,0.0,0.0,0.0,-1.0,-9.999999999999999e-31,0.0,0.7092,0.2755,0.00271,0.0007399,0.00672,-1.0,0.01527,-0.561,0.301,0.243,0.41
0.0152,0.01508,7.6,3.4000000954,2.6011310876,3.398,2.152,4.1293,4.286,1.0,0.0,0.538,0.0,0.0,0.0,0.0,0.0,-1.0,-9.999999999999999e-31,0.0,0.7092,0.2755,0.00271,0.0007399,0.00672,-1.0,0.01527,-0.611,0.269,0.209,0.379
0.0152,0.01508,7.6,3.5872430801,2.6033395779,3.585,2.245,4.1435,4.274,1.0,0.0,0.538,0.0,0.0,0.0,0.0,0.0,-1.0,-9.999999999999999e-31,0.0,0.7092,0.2755,0.00271,0.0007399,0.00672,-1.0,0.01527,-0.842,0.116,0.053,0.235
0.0152,0.01508,7.6,3.6000001431,2.6034804607,3.598,2.251,4.1445,4.273,1.0,0.0,0.538,0.0,0.0,0.0,0.0,0.0,-1.0,-9.999999999999999e-31,0.0,0.7092,0.2755,0.00271,0.0007399,0.00672,-1.0,0.01527,-0.858,0.106,0.042,0.225
0.0152,0.01508,7.6,3.8000001907,2.6055477311,3.798,2.345,4.1586,4.259,1.0,0.0,0.538,0.0,0.0,0.0,0.0,0.0,-1.0,-9.999999999999999e-31,0.0,0.7092,0.2755,0.00271,0.0007399,0.00672,-1.0,0.01527,-1.092,-0.047,-0.116,0.079
0.0152,0.01508,7.6,4.0,2.607379084,4.001,2.434,4.1717,4.245,1.0,0.0,0.538,0.0,0.0,0.0,0.0,0.0,-1.0,-9.999999999999999e-31,0.0,0.7092,0.2755,0.00271,0.0007399,0.00672,-1.0,0.01527,-1.316,-0.195,-0.268,-0.061
0.0152,0.01508,7.6,4.019867897,2.6075496017,4.02,2.443,4.173,4.243,1.0,0.0,0.538,0.0,0.0,0.0,0.0,0.0,-1.0,-9.999999999999999e-31,0.0,0.7092,0.2755,0.00271,0.0007399,0.00672,-1.0,0.01527,-1.338,-0.21,-0.283,-0.075
0.0152,0.01508,7.6,4.1999998093,2.6090113217,4.198,2.52,4.1841,4.229,1.0,0.0,0.538,0.0,0.0,0.0,0.0,0.0,-1.0,-9.999999999999999e-31,0.0,0.7092,0.2755,0.00271,0.0007399,0.00672,-1.0,0.01527,-1.531,-0.338,-0.414,-0.197
0.0152,0.01508,7.6,4.3896212578,2.6104019587,4.387,2.599,4.1951,4.214,1.0,0.0,0.538,0.0,0.0,0.0,0.0,0.0,-1.0,-9.999999999999999e-31,0.0,0.7092,0.2755,0.00271,0.0007399,0.00672,-1.0,0.01527,-1.727,-0.47,-0.549,-0.322
0.0152,0.01508,7.6,4.4000000954,2.6104741055,4.397,2.603,4.1957,4.213,1.0,0.0,0.538,0.0,0.0,0.0,0.0,0.0,-1.0,-9.999999999999999e-31,0.0,0.7092,0.2755,0.00271,0.0007399,0.00672,-1.0,0.01527,-1.737,-0.477,-0.557,-0.329
0.0152,0.01508,7.6,4.4006233215,2.6104784253,4.398,2.603,4.1957,4.213,1.0,0.0,0.538,0.0,0.0,0.0,0.0,0.0,-1.0,-9.999999999999999e-31,0.0,0.7092,0.2755,0.00271,0.0007399,0.00672,-1.0,0.01527,-1.738,-0.477,-0.557,-0.33
0.0152,0.01508,7.6,4.5762619972,2.611642123,4.573,2.673,4.2052,4.198,1.0,0.0,0.538,0.0,0.0,0.0,0.0,0.0,-1.0,-9.999999999999999e-31,0.0,0.7092,0.2755,0.00271,0.0007399,0.00672,-1.0,0.01527,-1.913,-0.597,-0.68,-0.444
0.0152,0.01508,7.6,4.5999999046,2.6117915791,4.597,2.682,4.2064,4.196,1.0,0.0,0.538,0.0,0.0,0.0,0.0,0.0,-1.0,-9.999999999999999e-31,0.0,0.7092,0.2755,0.00271,0.0007399,0.00672,-1.0,0.01527,-1.936,-0.613,-0.696,-0.46
0.0152,0.01508,7.6,4.8000001907,2.6129836005,4.798,2.76,4.2164,4.177,1.0,0.0,0.538,0.0,0.0,0.0,0.0,0.0,-1.0,-9.999999999999999e-31,0.0,0.7092,0.2755,0.00271,0.0007399,0.00672,-1.0,0.01527,-2.13,-0.749,-0.835,-0.589
0.0152,0.01508,7.6,4.8766155243,2.6134105582,4.875,2.789,4.22,4.169,1.0,0.0,0.538,0.0,0.0,0.0,0.0,0.0,-1.0,-9.999999999999999e-31,0.0,0.7092,0.2755,0.00271,0.0007399,0.00672,-1.0,0.01527,-2.202,-0.8,-0.887,-0.638
0.0152,0.01508,7.6,5.0,2.6140666223,4.999,2.835,4.2257,4.156,1.0,0.0,0.538,0.0,0.0,0.0,0.0,0.0,-1.0,-9.999999999999999e-31,0.0,0.7092,0.2755,0.00271,0.0007399,0.00672,-1.0,0.01527,-2.318,-0.883,-0.971,-0.718
0.0152,0.01508,7.6,5.1354784966,2.6147453968,5.135,2.885,4.2317,4.142,1.0,0.0,0.538,0.0,0.0,0.0,0.0,0.0,-1.0,-9.999999999999999e-31,0.0,0.7092,0.2755,0.00271,0.0007399,0.00672,-1.0,0.01527,-2.443,-0.972,-1.063,-0.804
0.0152,0.01508,7.6,5.1999998093,2.6150544,5.2,2.909,4.2344,4.135,1.0,0.0,0.538,0.0,0.0,0.0,0.0,0.0,-1.0,-9.999999999999999e-31,0.0,0.7092,0.2755,0.00271,0.0007399,0.00672,-1.0,0.01527,-2.502,-1.015,-1.107,-0.845
0.0152,0.01508,7.6,5.3844075203,2.6158907953,5.385,2.975,4.2419,4.114,1.0,0.0,0.538,0.0,0.0,0.0,0.0,0.0,-1.0,-9.999999999999999e-31,0.0,0.7092,0.2755,0.00271,0.0007399,0.00672,-1.0,0.01527,-2.667,-1.137,-1.231,-0.963
0.0152,0.01508,7.6,5.3999996185,2.6159585084,5.401,2.98,4.2425,4.112,1.0,0.0,0.538,0.0,0.0,0.0,0.0,0.0,-1.0,-9.999999999999999e-31,0.0,0.7092,0.2755,0.00271,0.0007399,0.00672,-1.0,0.01527,-2.681,-1.148,-1.241,-0.973
0.0152,0.01508,7.6,5.5999994278,2.6167887546,5.601,3.051,4.2497,4.087,1.0,0.0,0.538,0.0,0.0,0.0,0.0,0.0,-1.0,-9.999999999999999e-31,0.0,0.7092,0.2755,0.00271,0.0007399,0.00672,-1.0,0.01527,-2.856,-1.281,-1.377,-1.103
0.0152,0.01508,7.6,5.6644206047,2.6170418679,5.665,3.073,4.2519,4.078,1.0,0.0,0.538,0.0,0.0,0.0,0.0,0.0,-1.0,-9.999999999999999e-31,0.0,0.7092,0.2755,0.00271,0.0007399,0.00672,-1.0,0.01527,-2.912,-1.325,-1.422,-1.145
0.0152,0.01508,7.6,5.8000001907,2.6175535027,5.801,3.12,4.2561,4.058,1.0,0.0,0.538,0.0,0.0,0.0,0.0,0.0,-1.0,-9.999999999999999e-31,0.0,0.7092,0.2755,0.00271,0.0007399,0.00672,-1.0,0.01527,-3.031,-1.42,-1.517,-1.237
0.0152,0.01508,7.6,5.9866580963,2.6182144766,5.987,3.185,4.2614,4.028,1.0,0.0,0.538,0.0,0.0,0.0,0.0,0.0,-1.0,-9.999999999999999e-31,0.0,0.7092,0.2755,0.00271,0.0007399,0.00672,-1.0,0.01527,-3.193,-1.551,-1.651,-1.365
0.0152,0.01508,7.6,6.0,2.6182599138,6.0,3.19,4.2617,4.025,1.0,0.0,0.538,0.0,0.0,0.0,0.0,0.0,-1.0,-9.999999999999999e-31,0.0,0.7092,0.2755,0.00271,0.0007399,0.00672,-1.0,0.01527,-3.204,-1.561,-1.661,-1.375
0.0152,0.01508,7.6,6.1569046974,2.618777322,6.157,3.243,4.2654,3.998,1.0,0.0,0.538,0.0,0.0,0.0,0.0,0.0,-1.0,-9.999999999999999e-31,0.0,0.7092,0.2755,0.00271,0.0007399,0.00672,-1.0,0.01527,-3.338,-1.674,-1.775,-1.486
0.0152,0.01508,7.6,6.1999998093,2.6189141709,6.2,3.258,4.2663,3.99,1.0,0.0,0.538,0.0,0.0,0.0,0.0,0.0,-1.0,-9.999999999999999e-31,0.0,0.7092,0.2755,0.00271,0.0007399,0.00672,-1.0,0.01527,-3.375,-1.706,-1.807,-1.517
0.0152,0.01508,7.6,6.279253006,2.6191602099,6.279,3.285,4.2679,3.975,1.0,0.0,0.538,0.0,0.0,0.0,0.0,0.0,-1.0,-9.999999999999999e-31,0.0,0.7092,0.2755,0.00271,0.0007399,0.00672,-1.0,0.01527,-3.442,-1.764,-1.866,-1.575
0.0152,0.01508,7.6,6.4000000954,2.6195216279,6.399,3.326,4.2696,3.948,1.0,0.0,0.538,0.0,0.0,0.0,0.0,0.0,-1.0,-9.999999999999999e-31,0.0,0.7092,0.2755,0.00271,0.0007399,0.00672,-1.0,0.01527,-3.546,-1.859,-1.961,-1.668
0.0152,0.01508,7.6,6.4688391685,2.6197207452,6.467,3.35,4.2705,3.933,1.0,0.0,0.538,0.0,0.0,0.0,0.0,0.0,-1.0,-9.999999999999999e-31,0.0,0.7092,0.2755,0.00271,0.0007399,0.00672,-1.0,0.01527,-3.604,-1.913,-2.015,-1.722
0.0152,0.01508,7.6,6.6143789291,2.6201260715,6.612,3.399,4.2715,3.897,1.0,0.0,0.538,0.0,0.0,0.0,0.0,0.0,-1.0,-9.999999999999999e-31,0.0,0.7092,0.2755,0.00271,0.0007399,0.00672,-1.0,0.01527,-3.729,-2.032,-2.135,-1.84
0.0152,0.01508,7.6,6.7584261894,2.6205075374,6.755,3.449,4.2717,3.857,1.0,0.0,0.538,0.0,0.0,0.0,0.0,0.0,-1.0,-9.999999999999999e-31,0.0,0.7092,0.2755,0.00271,0.0007399,0.00672,-1.0,0.01527,-3.853,-2.156,-2.259,-1.964
0.0152,0.01508,7.6,6.8890628815,2.6208376735,6.885,3.495,4.2706,3.815,1.0,0.0,0.538,0.0,0.0,0.0,0.0,0.0,-1.0,-9.999999999999999e-31,0.0,0.7092,0.2755,0.00271,0.0007399,0.00672,-1.0,0.01527,-3.968,-2.279,-2.381,-2.087
0.0152,0.01508,7.6,6.9981603622,2.621102543,6.993,3.534,4.2685,3.775,1.0,0.0,0.538,0.0,0.0,0.0,0.0,0.0,-1.0,-9.999999999999999e-31,0.0,0.7092,0.2755,0.00271,0.0007399,0.00672,-1.0,0.01527,-4.066,-2.39,-2.492,-2.2
0.0152,0.01508,7.6,7.0,2.621106928,6.996,3.535,4.2685,3.774,1.0,0.0,0.538,0.0,0.0,0.0,0.0,0.0,-1.0,-9.999999999999999e-31,0.0,0.7092,0.2755,0.00271,0.0007399,0.00672,-1.0,0.01527,-4.067,-2.392,-2.494,-2.202
0.0152,0.01508,7.6,7.1360669136,2.6214240646,7.133,3.583,4.2647,3.72,1.0,0.0,0.538,0.0,0.0,0.0,0.0,0.0,-1.0,-9.999999999999999e-31,0.0,0.7092,0.2755,0.00271,0.0007399,0.00672,-1.0,0.01527,-4.187,-2.534,-2.635,-2.346
0.0152,0.01508,7.6,7.2580022812,2.621696677,7.255,3.627,4.2593,3.661,1.0,0.0,0.538,0.0,0.0,0.0,0.0,0.0,-1.0,-9.999999999999999e-31,0.0,0.7092,0.2755,0.00271,0.0007399,0.00672,-1.0,0.01527,-4.296,-2.676,-2.776,-2.491
0.0152,0.01508,7.6,7.3573989868,2.6219112285,7.355,3.663,4.2532,3.606,1.0,0.0,0.538,0.0,0.0,0.0,0.0,0.0,-1.0,-9.999999999999999e-31,0.0,0.7092,0.2755,0.00271,0.0007399,0.00672,-1.0,0.01527,-4.388,-2.805,-2.904,-2.624
0.0152,0.01508,7.6,7.4525132179,2.6221103858,7.451,3.699,4.2461,3.547,1.0,0.0,0.538,0.0,0.0,0.0,0.0,0.0,-1.0,-9.999999999999999e-31,0.0,0.7092,0.2755,0.00271,0.0007399,0.00672,-1.0,0.01527,-4.478,-2.937,-3.033,-2.76
0.0152,0.01508,7.6,7.5342774391,2.6222769756,7.533,3.732,4.2387,3.49,1.0,0.0,0.538,0.0,0.0,0.0,0.0,0.0,-1.0,-9.999999999999999e-31,0.0,0.7092,0.2755,0.00271,0.0007399,0.00672,-1.0,0.01527,-4.559,-3.062,-3.157,-2.889
0.0152,0.01508,7.6,7.6148409843,2.6224371016,7.614,3.766,4.2318,3.432,1.0,0.0,0.538,0.0,0.0,0.0,0.0,0.0,-1.0,-9.999999999999999e-31,0.0,0.7092,0.2755,0.00271,0.0007399,0.00672,-1.0,0.01527,-4.646,-3.19,-3.283,-3.021
0.0152,0.01508,7.6,7.6437177658,2.6224935522,7.643,3.78,4.2305,3.415,1.0,0.0,0.538,0.0,0.0,0.0,0.0,0.0,-1.0,-9.999999999999999e-31,0.0,0.7092,0.2755,0.00271,0.0007399,0.00672,-1.0,0.01527,-4.68,-3.232,-3.324,-3.064
0.0152,0.01508,7.6,7.670548439,2.6225455651,7.67,3.797,4.2366,3.424,1.0,0.0,0.538,0.0,0.0,0.0,0.0,0.0,-1.0,-9.999999999999999e-31,0.0,0.7092,0.2755,0.00271,0.0007399,0.00672,-1.0,0.01527,-4.723,-3.24,-3.333,-3.068
0.0152,0.01508,7.6,7.6887831688,2.622580676,7.688,3.814,4.2473,3.451,1.0,0.0,0.538,0.0,0.0,0.0,0.0,0.0,-1.0,-9.999999999999999e-31,0.0,0.7092,0.2755,0.00271,0.0007399,0.00672,-1.0,0.01527,-4.766,-3.22,-3.317,-3.043
0.0152,0.01508,7.6,7.6948142052,2.6225922467,7.694,3.827,4.2579,3.481,1.0,0.0,0.538,0.0,0.0,0.0,0.0,0.0,-1.0,-9.999999999999999e-31,0.0,0.7092,0.2755,0.00271,0.0007399,0.00672,-1.0,0.01527,-4.798,-3.191,-3.291,-3.007
0.0152,0.01508,7.6,7.697619915,2.6225976224,7.697,3.841,4.2684,3.509,1.0,0.0,0.538,0.0,0.0,0.0,0.0,0.0,-1.0,-9.999999999999999e-31,0.0,0.7092,0.2755,0.00271,0.0007399,0.00672,-1.0,0.01527,-4.833,-3.165,-3.268,-2.975
0.0152,0.01508,7.6,7.699007988,2.6226002802,7.698,3.856,4.2776,3.531,1.0,0.0,0.538,0.0,0.0,0.0,0.0,0.0,-1.0,-9.999999999999999e-31,0.0,0.7092,0.2755,0.00271,0.0007399,0.00672,-1.0,0.01527,-4.87,-3.149,-3.255,-2.954
0.0152,0.01508,7.6,7.6999111176,2.6226020089,7.699,3.872,4.2863,3.549,1.0,0.0,0.538,0.0,0.0,0.0,0.0,0.0,-1.0,-9.999999999999999e-31,0.0,0.7092,0.2755,0.00271,0.0007399,0.00672,-1.0,0.01527,-4.911,-3.141,-3.249,-2.941
0.0152,0.01508,7.6,7.7000188828,2.6226022152,7.7,3.874,4.2871,3.551,1.0,0.0,0.538,0.0,0.0,0.0,0.0,0.0,-1.0,-9.999999999999999e-31,0.0,0.7092,0.2755,0.00271,0.0007399,0.00672,-1.0,0.01527,-4.914,-3.14,-3.248,-2.939
0.0152,0.01508,7.6,7.7004070282,2.622602958,7.7,3.852,4.2802,3.545,2.0,0.0,0.538,0.0,0.0,0.0,0.0,0.0,-1.0,-9.999999999999999e-31,0.0,0.7092,0.2755,0.00271,0.0007399,0.00672,-1.0,0.01527,-4.861,-3.125,-3.231,-2.928
0.0152,0.01508,7.6,7.7007112503,2.6226035401,7.7,3.834,4.2721,3.53,2.0,0.0,0.538,0.0,0.0,0.0,0.0,0.0,-1.0,-9.999999999999999e-31,0.0,0.7092,0.2755,0.00271,0.0007399,0.00672,-1.0,0.01527,-4.816,-3.127,-3.231,-2.934
0.0152,0.01508,7.6,7.7009673119,2.62260403,7.7,3.822,4.2625,3.504,2.0,0.0,0.538,0.0,0.0,0.0,0.0,0.0,-1.0,-9.999999999999999e-31,0.0,0.7092,0.2755,0.00271,0.0007399,0.00672,-1.0,0.01527,-4.786,-3.152,-3.253,-2.965
0.0152,0.01508,7.6,7.7012610435,2.622604592,7.701,3.817,4.2501,3.46,2.0,0.0,0.538,0.0,0.0,0.0,0.0,0.0,-1.0,-9.999999999999999e-31,0.0,0.7092,0.2755,0.00271,0.0007399,0.00672,-1.0,0.01527,-4.773,-3.211,-3.308,-3.031
0.0152,0.01508,7.6,7.7015380859,2.622605122,7.701,3.822,4.238,3.407,2.0,0.0,0.538,0.0,0.0,0.0,0.0,0.0,-1.0,-9.999999999999999e-31,0.0,0.7092,0.2755,0.00271,0.0007399,0.00672,-1.0,0.01527,-4.785,-3.294,-3.388,-3.121
0.0152,0.01508,7.6,7.70181036,2.6226056428,7.701,3.83,4.2261,3.351,2.0,0.0,0.538,0.0,0.0,0.0,0.0,0.0,-1.0,-9.999999999999999e-31,0.0,0.7092,0.2755,0.00271,0.0007399,0.00672,-1.0,0.01527,-4.805,-3.384,-3.475,-3.219
0.0152,0.01508,7.6,7.7020792961,2.6226061572,7.702,3.839,4.2142,3.294,2.0,0.0,0.538,0.0,0.0,0.0,0.0,0.0,-1.0,-9.999999999999999e-31,0.0,0.7092,0.2755,0.00271,0.0007399,0.00672,-1.0,0.01527,-4.827,-3.476,-3.563,-3.318
0.0152,0.01508,7.6,7.7023458481,2.622606667,7.702,3.847,4.2023,3.239,2.0,0.0,0.538,0.0,0.0,0.0,0.0,0.0,-1.0,-9.999999999999999e-31,0.0,0.7092,0.2755,0.00271,0.0007399,0.00672,-1.0,0.01527,-4.847,-3.565,-3.649,-3.414
0.0152,0.01508,7.6,7.7026090622,2.6226071704,7.702,3.853,4.1903,3.185,2.0,0.0,0.538,0.0,0.0,0.0,0.0,0.0,-1.0,-9.999999999999999e-31,0.0,0.7092,0.2755,0.00271,0.0007399,0.00672,-1.0,0.01527,-4.862,-3.65,-3.73,-3.506
0.0152,0.01508,7.6,7.7028675079,2.6226076646,7.702,3.858,4.1784,3.132,2.0,0.0,0.538,0.0,0.0,0.0,0.0,0.0,-1.0,-9.999999999999999e-31,0.0,0.7092,0.2755,0.00271,0.0007399,0.00672,-1.0,0.01527,-4.874,-3.731,-3.808,-3.595
0.0152,0.01508,7.6,7.7031188011,2.6226081451,7.703,3.861,4.1665,3.081,2.0,0.0,0.538,0.0,0.0,0.0,0.0,0.0,-1.0,-9.999999999999999e-31,0.0,0.7092,0.2755,0.00271,0.0007399,0.00672,-1.0,0.01527,-4.883,-3.808,-3.881,-3.679
0.0152,0.01508,7.6,7.7033638954,2.6226086137,7.703,3.863,4.1545,3.031,2.0,0.0,0.538,0.0,0.0,0.0,0.0,0.0,-1.0,-9.999999999999999e-31,0.0,0.7092,0.2755,0.00271,0.0007399,0.00672,-1.0,0.01527,-4.889,-3.883,-3.952,-3.761
0.0152,0.01508,7.6,7.7035999298,2.622609065,7.703,3.865,4.1426,2.982,2.0,0.0,0.538,0.0,0.0,0.0,0.0,0.0,-1.0,-9.999999999999999e-31,0.0,0.7092,0.2755,0.00271,0.0007399,0.00672,-1.0,0.01527,-4.892,-3.954,-4.02,-3.84
0.0152,0.01508,7.6,7.7038850784,2.6226096101,7.703,3.866,4.1276,2.921,2.0,0.0,0.538,0.0,0.0,0.0,0.0,0.0,-1.0,-9.999999999999999e-31,0.0,0.7092,0.2755,0.00271,0.0007399,0.00672,-1.0,0.01527,-4.894,-4.04,-4.101,-3.936
0.0152,0.01508,7.6,7.7041025162,2.6226100257,7.704,3.866,4.1157,2.874,2.0,0.0,0.538,0.0,0.0,0.0,0.0,0.0,-1.0,-9.999999999999999e-31,0.0,0.7092,0.2755,0.00271,0.0007399,0.00672,-1.0,0.01527,-4.894,-4.106,-4.163,-4.009
0.0152,0.01508,7.6,7.704310894,2.622610424,7.704,3.865,4.1038,2.827,2.0,0.0,0.538,0.0,0.0,0.0,0.0,0.0,-1.0,-9.999999999999999e-31,0.0,0.7092,0.2755,0.00271,0.0007399,0.00672,-1.0,0.01527,-4.892,-4.17,-4.223,-4.081
0.0152,0.01508,7.6,7.7045111656,2.6226108068,7.704,3.864,4.0918,2.78,2.0,0.0,0.538,0.0,0.0,0.0,0.0,0.0,-1.0,-9.999999999999999e-31,0.0,0.7092,0.2755,0.00271,0.0007399,0.00672,-1.0,0.01527,-4.889,-4.231,-4.28,-4.15
0.0152,0.01508,7.6,7.7047028542,2.6226111731,7.704,3.862,4.0798,2.734,2.0,0.0,0.538,0.0,0.0,0.0,0.0,0.0,-1.0,-9.999999999999999e-31,0.0,0.7092,0.2755,0.00271,0.0007399,0.00672,-1.0,0.01527,-4.885,-4.291,-4.335,-4.218
0.0152,0.01508,7.6,7.7048854828,2.6226115222,7.704,3.86,4.0678,2.688,2.0,0.0,0.538,0.0,0.0,0.0,0.0,0.0,-1.0,-9.999999999999999e-31,0.0,0.7092,0.2755,0.00271,0.0007399,0.00672,-1.0,0.01527,-4.879,-4.348,-4.388,-4.282
0.0152,0.01508,7.6,7.7050600052,2.6226118557,7.705,3.857,4.0558,2.643,2.0,0.0,0.538,0.0,0.0,0.0,0.0,0.0,-1.0,-9.999999999999999e-31,0.0,0.7092,0.2755,0.00271,0.0007399,0.00672,-1.0,0.01527,-4.873,-4.402,-4.438,-4.345
0.0152,0.01508,7.6,7.7052264214,2.6226121737,7.705,3.854,4.0438,2.598,2.0,0.0,0.538,0.0,0.0,0.0,0.0,0.0,-1.0,-9.999999999999999e-31,0.0,0.7092,0.2755,0.00271,0.0007399,0.00672,-1.0,0.01527,-4.865,-4.454,-4.486,-4.405
0.0152,0.01508,7.6,7.7053847313,2.6226124762,7.705,3.851,4.0319,2.554,2.0,0.0,0.538,0.0,0.0,0.0,0.0,0.0,-1.0,-9.999999999999999e-31,0.0,0.7092,0.2755,0.00271,0.0007399,0.00672,-1.0,0.01527,-4.857,-4.504,-4.532,-4.463
0.0152,0.01508,7.6,7.7055354118,2.6226127641,7.705,3.847,4.0199,2.509,2.0,0.0,0.538,0.0,0.0,0.0,0.0,0.0,-1.0,-9.999999999999999e-31,0.0,0.7092,0.2755,0.00271,0.0007399,0.00672,-1.0,0.01527,-4.848,-4.552,-4.575,-4.518
0.0152,0.01508,7.6,7.7056789398,2.6226130383,7.705,3.843,4.0079,2.465,2.0,0.0,0.538,0.0,0.0,0.0,0.0,0.0,-1.0,-9.999999999999999e-31,0.0,0.7092,0.2755,0.00271,0.0007399,0.00672,-1.0,0.01527,-4.838,-4.597,-4.616,-4.572
0.0152,0.01508,7.6,7.7058153152,2.6226132989,7.705,3.839,3.9959,2.421,2.0,0.0,0.538,0.0,0.0,0.0,0.0,0.0,-1.0,-9.999999999999999e-31,0.0,0.7092,0.2755,0.00271,0.0007399,0.00672,-1.0,0.01527,-4.828,-4.64,-4.654,-4.624
0.0152,0.01508,7.6,7.705945015,2.6226135466,7.706,3.835,3.984,2.378,2.0,0.0,0.538,0.0,0.0,0.0,0.0,0.0,-1.0,-9.999999999999999e-31,0.0,0.7092,0.2755,0.00271,0.0007399,0.00672,-1.0,0.01527,-4.817,-4.68,-4.689,-4.674
0.0152,0.01508,7.6,7.7060689926,2.6226137835,7.706,3.83,3.972,2.335,2.0,0.0,0.538,0.0,0.0,0.0,0.0,0.0,-1.0,-9.999999999999999e-31,0.0,0.7092,0.2755,0.00271,0.0007399,0.00672,-1.0,0.01527,-4.806,-4.719,-4.723,-4.722
0.0152,0.01508,7.6,7.7061877251,2.6226140103,7.706,3.826,3.96,2.291,2.0,0.0,0.538,0.0,0.0,0.0,0.0,0.0,-1.0,-9.999999999999999e-31,0.0,0.7092,0.2755,0.00271,0.0007399,0.00672,-1.0,0.01527,-4.794,-4.756,-4.754,-4.769
0.0152,0.01508,7.6,7.7062997818,2.6226142244,7.706,3.821,3.9481,2.248,2.0,0.0,0.538,0.0,0.0,0.0,0.0,0.0,-1.0,-9.999999999999999e-31,0.0,0.7092,0.2755,0.00271,0.0007399,0.00672,-1.0,0.01527,-4.782,-4.788,-4.78,-4.814
0.0152,0.01508,7.6,7.706407547,2.6226144302,7.706,3.816,3.9361,2.206,2.0,0.0,0.538,0.0,0.0,0.0,0.0,0.0,-1.0,-9.999999999999999e-31,0.0,0.7092,0.2755,0.00271,0.0007399,0.00672,-1.0,0.01527,-4.769,-4.817,-4.802,-4.856
0.0152,0.01508,7.6,7.7065105438,2.6226146269,7.706,3.81,3.9241,2.163,2.0,0.0,0.538,0.0,0.0,0.0,0.0,0.0,-1.0,-9.999999999999999e-31,0.0,0.7092,0.2755,0.00271,0.0007399,0.00672,-1.0,0.01527,-4.756,-4.84,-4.816,-4.896
0.0152,0.01508,7.6,7.7066087723,2.6226148146,7.706,3.805,3.9121,2.12,2.0,0.0,0.538,0.0,0.0,0.0,0.0,0.0,-1.0,-9.999999999999999e-31,0.0,0.7092,0.2755,0.00271,0.0007399,0.00672,-1.0,0.01527,-4.743,-4.857,-4.822,-4.933
0.0152,0.01508,7.6,7.7067017555,2.6226149922,7.706,3.8,3.9001,2.078,2.0,0.0,0.538,0.0,0.0,0.0,0.0,0.0,-1.0,-9.999999999999999e-31,0.0,0.7092,0.2755,0.00271,0.0007399,0.00672,-1.0,0.01527,-4.729,-4.868,-4.82,-4.967
0.0152,0.01508,7.6,7.7067904472,2.6226151616,7.706,3.794,3.8881,2.035,2.0,0.0,0.538,0.0,0.0,0.0,0.0,0.0,-1.0,-9.999999999999999e-31,0.0,0.7092,0.2755,0.00271,0.0007399,0.00672,-1.0,0.01527,-4.715,-4.872,-4.809,-4.997
0.0152,0.01508,7.6,7.7068743706,2.6226153219,7.706,3.788,3.8761,1.993,2.0,0.0,0.538,0.0,0.0,0.0,0.0,0.0,-1.0,-9.999999999999999e-31,0.0,0.7092,0.2755,0.00271,0.0007399,0.00672,-1.0,0.01527,-4.701,-4.87,-4.79,-5.025
0.0152,0.01508,7.6,7.7069549561,2.6226154758,7.706,3.783,3.8641,1.951,2.0,0.0,0.538,0.0,0.0,0.0,0.0,0.0,-1.0,-9.999999999999999e-31,0.0,0.7092,0.2755,0.00271,0.0007399,0.00672,-1.0,0.01527,-4.687,-4.864,-4.766,-5.051
0.0152,0.01508,7.6,7.7070493698,2.6226156561,7.707,3.775,3.8491,1.898,2.0,0.0,0.538,0.0,0.0,0.0,0.0,0.0,-1.0,-9.999999999999999e-31,0.0,0.7092,0.2755,0.00271,0.0007399,0.00672,-1.0,0.01527,-4.668,-4.852,-4.726,-5.083
0.0152,0.01508,7.6,7.7071208954,2.6226157927,7.707,3.769,3.8371,1.856,2.0,0.0,0.538,0.0,0.0,0.0,0.0,0.0,-1.0,-9.999999999999999e-31,0.0,0.7092,0.2755,0.00271,0.0007399,0.00672,-1.0,0.01527,-4.653,-4.839,-4.689,-5.106
0.0152,0.01508,7.6,7.7071890831,2.6226159229,7.707,3.763,3.8251,1.815,2.0,0.0,0.538,0.0,0.0,0.0,0.0,0.0,-1.0,-9.999999999999999e-31,0.0,0.7092,0.2755,0.00271,0.0007399,0.00672,-1.0,0.01527,-4.637,-4.823,-4.649,-5.126
0.0152,0.01508,7.6,7.7072529793,2.6226160449,7.707,3.757,3.8133,1.773,2.0,0.0,0.538,0.0,0.0,0.0,0.0,0.0,-1.0,-9.999999999999999e-31,0.0,0.7092,0.2755,0.00271,0.0007399,0.00672,-1.0,0.01527,-4.622,-4.804,-4.605,-5.142
0.0152,0.01508,7.6,7.7073154449,2.6226161642,7.707,3.75,3.8013,1.732,2.0,0.0,0.538,0.0,0.0,0.0,0.0,0.0,-1.0,-9.999999999999999e-31,0.0,0.7092,0.2755,0.00271,0.0007399,0.00672,-1.0,0.01527,-4.605,-4.784,-4.557,-5.158
0.0152,0.01508,7.6,7.7073731422,2.6226162744,7.707,3.743,3.7894,1.691,2.0,0.0,0.538,0.0,0.0,0.0,0.0,0.0,-1.0,-9.999999999999999e-31,0.0,0.7092,0.2755,0.00271,0.0007399,0.00672,-1.0,0.01527,-4.589,-4.76,-4.506,-5.169
0.0152,0.01508,7.6,7.707429409,2.6226163818,7.707,3.737,3.7774,1.65,2.0,0.0,0.538,0.0,0.0,0.0,0.0,0.0,-1.0,-9.999999999999999e-31,0.0,0.7092,0.2755,0.00271,0.0007399,0.00672,-1.0,0.01527,-4.571,-4.734,-4.448,-5.181
0.0152,0.01508,7.6,7.7074947357,2.6226165066,7.707,3.728,3.7626,1.6,2.0,0.0,0.538,0.0,0.0,0.0,0.0,0.0,-1.0,-9.999999999999999e-31,0.0,0.7092,0.2755,0.00271,0.0007399,0.00672,-1.0,0.01527,-4.549,-4.696,-4.368,-5.189
0.0152,0.01508,7.6,7.7075443268,2.6226166013,7.707,3.72,3.7507,1.559,2.0,0.0,0.538,0.0,0.0,0.0,0.0,0.0,-1.0,-9.999999999999999e-31,0.0,0.7092,0.2755,0.00271,0.0007399,0.00672,-1.0,0.01527,-4.531,-4.662,-4.304,-5.188
0.0152,0.01508,7.6,7.7075920105,2.6226166923,7.707,3.712,3.7388,1.52,2.0,0.0,0.538,0.0,0.0,0.0,0.0,0.0,-1.0,-9.999999999999999e-31,0.0,0.7092,0.2755,0.00271,0.0007399,0.00672,-1.0,0.01527,-4.511,-4.624,-4.234,-5.182
0.0152,0.01508,7.6,7.70763731,2.6226167788,7.707,3.704,3.727,1.481,2.0,0.0,0.538,0.0,0.0,0.0,0.0,0.0,-1.0,-9.999999999999999e-31,0.0,0.7092,0.2755,0.00271,0.0007399,0.00672,-1.0,0.01527,-4.491,-4.581,-4.16,-5.168
0.0152,0.01508,7.6,7.7076807022,2.6226168617,7.707,3.696,3.7157,1.444,2.0,0.0,0.538,0.0,0.0,0.0,0.0,0.0,-1.0,-9.999999999999999e-31,0.0,0.7092,0.2755,0.00271,0.0007399,0.00672,-1.0,0.01527,-4.47,-4.534,-4.083,-5.149
0.0152,0.01508,7.6,7.7077240944,2.6226169445,7.707,3.686,3.7045,1.408,2.0,0.0,0.538,0.0,0.0,0.0,0.0,0.0,-1.0,-9.999999999999999e-31,0.0,0.7092,0.2755,0.00271,0.0007399,0.00672,-1.0,0.01527,-4.446,-4.483,-4.003,-5.123
0.0152,0.01508,7.6,7.7077689171,2.6226170301,7.707,3.676,3.6935,1.375,2.0,0.0,0.538,0.0,0.0,0.0,0.0,0.0,-1.0,-9.999999999999999e-31,0.0,0.7092,0.2755,0.00271,0.0007399,0.00672,-1.0,0.01527,-4.419,-4.425,-3.917,-5.09
0.0152,0.01508,7.6,7.7078185081,2.6226171248,7.707,3.663,3.6829,1.346,2.0,0.0,0.538,0.0,0.0,0.0,0.0,0.0,-1.0,-9.999999999999999e-31,0.0,0.7092,0.2755,0.00271,0.0007399,0.00672,-1.0,0.01527,-4.386,-4.36,-3.825,-5.046
0.0152,0.01508,7.6,7.7078790665,2.6226172404,7.707,3.646,3.6729,1.323,2.0,0.0,0.538,0.0,0.0,0.0,0.0,0.0,-1.0,-9.999999999999999e-31,0.0,0.7092,0.2755,0.00271,0.0007399,0.00672,-1.0,0.01527,-4.344,-4.286,-3.731,-4.989
0.0152,0.01508,7.6,7.7079749107,2.6226174234,7.708,3.62,3.6628,1.308,2.0,0.0,0.538,0.0,0.0,0.0,0.0,0.0,-1.0,-9.999999999999999e-31,0.0,0.7092,0.2755,0.00271,0.0007399,0.00672,-1.0,0.01527,-4.281,-4.186,-3.61,-4.906
0.0152,0.01508,7.6,7.7080826759,2.6226176292,7.708,3.593,3.6543,1.301,2.0,0.0,0.538,0.0,0.0,0.0,0.0,0.0,-1.0,-9.999999999999999e-31,0.0,0.7092,0.2755,0.00271,0.0007399,0.00672,-1.0,0.01527,-4.214,-4.083,-3.486,-4.819
0.0152,0.01508,7.6,7.7082004547,2.622617854,7.708,3.573,3.6458,1.287,2.0,0.0,0.538,0.0,0.0,0.0,0.0,0.0,-1.0,-9.999999999999999e-31,0.0,0.7092,0.2755,0.00271,0.0007399,0.00672,-1.0,0.01527,-4.162,-3.991,-3.367,-4.747
0.0152,0.01508,7.6,7.7082433701,2.622617936,7.708,3.57,3.6426,1.278,2.0,0.0,0.538,0.0,0.0,0.0,0.0,0.0,-1.0,-9.999999999999999e-31,0.0,0.7092,0.2755,0.00271,0.0007399,0.00672,-1.0,0.01527,-4.154,-3.967,-3.334,-4.732
0.0152,0.01508,7.6,7.708325386,2.6226180925,7.708,3.583,3.6361,1.238,3.0,0.0,0.538,19.02,15.33,10.94,7.9,6.51,4.0,-9.999999999999999e-31,0.0,0.7092,0.2755,0.00271,0.00074,0.00672,-1.0,0.01527,-4.188,-3.968,-3.311,-4.748
0.0152,0.01508,7.6,7.7084150314,2.6226182637,7.708,3.625,3.628,1.165,3.0,0.0,0.536,22.44,17.51,12.42,8.98,7.41,4.0,-9.999999999999999e-31,0.0,0.7092,0.2755,0.002703,0.0007415,0.00672,-1.0,0.01527,-4.291,-4.027,-3.341,-4.829
0.0152,0.01508,7.6,7.7084774971,2.6226183829,7.708,3.668,3.6219,1.097,3.0,0.0,0.529,26.14,19.79,13.96,10.12,8.35,4.0,-9.999999999999999e-31,0.0,0.7092,0.2755,0.002666,0.0007568,0.00672,-1.0,0.01528,-4.399,-4.1,-3.39,-4.918
0.0152,0.01508,7.6,7.7085266113,2.6226184767,7.708,3.709,3.617,1.036,3.0,0.0,0.506,29.98,22.09,15.51,11.26,9.29,4.0,-9.999999999999999e-31,0.0,0.7091,0.2755,0.002549,0.0008567,0.00672,-1.0,0.01536,-4.502,-4.173,-3.442,-5.005
0.0152,0.01508,7.6,7.7085700035,2.6226185595,7.708,3.747,3.6126,0.98,3.0,0.0,0.475,33.96,24.43,17.07,12.41,10.25,4.0,-9.999999999999999e-31,0.0,0.7091,0.2756,0.002396,0.001031,0.00672,-1.0,0.01535,-4.598,-4.241,-3.49,-5.086
0.0152,0.01508,7.6,7.7085804939,2.6226185795,7.708,3.756,3.6116,0.967,3.0,0.0,0.468,34.98,25.01,17.46,12.7,10.49,4.0,-9.999999999999999e-31,0.0,0.7091,0.2756,0.002359,0.001075,0.00672,-1.0,0.01534,-4.62,-4.257,-3.501,-5.105
0.0152,0.01508,7.6,7.7086157799,2.6226186469,7.708,3.784,3.6087,0.928,3.0,0.0,0.45,38.23,26.87,18.69,13.61,11.24,4.0,-9.999999999999999e-31,0.0,0.7091,0.2756,0.002272,0.001182,0.00672,-1.0,0.01531,-4.69,-4.307,-3.537,-5.164
0.0152,0.01508,7.6,7.7086539268,2.6226187197,7.708,3.813,3.6057,0.887,3.0,0.0,0.435,41.92,28.93,20.06,14.62,12.08,4.0,-9.999999999999999e-31,0.0,0.7091,0.2756,0.002193,0.001279,0.00672,-1.0,0.0153,-4.763,-4.359,-3.574,-5.225
0.0152,0.01508,7.6,7.7086658478,2.6226187425,7.708,3.821,3.6049,0.876,3.0,0.0,0.432,42.95,29.5,20.44,14.9,12.31,4.0,-9.999999999999999e-31,0.0,0.709,0.2756,0.002177,0.001299,0.00672,-1.0,0.01533,-4.782,-4.372,-3.583,-5.241
0.0152,0.01508,7.6,7.7087221146,2.6226188499,7.708,3.851,3.6019,0.833,3.0,0.0,0.42,47.29,31.87,22.0,16.06,13.27,4.0,-9.999999999999999e-31,0.0,0.709,0.2756,0.002119,0.00137,0.00672,-1.0,0.01536,-4.858,-4.427,-3.622,-5.306
0.0152,0.01508,7.6,7.7088284492,2.6226190529,7.708,3.887,3.5983,0.783,3.0,0.0,0.409,52.95,34.91,24.0,17.54,14.5,4.0,-9.999999999999999e-31,0.0,0.709,0.2757,0.002059,0.001447,0.006716,-1.0,0.01537,-4.948,-4.49,-3.665,-5.381
0.0152,0.01508,7.6,7.709048748,2.6226194733,7.709,3.923,3.5947,0.733,3.0,0.0,0.4,59.22,38.19,26.16,19.14,15.82,4.0,-9.999999999999999e-31,0.0,0.7084,0.2762,0.002,0.001561,0.00667,-1.0,0.01537,-5.037,-4.55,-3.703,-5.454
0.0152,0.01508,7.6,7.7096800804,2.6226206782,7.709,3.969,3.59,0.669,3.0,0.0,0.395,68.46,42.92,29.23,21.43,17.72,4.0,-9.999999999999999e-31,0.0,0.705,0.2796,0.001918,0.001826,0.006481,-1.0,0.0154,-5.151,-4.627,-3.753,-5.548
0.0152,0.01508,7.6,7.7104287148,2.6226221067,7.71,4.012,3.5858,0.608,3.0,0.0,0.393,78.38,47.84,32.43,23.81,19.7,4.0,-9.999999999999999e-31,0.0,0.6992,0.2854,0.001851,0.00209,0.006275,-1.0,0.01536,-5.26,-4.697,-3.792,-5.634
0.0152,0.01508,7.6,7.7112174034,2.6226236112,7.711,4.054,3.5819,0.551,3.0,0.0,0.393,89.28,53.13,35.84,26.36,21.81,4.0,-9.999999999999999e-31,0.0,0.6921,0.2925,0.001798,0.00231,0.0061,-1.0,0.01535,-5.365,-4.766,-3.832,-5.719
0.0152,0.01508,7.6,7.7122340202,2.62262555,7.712,4.087,3.5789,0.506,3.0,0.0,0.393,98.7,57.59,38.71,28.5,23.59,4.0,-9.999999999999999e-31,0.0,0.6869,0.2978,0.001765,0.002445,0.005991,-1.0,0.01534,-5.447,-4.818,-3.86,-5.785
0.0152,0.01508,7.6,7.7143206596,2.6226295277,7.714,4.113,3.5765,0.47,3.0,0.0,0.393,106.96,61.43,41.18,30.34,25.12,4.0,-9.999999999999999e-31,0.0,0.6832,0.3015,0.001746,0.002526,0.005926,-1.0,0.0153,-5.513,-4.857,-3.874,-5.835
0.0152,0.01508,7.6,7.7223939896,2.6226448942,7.722,4.097,3.5784,0.494,4.0,0.0,0.393,0.0,0.0,0.0,0.0,0.0,-1.0,-9.999999999999999e-31,0.0,0.6833,0.3014,0.001746,0.002526,0.005926,-1.0,0.0153,-5.474,-4.839,-3.875,-5.808
0.0152,0.01508,7.6,7.7362661362,2.6226712119,7.736,4.065,3.5821,0.542,4.0,0.0,0.393,0.0,0.0,0.0,0.0,0.0,-1.0,-9.999999999999999e-31,0.0,0.6833,0.3014,0.001746,0.002526,0.005926,-1.0,0.0153,-5.391,-4.794,-3.86,-5.746
0.0152,0.01508,7.6,7.746515274,2.6226905865,7.746,4.034,3.5853,0.586,4.0,0.0,0.393,0.0,0.0,0.0,0.0,0.0,-1.0,-9.999999999999999e-31,0.0,0.6833,0.3014,0.001746,0.002526,0.005926,-1.0,0.01529,-5.315,-4.747,-3.838,-5.687
0.0152,0.01508,7.6,7.7555608749,2.6227076371,7.755,4.004,3.5886,0.63,4.0,0.0,0.393,0.0,0.0,0.0,0.0,0.0,-1.0,-9.999999999999999e-31,0.0,0.6833,0.3014,0.001746,0.002526,0.005926,-1.0,0.01529,-5.239,-4.701,-3.815,-5.628
0.0152,0.01508,7.6,7.765540123,2.6227263946,7.765,3.968,3.5924,0.681,4.0,0.0,0.393,0.0,0.0,0.0,0.0,0.0,-1.0,-9.999999999999999e-31,0.0,0.6833,0.3014,0.001746,0.002525,0.005926,-1.0,0.01529,-5.15,-4.644,-3.783,-5.557
0.0152,0.01508,7.6,7.7743034363,2.622742821,7.774,3.938,3.5957,0.726,4.0,0.0,0.393,0.0,0.0,0.0,0.0,0.0,-1.0,-9.999999999999999e-31,0.0,0.6833,0.3014,0.001746,0.002525,0.005926,-1.0,0.01529,-5.074,-4.595,-3.754,-5.496
